    #        ngroups         ntours         nspots
                  10              8             29

    #        spot_id         n_name         length              a              b
                   5         Spot_5             90              0           1440
                  10        Spot_10            120              0           1440
                  17        Spot_17             90              0           1440
                  23        Spot_23            210              0           1440
                  27        Spot_27             90              0           1440
                  32        Spot_32            150              0           1440
                  35        Spot_35            150              0           1440
                  49        Spot_49             60              0           1440
                  59        Spot_59            180              0           1440
                  66        Spot_66            120              0           1440
                  69        Spot_69            120              0           1440
                  79        Spot_79             60              0           1440
                  80        Spot_80            210              0           1440
                  85        Spot_85             90              0           1440
                  86        Spot_86            180              0           1440
                 101       Spot_101             60              0           1440
                 109       Spot_109            120              0           1440
                 110       Spot_110            180              0           1440
                 111       Spot_111            180              0           1440
                 123       Spot_123            210              0           1440
                 125      Hotel_125              0              0           1440
                 126      Hotel_126              0              0           1440
                 127      Hotel_127              0              0           1440
                 128      Hotel_128              0              0           1440
                 129      Hotel_129              0              0           1440
                 130      Hotel_130              0              0           1440
                 131      Hotel_131              0              0           1440
                 132      Hotel_132              0              0           1440
                 133      Hotel_133              0              0           1440

    #          tr_id        tr_name          nspot            seq
                  72        Tour_72              3             66             27            123
                  20        Tour_20              2             35             86
                  34        Tour_34              2            101             10
                  92        Tour_92              2             23             85
                  65        Tour_65              3             59            109             69
                  29        Tour_29              3             17            111            110
                  40        Tour_40              3             79             49              5
                  41        Tour_41              2             80             32

    #          gr_id        gr_size          tr_id         origin
                   0              9             72            133
                   1              2             20            133
                   2              2             34            127
                   3              5             92            128
                   4              8             65            126
                   5              8             29            125
                   6              5             40            129
                   7              4             41            131
                   8              1             41            130
                   9              3             92            132

    #            o/d              5             10             17             23             27             32             35             49             59             66             69             79             80             85             86            101            109            110            111            123            125            126            127            128            129            130            131            132            133
                  10             81
                  17             23            102
                  23             97             33            114
                  27             11             71             33             87
                  32             65            119             51            116             68
                  35            129             92            138             61            122            116
                  49            122            141            116            122            122             68             87
                  59             37             55             52             62             29             65             94            104
                  66             29             65             42             72             23             58            101            102             11
                  69             74             94             73             82             72             42             74             52             52             51
                  79             21             61             42             78             11             73            116            122             23             21             71
                  80            112            132            106            115            112             60             84             11             94             92             42            112
                  85             78             88             80             73             74             52             65             55             51             52             11             72             46
                  86            122            152            112            137            124             62            106             21            109            106             60            126             23             65
                 101            130             84            141             52            122            124             15            100             94            102             82            115             97             72            119
                 109             94             23            112             11             84            119             71            130             61             71             88             74            122             80            144             62
                 110            130            102            137             72            124            109             15             74             96            102             68            119             72             60             94             29             82
                 111             96             87            101             65             91             74             42             58             65             68             33             87             51             23             73             51             73             37
                 123             91             41            106             15             82            104             52            108             55             65             68             73            101             60            122             46             23             61             51
                 125             42            100             33            102             46             23            114             84             46             37             43             51             74             51             81            119            104            110             73             92
                 126             55             37             72             42             46             82             82            109             21             31             60             37            100             55            119             80             41             87             61             37             65
                 127             65             65             73             55             60             62             65             78             33             37             29             55             68             23             88             68             60             65             33             42             52             33
                 128            137             94            146             62            129            126             11             97            101            108             84            122             94             74            116             11             72             23             52             55            123             88             73
                 129             60             43             74             41             51             78             73            100             23             33             51             43             91             46            110             72             42             78             51             33             62             11             23             80
                 130             94            137             81            127             97             31            112             43             88             82             46            100             37             55             33            122            132            102             72            114             52            101             73            122             94
                 131             31             51             52             68             21             80            110            124             21             23             72             11            114             71            129            108             65            114             84             65             58             29             52            116             37            105
                 132             15             72             31             84             11             60            115            112             23             15             62             15            102             65            114            116             82            116             82             78             37             42             51            122             46             87             23
                 133            104            119            100            101            102             58             72             23             82             81             31            102             15             33             37             84            108             61             37             86             68             87             55             82             78             42            102             92
