    #        ngroups         ntours         nspots
                  10              8             26

    #        spot_id         n_name         length              a              b
                   2         Spot_2            210              0           1440
                  46        Spot_46             60              0           1440
                  47        Spot_47            120              0           1440
                  56        Spot_56            180              0           1440
                  59        Spot_59            180              0           1440
                  68        Spot_68            210              0           1440
                  69        Spot_69            120              0           1440
                  76        Spot_76             90              0           1440
                  79        Spot_79             60              0           1440
                  87        Spot_87             60              0           1440
                  88        Spot_88            210              0           1440
                  89        Spot_89            120              0           1440
                 105       Spot_105             90              0           1440
                 107       Spot_107            120              0           1440
                 109       Spot_109            120              0           1440
                 113       Spot_113            210              0           1440
                 120       Spot_120            180              0           1440
                 121       Spot_121             90              0           1440
                 125      Hotel_125              0              0           1440
                 126      Hotel_126              0              0           1440
                 127      Hotel_127              0              0           1440
                 128      Hotel_128              0              0           1440
                 130      Hotel_130              0              0           1440
                 131      Hotel_131              0              0           1440
                 132      Hotel_132              0              0           1440
                 133      Hotel_133              0              0           1440

    #          tr_id        tr_name          nspot            seq
                  65        Tour_65              3             59            109             69
                  96        Tour_96              2            107             79
                  66        Tour_66              3             68             87             47
                  74        Tour_74              3            105              2            109
                   1         Tour_1              2            121             56
                  22        Tour_22              1             88
                  23        Tour_23              3             76             89            120
                  73        Tour_73              2             46            113

    #          gr_id        gr_size          tr_id         origin
                   0              9             65            132
                   1              8             96            131
                   2              6             66            127
                   3              3             74            133
                   4              5              1            126
                   5              9             22            128
                   6              4             23            125
                   7              1             73            125
                   8              7             23            126
                   9              8             96            130

    #            o/d              2             46             47             56             59             68             69             76             79             87             88             89            105            107            109            113            120            121            125            126            127            128            130            131            132            133
                  46             21
                  47             72             60
                  56             37             31             87
                  59             29             21             78             11
                  68             42             51             62             78             68
                  69             43             33             29             62             52             42
                  76             43             60             84             80             72             23             61
                  79             51             42             94             15             23             91             71             94
                  87             68             51             82             41             42            101             68            110             33
                  88             60             43             81             31             33             94             65            102             23             11
                  89            101             88             29            114            105             87             58            109            119            102            104
                 105             91            102             97            127            119             51             88             52            141            151            144            112
                 107             52             72            119             74             72             65             91             46             87            114            104            146             92
                 109             46             65            116             62             61             68             88             52             74            102             92            144            102             15
                 113             52             33             61             37             33             80             46             91             37             23             21             84            129            102             92
                 120             72             52             65             55             52             96             58            109             51             23             29             81            144            122            112             21
                 121             46             29             33             55             46             55             15             72             62             55             52             60            102             97             91             33             43
                 125             61             41             52             51             46             82             43             97             51             31             33             72            130            112            104             15             15             29
                 126             21             29             88             23             21             62             60             60             37             62             52            116            109             52             41             52             72             58             65
                 127             15             15             58             42             33             37             29             46             55             65             58             86             88             65             60             46             65             33             52             33
                 128             72             88            102            108            101             42             84             29            122            138            130            124             33             61             72            119            136             97            123             88             73
                 130             88             72             21             96             88             82             46            104            100             82             84             21            116            136            132             65             61             43             52            101             73            122
                 131             46             41             97             11             21             87             72             88             11             42             33            123            136             78             65             43             60             65             58             29             52            116            105
                 132             51             37             82             21             23             88             62             94             15             21             11            106            138             94             82             23             37             51             37             42             51            122             87             23
                 133             68             62             23             92             82             46             31             68            102             97             94             42             74            108            108             74             82             42             68             87             55             82             42            102             92
