    #        ngroups         ntours         nspots
                  10              8             23

    #        spot_id         n_name         length              a              b
                   4         Spot_4            150              0           1440
                   7         Spot_7             60              0           1440
                   9         Spot_9            150              0           1440
                  31        Spot_31             90              0           1440
                  32        Spot_32            150              0           1440
                  42        Spot_42             60              0           1440
                  46        Spot_46             60              0           1440
                  51        Spot_51             60              0           1440
                  53        Spot_53            150              0           1440
                  86        Spot_86            180              0           1440
                 100       Spot_100             90              0           1440
                 112       Spot_112            210              0           1440
                 113       Spot_113            210              0           1440
                 115       Spot_115            210              0           1440
                 118       Spot_118            210              0           1440
                 122       Spot_122             60              0           1440
                 124      Hotel_124              0              0           1440
                 127      Hotel_127              0              0           1440
                 128      Hotel_128              0              0           1440
                 129      Hotel_129              0              0           1440
                 130      Hotel_130              0              0           1440
                 131      Hotel_131              0              0           1440
                 132      Hotel_132              0              0           1440

    #          tr_id        tr_name          nspot            seq
                  31        Tour_31              3             86              4              7
                  48        Tour_48              3            122             86             42
                  57        Tour_57              2             46            115
                  73        Tour_73              2             46            113
                  15        Tour_15              2             53             32
                   7         Tour_7              3            100            112              9
                  42        Tour_42              2            118             51
                  36        Tour_36              2             31             53

    #          gr_id        gr_size          tr_id         origin
                   0              5             31            128
                   1              7             48            132
                   2              5             57            130
                   3              9             73            124
                   4              1             15            131
                   5              3              7            129
                   6              8             42            131
                   7              3             36            129
                   8              3             42            127
                   9              4             48            127

    #            o/d              4              7              9             31             32             42             46             51             53             86            100            112            113            115            118            122            124            127            128            129            130            131            132
                   7             46
                   9             33             33
                  31             51             23             51
                  32             94             55             87             43
                  42            114             68             94             72             46
                  46             84             41             60             55             55             37
                  51            104             73             72             94            100             71             46
                  53             88             78             58            100            122            106             72             43
                  86             61             58             78             37             62            102             91            130            132
                 100             96             51             80             52             29             21             31             74            102             82
                 112             46             65             33             82            119            122             86             84             52            104            110
                 113            105             60             86             62             37             11             33             72            104             92             11            116
                 115            124             91             92            110            110             74             58             21             60            146             82            104             78
                 118             51             51             68             33             65            102             87            124            124             11             81             94             92            141
                 122             23             31             37             29             72             97             71            100             94             42             78             62             87            119             33
                 124             61             29             33             51             71             65             29             46             52             86             55             58             60             65             80             55
                 127             72             33             46             51             62             51             15             43             61             88             42             72             46             60             82             62             15
                 128             60             72             41             92            126            124             88             78             41            116            114             15            119             97            106             74             60             73
                 129             92             55             62             73             78             52             23             23             55            110             52             82             51             37            105             84             31             23             80
                 130             78             52             81             31             31             74             72            116            129             33             55            112             65            129             37             55             78             73            122             94
                 131            124             81             97             94             80             37             41             46             88            129             51            119             43             41            126            112             65             52            116             37            105
                 132            119             74             96             81             60             15             37             62            100            114             33            122             23             62            112            104             65             51            122             46             87             23
