    #        ngroups         ntours         nspots
                  10              8             28

    #        spot_id         n_name         length              a              b
                   7         Spot_7             60              0           1440
                   8         Spot_8            120              0           1440
                  20        Spot_20            180              0           1440
                  28        Spot_28            180              0           1440
                  29        Spot_29             60              0           1440
                  33        Spot_33            210              0           1440
                  38        Spot_38            180              0           1440
                  39        Spot_39             90              0           1440
                  48        Spot_48            150              0           1440
                  53        Spot_53            150              0           1440
                  63        Spot_63            120              0           1440
                  75        Spot_75            120              0           1440
                  81        Spot_81             60              0           1440
                  83        Spot_83             60              0           1440
                  90        Spot_90            180              0           1440
                  91        Spot_91            210              0           1440
                  94        Spot_94            210              0           1440
                  98        Spot_98             90              0           1440
                 102       Spot_102            150              0           1440
                 113       Spot_113            210              0           1440
                 114       Spot_114             60              0           1440
                 124      Hotel_124              0              0           1440
                 128      Hotel_128              0              0           1440
                 129      Hotel_129              0              0           1440
                 130      Hotel_130              0              0           1440
                 131      Hotel_131              0              0           1440
                 132      Hotel_132              0              0           1440
                 133      Hotel_133              0              0           1440

    #          tr_id        tr_name          nspot            seq
                  94        Tour_94              3             63             90             75
                  78        Tour_78              2            102              8
                  38        Tour_38              3             81             28             29
                  71        Tour_71              3             94             83             20
                  76        Tour_76              3             38             98             39
                  26        Tour_26              2            113             91
                  87        Tour_87              2            114             33
                  98        Tour_98              3              7             53             48

    #          gr_id        gr_size          tr_id         origin
                   0              8             94            133
                   1              3             78            128
                   2              4             38            132
                   3              1             71            131
                   4              6             76            133
                   5              5             26            124
                   6              5             87            129
                   7              1             98            132
                   8              1             78            130
                   9              2             98            131

    #            o/d              7              8             20             28             29             33             38             39             48             53             63             75             81             83             90             91             94             98            102            113            114            124            128            129            130            131            132            133
                   8             88
                  20             58            112
                  28             55            137             94
                  29             65             23             92            116
                  33             61             72             46            114             55
                  38             60             29             92            108             11             60
                  39             23             65             68             73             43             55             37
                  48             29            116             65             31             94             84             88             51
                  53             78             46             78            132             37             33             46             62            105
                  63             42            127             51             46            105             82            100             65             23            108
                  75             52            119            105             31            100            112             91             62             43            124             65
                  81             74             55             68            129             43             23             51             61            100             11            102            122
                  83             33            109             33             62             87             60             84             51             33             86             23             73             80
                  90             55             74            110             78             61             96             51             43             71             94             92             51             97             87
                  91             51             71             42            104             52             11             55             46             74             37             73            102             29             51             88
                  94             52             46             97             94             31             72             21             31             78             65             94             73             68             81             31             65
                  98             31            108             82             29             88             92             80             46             23            106             46             23            104             51             52             81             65
                 102             51            124            100             21            105            112             96             65             37            126             58             11            124             68             60            102             80             21
                 113             60             84            116             74             71            105             61             51             72            104             94             46            106             91             11             96             41             51             55
                 114             73             33             84            127             23             41             33             55            102             15            108            116             23             88             82             42             52            100            119             92
                 124             29             60             65             82             37             46             33             11             58             52             68             72             51             52             51             37             33             55             74             60             46
                 128             72             84             43            122             68             15             73             68             92             41             87            124             31             65            110             23             86            102            122            119             52             60
                 129             55             37             94            101             21             65             11             33             82             55             97             82             60             82             41             60             11             72             88             51             42             31             80
                 130             52            130             97             11            110            112            102             68             33            129             51             21            126             65             68            102             86             23             11             65            123             78            122             94
                 131             81             52            129            114             51            102             43             62            104             88            122             88             94            112             37             96             33             87             96             43             73             65            116             37            105
                 132             74             71            127             97             65            108             55             60             92            100            112             68            105            106             21            101             37             72             78             23             87             65            122             46             87             23
                 133             23            110             55             41             88             74             82             46             11             96             21             51             91             23             72             65             74             29             46             74             94             51             82             78             42            102             92
