    #        ngroups         ntours         nspots
                  20             15             47

    #        spot_id         n_name         length              a              b
                   6         Spot_6             60              0           1440
                   7         Spot_7             60              0           1440
                  11        Spot_11            180              0           1440
                  18        Spot_18            210              0           1440
                  20        Spot_20            180              0           1440
                  25        Spot_25            180              0           1440
                  29        Spot_29             60              0           1440
                  32        Spot_32            150              0           1440
                  33        Spot_33            210              0           1440
                  34        Spot_34            120              0           1440
                  36        Spot_36            120              0           1440
                  39        Spot_39             90              0           1440
                  40        Spot_40             60              0           1440
                  43        Spot_43            210              0           1440
                  44        Spot_44            150              0           1440
                  47        Spot_47            120              0           1440
                  48        Spot_48            150              0           1440
                  49        Spot_49             60              0           1440
                  57        Spot_57             90              0           1440
                  63        Spot_63            120              0           1440
                  65        Spot_65             90              0           1440
                  68        Spot_68            210              0           1440
                  70        Spot_70            150              0           1440
                  74        Spot_74            150              0           1440
                  75        Spot_75            120              0           1440
                  77        Spot_77            150              0           1440
                  78        Spot_78             90              0           1440
                  83        Spot_83             60              0           1440
                  87        Spot_87             60              0           1440
                  88        Spot_88            210              0           1440
                  90        Spot_90            180              0           1440
                  94        Spot_94            210              0           1440
                  96        Spot_96            180              0           1440
                 100       Spot_100             90              0           1440
                 101       Spot_101             60              0           1440
                 108       Spot_108             90              0           1440
                 114       Spot_114             60              0           1440
                 124      Hotel_124              0              0           1440
                 125      Hotel_125              0              0           1440
                 126      Hotel_126              0              0           1440
                 127      Hotel_127              0              0           1440
                 128      Hotel_128              0              0           1440
                 129      Hotel_129              0              0           1440
                 130      Hotel_130              0              0           1440
                 131      Hotel_131              0              0           1440
                 132      Hotel_132              0              0           1440
                 133      Hotel_133              0              0           1440

    #          tr_id        tr_name          nspot            seq
                  70        Tour_70              1             11
                  94        Tour_94              3             63             90             75
                  21        Tour_21              3            100             78             18
                  77        Tour_77              1             25
                  82        Tour_82              4             40             29             33              6
                   9         Tour_9              3              7             43             32
                   3         Tour_3              2             96            114
                  49        Tour_49              4             57            101             44             65
                  17        Tour_17              3             34            108             49
                  61        Tour_61              2             34             48
                  88        Tour_88              3             39             36             77
                  71        Tour_71              3             94             83             20
                  52        Tour_52              3             40             70             74
                  66        Tour_66              3             68             87             47
                  45        Tour_45              2              6             88

    #          gr_id        gr_size          tr_id         origin
                   0              3             70            129
                   1              3             94            130
                   2              5             21            131
                   3              4             77            127
                   4              9             82            126
                   5              4              9            124
                   6              9              3            133
                   7              1             49            128
                   8              3             17            124
                   9              3             61            133
                  10              9             88            129
                  11              4             71            125
                  12              9             52            128
                  13              5             66            127
                  14              9             45            132
                  15              3             52            126
                  16              4             45            131
                  17              8              9            132
                  18              1             94            130
                  19              8             21            125

    #            o/d              6              7             11             18             20             25             29             32             33             34             36             39             40             43             44             47             48             49             57             63             65             68             70             74             75             77             78             83             87             88             90             94             96            100            101            108            114            124            125            126            127            128            129            130            131            132            133
                   7            101
                  11            165             65
                  18             86             15             80
                  20            116             58             92             60
                  25            144             43             23             58             72
                  29             37             65            129             51             92            108
                  32            132             55             61             62            110             55             97
                  33             72             61            119             52             46             97             55            114
                  34             42             87            146             74            122            127             33            102             87
                  36            112             82            122             80             31            102             97            136             42            129
                  39             80             23             86             11             68             65             43             61             55             65             86
                  40             42             68            130             55            102            110             15             91             68             21            109             46
                  43            102             15             68             21             43             46             68             68             52             94             68             31             74
                  44            106             51             92             51             11             71             81            105             37            112             33             60             92             37
                  47            130             33             37             46             78             21             94             37             92            110            106             51             94             41             74
                  48            129             29             37             43             65             15             94             51             84            114             94             51             96             33             62             15
                  49            144             46             31             60             61             15            110             68             91            132             92             68            114             43             62             33             21
                  57             97             46             94             43             21             72             71            100             29            102             37             51             82             33             11             72             61             65
                  63            138             42             41             55             51             23            105             73             82            129             81             65            109             37             52             37             23             11             55
                  65             62             82            136             71            126            119             43             86             96             21            136             61             29             92            116            100            106            126            106            124
                  68             82             31             91             23             42             68             52             84             31             81             58             29             61             23             33             62             55             65             23             58             84
                  70             80             23             88             11             55             65             46             72             42             72             72             15             52             23             46             55             51             65             37             60             72             15
                  74            100             37             84             37             23             62             72             91             37            102             46             46             81             23             15             62             51             55             11             46            104             21             33
                  75            136             52             51             61            105             46            100             11            112            108            132             62             96             65            100             29             43             60             97             65             94             82             71             87
                  77            132             41             51             52             41             33            100             80             73            126             71             62            106             33             42             43             29             21             46             11            122             51             55             37             72
                  78             51             51            115             37             82             94             15             84             51             41             91             29             21             55             72             80             80             96             62             91             46             41             33             61             87             87
                  83            119             33             62             41             33             41             87             80             60            114             62             51             94             21             31             46             33             33             33             23            112             37             42             23             73             15             74
                  87            112             82            112             80            138            102             84             52            124             72            158             72             72             96            130             82             94            114            122            116             52            101             86            116             62            119             78            114
                  88            102             78            114             73            132            102             74             55            116             62            151             65             62             91            124             81             92            112            116            114             42             94             80            110             65            116             68            109             11
                  90             94             55             97             51            110             82             61             43             96             60            129             43             52             68            102             62             71             92             94             92             43             72             58             88             51             94             52             87             29             23
                  94             65             52            110             41             97             91             31             68             72             37            110             31             23             61             87             73             78             97             78             94             31             55             42             74             73             92             23             81             55             46             31
                  96             84             52            106             46             33             84             62            106             15             94             37             51             74             41             23             81             72             78             15             68            100             23             37             23            104             60             55             46            122            115             94             73
                 100            106             51             84             51            108             71             72             29            100             73            130             46             65             65            101             51             62             82             94             84             58             73             60             86             37             87             61             82             33             31             15             42             96
                 101             71             71            129             62             51            106             60            124             11             91             41             65             73             62             43            102             94            100             37             91            102             41             52             46            122             82             58             68            132            124            105             80             23            109
                 108            114             37             65             42             94             51             78             21             94             86            119             41             73             51             88             31             42             62             82             65             73             65             52             73             23             68             65             65             52             51             33             51             87             21            104
                 114             33             73            138             60             84            116             23            114             41             51             82             55             37             72             74            105            102            115             65            108             65             51             51             68            116            102             31             88            106             97             82             52             52             92             42             94
                 124             72             29             94             15             65             72             37             71             46             62             80             11             42             33             55             60             58             73             46             68             62             23             11             42             72             65             23             52             80             72             51             33             43             55             55             51             46
                 125            116             58             82             60            115             72             82             23            109             82            138             55             74             72            108             52             65             84            102             87             65             82             68             94             33             91             71             88             31             33             23             52            105             11            119             23            102             65
                 126             52             65            124             52            104            105             23             82             73             23            114             42             11             72             94             88             91            109             84            106             23             62             51             82             88            104             23             92             62             52             42             15             78             55             80             65             46             41             65
                 127             73             33             94             21             78             73             37             62             60             55             94             11             37             41             68             58             60             78             60             74             51             37             23             55             65             72             23             61             65             58             37             21             58             42             68             42             52             15             52             33
                 128             81             72            126             65             43            104             68            126             15            100             31             68             82             61             37            102             92             97             33             87            110             42             55             42            124             78             65             65            138            130            110             86             21            114             11            106             52             60            123             88             73
                 129             55             55            116             42             94             96             21             78             65             33            105             33             15             62             84             80             82            100             74             97             33             52             41             72             82             94             15             82             65             55             41             11             68             52             72             60             42             31             62             11             23             80
                 130            146             52             31             65             97             29            110             31            112            122            126             68            108             61             94             21             33             43             92             51            110             82             74             82             21             60             96             65             82             84             68             86            102             55            122             37            123             78             52            101             73            122             94
                 131             72             81            132             72            129            116             51             80            102             31            141             62             37             92            119             97            104            124            109            122             11             87             74            106             88            122             51            112             42             33             37             33            105             51            108             68             73             65             58             29             52            116             37            105
                 132             92             74            116             68            127            102             65             60            108             52            144             60             52             87            119             82             92            112            110            112             33             88             73            105             68            114             60            106             21             11             21             37            108             33            116             52             87             65             37             42             51            122             46             87             23
                 133            122             23             46             37             55             23             88             58             74            109             84             46             91             23             52             23             11             23             51             21            104             46             43             41             51             23             73             23             97             94             72             74             62             65             84             46             94             51             68             87             55             82             78             42            102             92
