    #        ngroups         ntours         nspots
                  20             15             36

    #        spot_id         n_name         length              a              b
                   7         Spot_7             60              0           1440
                  13        Spot_13            120              0           1440
                  14        Spot_14            120              0           1440
                  15        Spot_15            210              0           1440
                  26        Spot_26            150              0           1440
                  28        Spot_28            180              0           1440
                  32        Spot_32            150              0           1440
                  34        Spot_34            120              0           1440
                  35        Spot_35            150              0           1440
                  43        Spot_43            210              0           1440
                  45        Spot_45            120              0           1440
                  51        Spot_51             60              0           1440
                  53        Spot_53            150              0           1440
                  55        Spot_55             60              0           1440
                  67        Spot_67             60              0           1440
                  68        Spot_68            210              0           1440
                  72        Spot_72             60              0           1440
                  88        Spot_88            210              0           1440
                  91        Spot_91            210              0           1440
                  96        Spot_96            180              0           1440
                 106       Spot_106            180              0           1440
                 114       Spot_114             60              0           1440
                 117       Spot_117             60              0           1440
                 119       Spot_119            120              0           1440
                 120       Spot_120            180              0           1440
                 121       Spot_121             90              0           1440
                 124      Hotel_124              0              0           1440
                 125      Hotel_125              0              0           1440
                 126      Hotel_126              0              0           1440
                 127      Hotel_127              0              0           1440
                 128      Hotel_128              0              0           1440
                 129      Hotel_129              0              0           1440
                 130      Hotel_130              0              0           1440
                 131      Hotel_131              0              0           1440
                 132      Hotel_132              0              0           1440
                 133      Hotel_133              0              0           1440

    #          tr_id        tr_name          nspot            seq
                  27        Tour_27              3             43             51             67
                  62        Tour_62              2             15            119
                  59        Tour_59              3            119             34             72
                  56        Tour_56              2            117             13
                  68        Tour_68              2            106             53
                   3         Tour_3              2             96            114
                  60        Tour_60              2             26            106
                  32        Tour_32              2             45             67
                   5         Tour_5              2             88             68
                  86        Tour_86              1             91
                  30        Tour_30              2            121             55
                  46        Tour_46              2            120             28
                  95        Tour_95              2             28             15
                  43        Tour_43              2             14             35
                   9         Tour_9              3              7             43             32

    #          gr_id        gr_size          tr_id         origin
                   0              2             27            126
                   1              7             62            132
                   2              4             59            129
                   3              7             56            133
                   4              7             68            130
                   5              4              3            125
                   6              3             60            127
                   7              1             32            130
                   8              1              5            128
                   9              4             86            125
                  10              4             30            128
                  11              5             46            132
                  12              5             95            127
                  13              8             43            133
                  14              2              9            124
                  15              4             59            126
                  16              4             68            129
                  17              1             60            131
                  18              7             95            131
                  19              3             46            124

    #            o/d              7             13             14             15             26             28             32             34             35             43             45             51             53             55             67             68             72             88             91             96            106            114            117            119            120            121            124            125            126            127            128            129            130            131            132            133
                  13             11
                  14             29             37
                  15             73             68            102
                  26             60             68             33            129
                  28             55             46             71             82            102
                  32             55             46             82             42            114             41
                  34             87             91            102             74            114            130            102
                  35             62             72             42            124             23            112            116             97
                  43             15             23             15             88             46             62             68             94             51
                  45             46             37             61             81             92             11             42            124            102             52
                  51             73             80             84             81             92            122            100             23             74             78            115
                  53             78             87             72            116             65            132            122             65             42             73            123             43
                  55             84             87            102             65            116            124             94             11            100             92            119             29             72
                  67             94            102             96            112             94            146            129             46             72             94            138             31             31             55
                  68             31             41             23             94             37             84             84             81             33             23             74             62             51             82             73
                  72             51             58             23            124             23             84            102            122             43             37             74            102             82            122            109             41
                  88             78             74            105             15            130             94             55             62            122             91             92             72            109             52            102             94            127
                  91             51             61             37            110             31            104            104             84             15             42             94             62             37             87             65             21             46            108
                  96             52             62             33            116             21            102            106             94             11             41             92             72             46             97             74             23             37            115             11
                 106             23             29             11             96             42             61             73            104             52             11             51             87             80            102            102             29             29            100             46             42
                 114             73             82             73            104             72            127            114             51             51             72            119             29             15             58             23             51             87             97             42             52             80
                 117            108            115            114            114            114            159            136             41             92            110            151             37             51             51             21             91            129            102             84             94            119             42
                 119             60             68             60             97             61            114            102             55             42             58            105             33             21             60             37             37             74             91             31             41             65             15             55
                 120             72             65            101             15            130             71             31             87            127             86             72             92            124             78            122             96            122             29            114            119             94            112            126            104
                 121             29             23             58             46             88             51             31             80             87             43             46             73             92             73            100             55             80             52             74             78             51             84            110             72             43
                 124             29             37             41             73             60             82             71             62             51             33             73             46             52             61             65             23             62             72             37             43             42             46             80             33             78             41
                 125             58             51             86             21            116             62             23             82            114             72             61             84            112             73            114             82            108             33            100            105             80            102            119             92             15             29             65
                 126             65             68             81             61             97            108             82             23             82             72            102             21             60             21             51             62            102             52             68             78             82             46             55             43             72             58             41             65
                 127             33             37             52             60             73             80             62             55             65             41             72             43             61             52             68             37             74             58             51             58             51             52             80             41             65             33             15             52             33
                 128             72             82             52            132             29            122            126            100             11             61            112             78             41            105             71             42             51            130             23             21             62             52             92             46            136             97             60            123             88             73
                 129             55             60             71             62             87            101             78             33             73             62             94             23             55             31             52             52             92             55             60             68             72             42             60             37             71             51             31             62             11             23             80
                 130             52             42             72             72            104             11             31            122            112             61             15            116            129            116            141             82             87             84            102            102             62            123            152            109             61             43             78             52            101             73            122             94
                 131             81             82            104             46            123            114             80             31            110             92            109             46             88             21             74             87            126             33             96            105            102             73             71             72             60             65             65             58             29             52            116             37            105
                 132             74             72            100             23            124             97             60             52            115             87             94             62            100             42             92             88            123             11            101            108             97             87             92             82             37             51             65             37             42             51            122             46             87             23
                 133             23             21             31             87             62             41             58            109             72             23             31             96             96            106            115             46             46             94             65             62             21             94            130             80             82             42             51             68             87             55             82             78             42            102             92
