    #        ngroups         ntours         nspots
                  30             23             49

    #        spot_id         n_name         length              a              b
                   4         Spot_4            150              0           1440
                   7         Spot_7             60              0           1440
                   9         Spot_9            150              0           1440
                  25        Spot_25            180              0           1440
                  27        Spot_27             90              0           1440
                  31        Spot_31             90              0           1440
                  32        Spot_32            150              0           1440
                  34        Spot_34            120              0           1440
                  37        Spot_37             60              0           1440
                  42        Spot_42             60              0           1440
                  46        Spot_46             60              0           1440
                  48        Spot_48            150              0           1440
                  51        Spot_51             60              0           1440
                  52        Spot_52             90              0           1440
                  53        Spot_53            150              0           1440
                  55        Spot_55             60              0           1440
                  56        Spot_56            180              0           1440
                  66        Spot_66            120              0           1440
                  71        Spot_71            180              0           1440
                  72        Spot_72             60              0           1440
                  76        Spot_76             90              0           1440
                  79        Spot_79             60              0           1440
                  81        Spot_81             60              0           1440
                  86        Spot_86            180              0           1440
                  88        Spot_88            210              0           1440
                  89        Spot_89            120              0           1440
                  91        Spot_91            210              0           1440
                  96        Spot_96            180              0           1440
                 100       Spot_100             90              0           1440
                 112       Spot_112            210              0           1440
                 113       Spot_113            210              0           1440
                 114       Spot_114             60              0           1440
                 115       Spot_115            210              0           1440
                 118       Spot_118            210              0           1440
                 119       Spot_119            120              0           1440
                 120       Spot_120            180              0           1440
                 121       Spot_121             90              0           1440
                 122       Spot_122             60              0           1440
                 123       Spot_123            210              0           1440
                 124      Hotel_124              0              0           1440
                 125      Hotel_125              0              0           1440
                 126      Hotel_126              0              0           1440
                 127      Hotel_127              0              0           1440
                 128      Hotel_128              0              0           1440
                 129      Hotel_129              0              0           1440
                 130      Hotel_130              0              0           1440
                 131      Hotel_131              0              0           1440
                 132      Hotel_132              0              0           1440
                 133      Hotel_133              0              0           1440

    #          tr_id        tr_name          nspot            seq
                  31        Tour_31              3             86              4              7
                  48        Tour_48              3            122             86             42
                  57        Tour_57              2             46            115
                  73        Tour_73              2             46            113
                  15        Tour_15              2             53             32
                   7         Tour_7              3            100            112              9
                  42        Tour_42              2            118             51
                  36        Tour_36              2             31             53
                  83        Tour_83              2             52             88
                  81        Tour_81              2            118             71
                  98        Tour_98              3              7             53             48
                  26        Tour_26              2            113             91
                  72        Tour_72              3             66             27            123
                   3         Tour_3              2             96            114
                  61        Tour_61              2             34             48
                  79        Tour_79              2             79             91
                  28        Tour_28              2             91             81
                   1         Tour_1              2            121             56
                   8         Tour_8              2              9             79
                  30        Tour_30              2            121             55
                  59        Tour_59              3            119             34             72
                  23        Tour_23              3             76             89            120
                  44        Tour_44              3             25             42             37

    #          gr_id        gr_size          tr_id         origin
                   0              6             31            126
                   1              7             48            127
                   2              3             57            130
                   3              7             73            124
                   4              6             15            131
                   5              1              7            130
                   6              3             42            131
                   7              4             36            133
                   8              6             83            127
                   9              8             81            126
                  10              4             98            128
                  11              4             26            125
                  12              9             72            126
                  13              8              3            128
                  14              9             61            133
                  15              9             79            125
                  16              6             28            131
                  17              1              1            128
                  18              9              8            133
                  19              7             30            126
                  20              8             59            124
                  21              6             23            129
                  22              3             44            132
                  23              8             72            130
                  24              3             61            132
                  25              4             61            132
                  26              2             59            129
                  27              3             83            132
                  28              6             61            125
                  29              8             44            133

    #            o/d              4              7              9             25             27             31             32             34             37             42             46             48             51             52             53             55             56             66             71             72             76             79             81             86             88             89             91             96            100            112            113            114            115            118            119            120            121            122            123            124            125            126            127            128            129            130            131            132            133
                   7             46
                   9             33             33
                  25             52             43             65
                  27            129             84            105            112
                  31             51             23             51             23             92
                  32             94             55             87             55             68             43
                  34            122             87             92            127             51            105            102
                  37             72             33             65             41             72             23             23             94
                  42            114             68             94             92             23             72             46             65             51
                  46             84             41             60             78             46             55             55             51             43             37
                  48             46             29             52             15            102             11             51            114             33             82             65
                  51            104             73             72            116             65             94            100             23             88             71             46            102
                  52             58             21             52             33             81             11             37             96             15             62             46             21             86
                  53             88             78             58            119            105            100            122             65            104            106             72            105             43             97
                  55            122             84             92            123             41            100             94             11             88             55             46            109             29             91             72
                  56            114             71             87            106             23             84             72             33             68             33             31             94             42             74             82             23
                  66            106             62             82             94             23             72             58             46             55             21             23             82             51             62             87             37             15
                  71             55             42             23             82             94             65             92             72             71             88             51             68             51             62             37             74             73             72
                  72             11             51             31             62            132             60            102            122             80            119             87             55            102             65             82            122            116            109             52
                  76             60             52             29             91            101             74            102             74             81             96             60             78             52             72             29             78             80             80             11             55
                  79            126             82            100            114             11             92             73             41             74             29             42            102             55             82             96             31             15             21             88            129             94
                  81             80             74             51            114            110             97            122             73            102            109             74            100             51             94             11             80             88             91             33             73             23            102
                  86             61             58             78             15            124             37             62            141             52            102             91             29            130             46            132            136            119            106             96             71            105            126            127
                  88            123             78            102            102             15             82             55             62             61             11             43             92             72             72            109             52             31             23             94            127            102             23            114            112
                  89             72             60             84             21            116             37             51            138             46             94             88             33            129             43            136            132            114            100            100             82            109            119            132             15            104
                  91             51             51             23             87            108             72            104             84             82            102             65             74             62             71             37             87             88             86             15             46             11            102             29            100            108            106
                  96             43             52             21             84            116             71            106             94             84            108             72             72             72             72             46             97             96             94             23             37             21            110             37             97            115            104             11
                 100             96             51             80             71             42             52             29             73             31             21             31             62             74             42            102             65             43             29             78            102             87             46            104             82             31             74             91             96
                 112             46             65             33             92            130             82            119            106             97            122             86             81             84             84             52            109            110            108             37             37             33            124             42            104            129            112             23             15            110
                 113            105             60             86             81             33             62             37             68             41             11             33             72             72             52            104             60             37             23             82            110             91             37            106             92             21             84             96            102             11            116
                 114             91             73             60            116             91             96            114             51             97             94             61            102             29             91             15             58             68             74             37             87             33             82             23            130             97            132             42             52             92             61             92
                 115            124             91             92            132             61            110            110             11            101             74             58            119             21            102             60             21             42             55             71            122             72             51             68            146             72            144             82             92             82            104             78             46
                 118             51             51             68             11            122             33             65            136             51            102             87             23            124             42            124            132            116            104             88             61             96            124            119             11            112             23             91             87             81             94             92            122            141
                 119             78             60             46            102             88             82            102             55             84             87             52             88             33             78             21             60             65             68             23             74             21             80             23            116             91            119             31             41             82             52             84             15             52            108
                 120            116             72            102             84             43             68             31             87             46             23             52             78             92             60            124             78             55             42            100            122            109             51            126             92             29             81            114            119             23            132             21            112             97             94            104
                 121             73             29             60             52             61             31             31             80             15             42             29             41             73             21             92             73             55             42             62             80             72             62             92             65             52             60             74             78             23             91             33             84             86             62             72             43
                 122             23             31             37             31            114             29             72            116             51             97             71             23            100             37             94            114            102             92             58             33             65            112             88             42            106             51             60             55             78             62             87             94            119             33             80             96             55
                 123             87             65             55            108             82             88            104             46             87             84             51             94             23             82             23             51             60             65             33             84             31             73             29            122             87            124             41             51             81             62             82             11             42            115             11            102             74             88
                 124             61             29             33             72             73             51             71             62             52             65             29             58             46             46             52             61             55             51             23             62             33             68             51             86             72             88             37             43             55             58             60             46             65             80             33             78             41             55             37
                 125            102             58             88             72             46             55             23             82             33             23             41             65             84             46            112             73             51             37             87            108             97             51            114             81             33             72            100            105             11            119             15            102             91             82             92             15             29             82             92             65
                 126            102             65             72            105             46             82             82             23             72             51             29             91             21             73             60             21             23             31             55            102             60             37             65            119             52            116             68             78             55             91             52             46             29            114             43             72             58             94             37             41             65
                 127             72             33             46             73             60             51             62             55             46             51             15             60             43             43             61             52             42             37             37             74             46             55             62             88             58             86             51             58             42             72             46             52             60             82             41             65             33             62             42             15             52             33
                 128             60             72             41            104            129             92            126            100            104            124             88             92             78             92             41            105            108            108             37             51             29            122             31            116            130            124             23             21            114             15            119             52             97            106             46            136             97             74             55             60            123             88             73
                 129             92             55             62             96             51             73             78             33             65             52             23             82             23             65             55             31             29             33             46             92             51             43             60            110             55            108             60             68             52             82             51             42             37            105             37             71             51             84             33             31             62             11             23             80
                 130             78             52             81             29             97             31             31            122             29             74             72             33            116             33            129            116             96             82             94             87            104            100            126             33             84             21            102            102             55            112             65            123            129             37            109             61             43             55            114             78             52            101             73            122             94
                 131            124             81             97            116             21             94             80             31             78             37             41            104             46             84             88             21             11             23             82            126             88             11             94            129             33            123             96            105             51            119             43             73             41            126             72             60             65            112             65             65             58             29             52            116             37            105
                 132            119             74             96            102             11             81             60             52             62             15             37             92             62             71            100             42             21             15             86            123             94             15            105            114             11            106            101            108             33            122             23             87             62            112             82             37             51            104             78             65             37             42             51            122             46             87             23
                 133             37             23             42             23            102             15             58            109             37             84             62             11             96             23             96            106             92             81             60             46             68            102             91             37             94             42             65             62             65             71             74             94            114             29             80             82             42             15             86             51             68             87             55             82             78             42            102             92
