    #        ngroups         ntours         nspots
                  60             45             96

    #        spot_id         n_name         length              a              b
                   1         Spot_1            150              0           1440
                   2         Spot_2            210              0           1440
                   4         Spot_4            150              0           1440
                   7         Spot_7             60              0           1440
                   8         Spot_8            120              0           1440
                   9         Spot_9            150              0           1440
                  10        Spot_10            120              0           1440
                  13        Spot_13            120              0           1440
                  14        Spot_14            120              0           1440
                  15        Spot_15            210              0           1440
                  16        Spot_16            180              0           1440
                  17        Spot_17             90              0           1440
                  19        Spot_19            150              0           1440
                  20        Spot_20            180              0           1440
                  21        Spot_21            180              0           1440
                  22        Spot_22            150              0           1440
                  24        Spot_24            210              0           1440
                  25        Spot_25            180              0           1440
                  26        Spot_26            150              0           1440
                  28        Spot_28            180              0           1440
                  30        Spot_30             60              0           1440
                  32        Spot_32            150              0           1440
                  35        Spot_35            150              0           1440
                  36        Spot_36            120              0           1440
                  37        Spot_37             60              0           1440
                  39        Spot_39             90              0           1440
                  40        Spot_40             60              0           1440
                  42        Spot_42             60              0           1440
                  43        Spot_43            210              0           1440
                  44        Spot_44            150              0           1440
                  45        Spot_45            120              0           1440
                  46        Spot_46             60              0           1440
                  47        Spot_47            120              0           1440
                  49        Spot_49             60              0           1440
                  50        Spot_50            210              0           1440
                  51        Spot_51             60              0           1440
                  52        Spot_52             90              0           1440
                  53        Spot_53            150              0           1440
                  55        Spot_55             60              0           1440
                  57        Spot_57             90              0           1440
                  58        Spot_58            180              0           1440
                  59        Spot_59            180              0           1440
                  61        Spot_61            210              0           1440
                  62        Spot_62            150              0           1440
                  63        Spot_63            120              0           1440
                  64        Spot_64            180              0           1440
                  65        Spot_65             90              0           1440
                  66        Spot_66            120              0           1440
                  67        Spot_67             60              0           1440
                  68        Spot_68            210              0           1440
                  69        Spot_69            120              0           1440
                  72        Spot_72             60              0           1440
                  75        Spot_75            120              0           1440
                  76        Spot_76             90              0           1440
                  77        Spot_77            150              0           1440
                  79        Spot_79             60              0           1440
                  80        Spot_80            210              0           1440
                  82        Spot_82            150              0           1440
                  83        Spot_83             60              0           1440
                  84        Spot_84            210              0           1440
                  86        Spot_86            180              0           1440
                  87        Spot_87             60              0           1440
                  89        Spot_89            120              0           1440
                  90        Spot_90            180              0           1440
                  91        Spot_91            210              0           1440
                  93        Spot_93            150              0           1440
                  94        Spot_94            210              0           1440
                  96        Spot_96            180              0           1440
                  97        Spot_97             60              0           1440
                 100       Spot_100             90              0           1440
                 101       Spot_101             60              0           1440
                 104       Spot_104            210              0           1440
                 105       Spot_105             90              0           1440
                 106       Spot_106            180              0           1440
                 107       Spot_107            120              0           1440
                 109       Spot_109            120              0           1440
                 110       Spot_110            180              0           1440
                 111       Spot_111            180              0           1440
                 112       Spot_112            210              0           1440
                 113       Spot_113            210              0           1440
                 114       Spot_114             60              0           1440
                 115       Spot_115            210              0           1440
                 116       Spot_116            150              0           1440
                 117       Spot_117             60              0           1440
                 120       Spot_120            180              0           1440
                 122       Spot_122             60              0           1440
                 124      Hotel_124              0              0           1440
                 125      Hotel_125              0              0           1440
                 126      Hotel_126              0              0           1440
                 127      Hotel_127              0              0           1440
                 128      Hotel_128              0              0           1440
                 129      Hotel_129              0              0           1440
                 130      Hotel_130              0              0           1440
                 131      Hotel_131              0              0           1440
                 132      Hotel_132              0              0           1440
                 133      Hotel_133              0              0           1440

    #          tr_id        tr_name          nspot            seq
                  32        Tour_32              2             45             67
                  25        Tour_25              2             58             21
                  56        Tour_56              2            117             13
                  54        Tour_54              3             69            100             82
                  86        Tour_86              1             91
                  73        Tour_73              2             46            113
                  34        Tour_34              2            101             10
                  53        Tour_53              4             66             65             10            101
                  13        Tour_13              3             97             21            117
                  94        Tour_94              3             63             90             75
                   2         Tour_2              3             84             30              8
                  84        Tour_84              3             49             69             47
                  71        Tour_71              3             94             83             20
                  12        Tour_12              2             50             53
                  95        Tour_95              2             28             15
                  90        Tour_90              3             43             72             30
                  11        Tour_11              3             52             66             55
                  74        Tour_74              3            105              2            109
                  64        Tour_64              2             64             16
                  97        Tour_97              3             45             19              1
                  29        Tour_29              3             17            111            110
                  33        Tour_33              3             50             51            100
                  85        Tour_85              3             94             35            114
                  57        Tour_57              2             46            115
                  67        Tour_67              2             93             80
                  66        Tour_66              3             68             87             47
                  31        Tour_31              3             86              4              7
                  16        Tour_16              3             62             24             79
                  43        Tour_43              2             14             35
                  49        Tour_49              4             57            101             44             65
                  50        Tour_50              3            116             40             87
                  96        Tour_96              2            107             79
                  60        Tour_60              2             26            106
                  51        Tour_51              2             20             25
                  15        Tour_15              2             53             32
                  23        Tour_23              3             76             89            120
                  41        Tour_41              2             80             32
                   7         Tour_7              3            100            112              9
                  65        Tour_65              3             59            109             69
                  88        Tour_88              3             39             36             77
                  91        Tour_91              2            104             22
                  35        Tour_35              3             61            116            122
                  44        Tour_44              3             25             42             37
                  27        Tour_27              3             43             51             67
                   3         Tour_3              2             96            114

    #          gr_id        gr_size          tr_id         origin
                   0              5             32            133
                   1              7             25            124
                   2              2             56            126
                   3              8             54            131
                   4              2             86            127
                   5              4             73            132
                   6              2             34            130
                   7              1             53            131
                   8              3             13            125
                   9              5             94            128
                  10              2              2            129
                  11              8             84            129
                  12              8             71            129
                  13              8             12            128
                  14              6             95            124
                  15              3             90            129
                  16              1             11            127
                  17              5             74            124
                  18              6             64            132
                  19              8             97            132
                  20              1             29            131
                  21              4             33            131
                  22              3             85            127
                  23              2             57            125
                  24              4             67            133
                  25              8             66            126
                  26              9             31            124
                  27              4             16            130
                  28              3             43            132
                  29              4             49            125
                  30              7             50            130
                  31              8             96            127
                  32              9             60            131
                  33              4             51            126
                  34              7             15            128
                  35              9             23            131
                  36              9             41            125
                  37              8              7            126
                  38              4             65            125
                  39              1             88            133
                  40              1             91            130
                  41              9             35            129
                  42              6             44            125
                  43              1             27            133
                  44              6              3            129
                  45              5             95            126
                  46              3             23            128
                  47              1             25            126
                  48              2             57            128
                  49              7             66            124
                  50              1             16            124
                  51              2             32            132
                  52              2             44            130
                  53              5             41            127
                  54              2             84            130
                  55              9             12            132
                  56              6             86            133
                  57              4             31            133
                  58              7             54            128
                  59              1             64            127

    #            o/d              1              2              4              7              8              9             10             13             14             15             16             17             19             20             21             22             24             25             26             28             30             32             35             36             37             39             40             42             43             44             45             46             47             49             50             51             52             53             55             57             58             59             61             62             63             64             65             66             67             68             69             72             75             76             77             79             80             82             83             84             86             87             89             90             91             93             94             96             97            100            101            104            105            106            107            109            110            111            112            113            114            115            116            117            120            122            124            125            126            127            128            129            130            131            132            133
                   2             51
                   4            119             81
                   7             94             46             46
                   8             11             43            116             88
                   9             87             52             33             33             84
                  10             15             51            126             96             11             94
                  13            101             51             51             11             94             42            102
                  14            100             61             21             29             97             15            106             37
                  15            102             65            119             73             92            101             94             68            102
                  16            109             71             11             37            106             23            116             43             11            110
                  17            112             78            132             88            102            115            102             82            116             15            124
                  19            114             65             86             46            105             78            110             37             73             41             80             52
                  20            114             84             21             58            112             33            122             65             29            130             23            144            102
                  21            123             82             11             42            119             37            129             46             23            114             15            127             80             31
                  22             88             42             42             11             82             23             91             21             23             80             33             94             55             51             41
                  24             74             46             46             41             72             15             82             51             29            102             37            116             84             41             51             31
                  25            137             88             52             43            130             65            138             37             52             92             51            104             52             72             42             51             78
                  26            102             78             33             60            102             29            112             68             33            129             31            144            105             15             42             51             33             81
                  28            144             94             74             55            137             82            144             46             71             82             72             92             42             94             65             65             94             23            102
                  30             33             51             96             82             37             65             46             91             80            114             88            126            114             87            102             73             51            124             74            136
                  32            123             74             94             55            114             87            119             46             82             42             88             51             11            110             86             65             94             55            114             41            124
                  35             81             65             51             62             82             31             92             72             42            124             46            138            106             37             60             52             23             94             23            112             52            116
                  36            112             96             51             82            114             51            124             91             55            151             52            165            127             31             61             73             51            102             23            124             81            136             33
                  37            110             60             72             33            102             65            108             23             60             52             65             65             15             88             65             42             72             41             91             37            106             23             94            114
                  39             72             23             62             23             65             37             73             29             42             65             52             80             51             68             61             21             37             65             65             73             65             61             60             86             42
                  40             33             23            102             68             23             71             29             73             82             71             92             82             82            102            104             65             62            110             94            115             46             91             78            109             80             46
                  42             92             55            114             68             82             94             84             65             96             11            105             23             42            124            109             73             94             92            122             84            104             46            116            144             51             58             61
                  43             96             52             33             15             91             21            100             23             15             88             23            102             60             43             31             11             33             46             46             62             80             68             51             68             46             31             74             82
                  44            104             74             23             51            102             23            112             60             23            122             21            137             96             11             33             43             31             71             11             92             78            105             29             33             82             60             92            116             37
                  45            137             86             65             46            129             72            137             37             61             81             62             92             41             84             55             55             84             15             92             11            127             42            102            114             33             65            108             82             52             82
                  46             68             21             84             41             60             60             65             42             65             46             74             60             46             91             82             42             58             78             88             80             71             55             80            108             43             23             37             37             52             82             73
                  47            122             72             60             33            115             61            122             23             52             72             55             84             33             78             51             42             72             21             84             23            114             37             92            106             21             51             94             71             41             74             15             60
                  49            138             91             41             46            132             60            141             42             46            104             42            116             65             61             31             51             73             15             72             37            122             68             87             92             52             68            114            102             43             62             29             84             33
                  50             37             21             84             58             33             52             42             65             65             84             74             97             84             81             87             51             41            101             72            110             31             94             55             87             78             37             23             74             60             71            102             41             88            102
                  51             23             29            104             73             15             72             23             80             84             81             94             92             91            102            106             68             61            116             92            122             37            100             74            106             88             51             11             71             78             92            115             46            101            119             21
                  52            108             58             58             21            101             52            108             11             46             65             51             78             29             73             51             31             61             33             78             37            100             37             82            100             15             37             80             62             33             68             29             46             15             41             73             86
                  53             42             52             88             78             46             58             55             87             72            116             80            129            112             78             94             68             43            119             65            132             11            122             42             71            104             62             51            106             73             68            123             72            109            116             33             43             97
                  55             42             41            122             84             33             92             31             87            102             65            112             72             86            124            122             82             84            123            116            124             65             94            100            132             88             62             23             55             92            114            119             46            105            129             46             29             91             72
                  57             94             65             29             46             92             15            102             55             21            115             23            129             91             21             37             37             21             72             15             92             68            100             23             37             78             51             82            108             33             11             81             73             72             65             61             81             65             60            104
                  58            112             74            124             80            102            108            104             73            108             11            116             11             42            137            119             86            110             94            137             81            124             41            132            159             55             73             81             21             94            129             82             55             74            106             94             92             68            126             74            122
                  59             62             29            104             61             52             78             55             62             84             41             94             52             58            109            102             62             73             97            105             96             74             65             94            124             60             42             31             31             72            100             91             21             78            104             46             41             65             78             29             91             51
                  61             51             33            112             72             41             84             42             74             92             52            102             61             72            116            112             71             78            109            109            110             68             80             96            127             73             51             23             42             81            106            105             33             91            116             43             33             78             73             15             97             62             15
                  62             74             33             97             52             65             73             68             51             78             33             87             46             43            105             94             55             72             84            102             82             82             51             94            122             46             37             42             23             65             96             78             15             65             92             52             52             52             84             43             88             42             15             29
                  63            132             87             31             42            127             51            136             41             37            106             33            119             68             51             21             46             65             23             62             46            115             73             78             81             55             65            109            104             37             52             37             82             37             11             96            114             42            108            126             55            109            102            114             92
                  64             55             29             65             46             52             33             62             55             46             91             55            105             81             61             68             37             21             88             52            100             37             92             37             68             72             31             42             82             43             51             91             46             78             86             21             41             65             33             65             41            100             58             60             60             80
                  65             52             42            122             82             42             94             41             84            102             55            112             62             80            126            122             81             87            119            119            119             73             86            105            136             82             61             29             46             92            116            114             42            100            126             51             37             87             80             11            106             65             23             11             37            124             68
                  66             72             37            106             62             62             82             65             61             87             31             97             42             51            114            104             65             80             94            110             91             84             58            101            130             55             46             41             21             74            105             87             23             74            102             55             51             62             87             37             96             41             11             23             11            102             65             29
                  67             15             55            114             94             23             82             29            102             96            112            105            122            119            106            119             86             68            137             94            146             21            129             72            102            114             73             41            102             94             97            138             74            124            137             37             31            110             31             55             87            122             71             62             82            130             51             65             81
                  68             78             42             42             31             74             11             84             41             23             94             33            108             74             42             46             21             11             68             37             84             58             84             33             58             62             29             61             86             23             33             74             51             62             65             42             62             51             51             82             23            102             68             74             65             58             23             84             73             73
                  69             94             43             60             15             86             46             94             11             43             60             51             73             33             72             55             23             52             46             73             51             87             42             74             96             21             23             65             55             29             65             43             33             29             52             60             72             15             84             78             60             65             52             65             41             51             52             74             51             96             42
                  72            116             82             11             51            114             31            124             58             23            124             15            138             94             11             21             46             42             62             23             84             91            102             43             41             80             65            102            119             37             15             74             87             68             51             82            102             65             82            122             23            130            106            114            100             41             62            124            109            109             41             65
                  75            127             78             88             52            119             84            124             42             78             52             82             61             15            105             80             62             92             46            109             31            126             11            114            132             21             62             96             55             65            100             33             60             29             60             97            105             33            124            101             97             51             72             86             58             65             92             94             65            132             82             41             96
                  76             62             43             60             52             61             29             71             62             43            105             51            119             92             52             65             42             15             91             41            106             37            102             23             55             81             42             55             96             46             42             97             60             84             88             33             52             72             29             78             33            114             72             73             73             80             15             82             80             55             23             61             55            102
                  77            127             84             21             41            123             43            132             42             29            109             23            123             73             41             11             42             58             33             52             55            108             80             68             71             60             62            106            106             33             42             46             81             43             21             91            109             46            101            124             46            114            102            112             92             11             73            122            102            124             51             52             31             72             72
                  79             72             51            126             82             62            100             61             81            106             37            116             42             68            132            124             84             96            114            127            109             91             73            116            146             74             65             46             29             94            123            106             42             94            122             65             55             82             96             31            114             46             23             23             31            122             80             21             21             84             91             71            129             82             94            122
                  80            130             82             42             37            124             55            132             33             42             94             41            106             55             62             33             43             68             11             71             33            116             60             84             92             42             60            105             92             37             61             23             74             23             11             94            110             31            110            119             62             97             94            106             82             15             80            116             92            129             60             42             52             51             82             23            112
                  82             61             51             65             62             62             37             72             72             51            114             58            127            102             55             72             52             23            100             42            116             33            112             21             52             92             52             60            105             55             46            106             68             94             96             37             55             82             23             82             37            123             80             80             82             88             23             88             88             52             33             71             60            112             11             80            101             91
                  83            114             72             15             33            109             29            119             37             15            105             11            119             72             33             11             31             43             41             41             62             94             80             55             62             58             51             94            100             21             31             52             72             46             33             78             97             43             86            112             33            110             92            102             84             23             60            112             94            110             37             46             23             73             58             15            114             31             65
                  84             91             51             31             23             87             11             97             33             11             94             21            108             68             37             33             15             23             55             37             72             72             78             41             60             55             33             72             88             11             29             62             55             51             51             55             74             42             65             92             23            101             74             82             68             43             37             92             78             88             15             37             33             74             37             37             97             46             46             23
                  86            151            102             61             58            144             78            152             51             65            102             62            112             61             81             51             65             91             15             92             23            138             62            106            112             52             80            124            102             60             82             21             91             33             21            115            130             46            132            136             84            102            109            123             97             31            102            132            106            151             82             60             71             52            105             41            126             23            114             52             68
                  87            102             68            127             82             92            108             92             78            110             11            119             11             51            138            123             88            108            102            137             92            116             52            130            158             62             72             72             15             96            130             92             51             82            114             87             82             74            119             62            122             15             42             51             37            116             96             52             33            112            101             68            132             62            110            119             33            104            119            114            102            112
                  89            151            101             72             60            144             84            151             51             72             92             71            102             52             92             62             68             97             21            102             11            141             51            114            122             46             80            122             94             65             92             15             88             29             33            116            129             43            136            132             92             92            105            119             91             42            105            127            100            152             87             58             82             41            109             52            119             31            119             61             74             15            102
                  90             84             42            100             55             74             80             78             52             82             23             91             37             37            110             97             60             80             82            108             78             92             43            102            129             42             43             52             15             68            102             74             23             62             92             62             62             51             94             51             94             33             23             37             11             92             68             43             15             92             72             42            105             51             82             94             33             81             91             87             73             94             29             87
                  91             72             51             51             51             71             23             81             61             37            110             43            124             94             42             58             41             11             87             31            104             46            104             15             46             82             46             65            102             42             33             94             65             82             82             42             62             71             37             87             23            119             80             82             80             73             23             91             86             65             21             62             46            102             11             65            102             78             15             51             33            100            116            106             88
                  93            108             60             43             15            102             41            110             11             33             78             37             91             43             60             37             23             52             29             65             42             96             51             71             87             29             37             82             74             21             55             33             52             21             33             72             88             15             91             97             52             82             72             84             61             31             60             94             71            108             42             21             51             46             65             33             92             23             74             29             31             43             87             46             62             62
                  94             55             15             92             52             46             65             51             55             72             52             82             65             60             97             92             51             60             91             91             94             62             68             80            110             58             31             23             42             61             87             88             15             73             97             33             33             60             65             33             78             62             15             21             21             94             43             31             23             62             55             46             94             73             58             92             37             87             65             81             62            105             55            102             31             65             65
                  96             82             60             43             52             81             21             92             62             33            116             37            130             97             33             51             42             15             84             21            102             55            106             11             37             84             51             74            108             41             23             92             72             81             78             52             72             72             46             97             15            124             88             91             86             68             33            100             94             74             23             65             37            104             21             60            110             74             23             46             31             97            122            104             94             11             61             73
                  97             52             37             68             55             51             37             61             65             51            100             60            114             92             62             73             46             23             96             51            109             29            102             33             65             82             41             46             91             51             52            100             55             87             94             23             42             74             23             68             42            109             65             65             68             86             11             73             73             46             29             62             65            102             11             80             86             88             15             65             43            110            105            114             78             21             68             51             31
                 100             97             51             96             51             87             80             91             46             80             23             88             37             23            108             91             58             82             71            108             65            102             29            105            130             31             46             65             21             65            101             62             31             51             82             71             74             42            102             65             94             29             37             51             23             84             74             58             29            104             73             37            102             37             87             87             46             72             97             82             72             82             33             74             15             91             55             42             96             84
                 101             72             65             65             71             74             42             84             81             55            127             60            141            114             51             73             61             31            106             37            124             41            124             15             41            102             65             73            119             62             43            114             82            102            100             51             68             92             31             96             37            136             94             94             96             91             37            102            102             61             41             82             58            122             23             82            115             97             15             68             52            119            132            126            105             21             82             80             23             29            109
                 104            102             82             42             68            102             37            112             78             42            137             41            151            114             23             52             60             37             92             11            112             72            123             21             15            100             72             97            129             55             21            102             94             94             82             74             94             87             62            119             23            144            110            114            108             72             55            123            116             92             43             82             33            119             42             62            132             81             41             51             46            102            144            112            115             33             74             96             23             52            116             33
                 105            112             91             41             73            112             43            122             82             46            144             42            158            119             21             51             65             46             92             15            114             82            127             31             11            105             80            106            137             60             23            104            102             97             81             84            104             91             72            129             29            151            119            123            116             71             65            132            124            102             51             88             31            123             52             61            141             82             51             52             51            102            151            112            122             42             78            105             33             62            122             42             11
                 106            105             62             23             23            100             23            109             29             11             96             15            110             65             37             21             21             37             42             42             61             86             73             52             65             51             41             84             91             11             33             51             62             42             37             68             87             37             80            102             31            102             82             92             74             29             51            102             84            102             29             37             29             68             51             23            104             33             60             11             15             55            105             62             78             46             23             71             42             58             73             65             52             55
                 107             23             52            105             88             29             73             37             96             88            112             96            124            116             97            110             80             60            130             84            141             11            126             62             92            109             68             42            102             86             87            132             72            119            129             33             33            105             21             60             78            122             72             65             81            122             43             68             82             11             65             91            100            129             46            116             87            122             42            102             80            144            114            146             92             55            102             61             65             37            102             51             82             92             94
                 109             11             46            109             86             15             78             23             94             91            102            100            112            109            104            114             80             65            129             92            138             23            119             71            102            105             65             31             92             88             94            130             65            116            130             29             21            102             33             46             84            112             61             52             72            124             46             55             71             11             68             88            106            123             52            119             74            122             51            105             82            144            102            144             82             62            101             52             72             42             94             62             92            102             96             15
                 110             92             68             37             55             92             23            102             65             31            122             33            137            100             23             46             46             23             82             11            102             65            109             15             29             87             58             84            115             42             15             92             80             82             74             62             82             74             55            106             11            130             96            100             94             65             42            109            102             84             29             68             29            106             31             55            119             72             33             42             33             94            129            102            101             21             62             82             11             41            102             29             15             23             41             74             82
                 111             82             41             41             21             78             15             87             31             21             86             31            101             65             46             42             11             21             60             43             74             65             74             42             65             52             23             62             80             15             37             65             46             52             58             46             65             41             60             81             29             94             65             72             60             51             29             82             68             80             11             33             42             72             33             46             87             51             42             33             11             73             94             78             65             31             33             52             33             37             65             51             51             58             23             72             73             37
                 112             92             73             46             65             92             33            102             74             41            130             42            144            109             29             55             55             29             92             15            112             62            119             11             23             97             65             87            122             52             23            102             86             92             84             65             84             84             52            109             21            138            102            105            101             74             46            114            108             82             37             78             37            116             33             65            124             82             31             52             42            104            137            112            108             23             72             88             15             42            110             23             11             21             51             72             81             11             46
                 113             94             52            105             60             84             86             87             55             88             15             96             29             33            116            100             65             88             81            115             74            102             37            110            137             41             51             62             11             73            108             72             33             61             92             72             72             52            104             60            101             23             33             46             21             94             78             51             23            102             80             46            110             46             91             97             37             82            100             91             80             92             23             84             11             96             65             41            102             87             11            114            122            129             82            102             92            108             72            116
                 114             31             41             91             73             33             60             42             82             73            104             82            116            104             84             96             65             46            116             72            127             11            114             51             82             97             55             37             94             72             74            119             61            105            115             21             29             91             15             58             65            114             65             60             72            108             29             65             74             23             51             78             87            116             33            102             82            108             31             88             65            130            106            132             82             42             88             52             52             23             92             42             71             81             80             15             21             62             58             61             92
                 115             23             46            124             91             15             92             11             96            104             84            114             92            102            122            126             87             81            132            112            137             51            110             94            126            101             68             23             74             97            112            130             58            116            136             41             21            102             60             21            102             94             46             33             60            132             61             31             55             37             82             88            122            116             72            129             51            127             74            116             94            146             82            144             68             82            105             43             92             62             82             87            114            124            106             43             29            102             84            104             78             46
                 116             88             37             68             23             80             51             86             21             51             51             60             65             31             80             65             29             55             55             80             58             84             41             78            102             23             21             58             46             37             72             51             23             37             62             55             65             23             82             68             65             58             42             55             31             61             51             65             41             91             46             11             73             42             62             62             61             52             72             55             43             68             60             65             33             65             31             37             68             61             29             84             88             94             46             87             82             73             37             82             37             74             80
                 117             15             65            132            108             23            100             21            115            114            114            123            122            127            126            136            102             87            151            114            159             41            136             92            122            124             86             46            104            110            116            151             82            137            152             51             37            122             51             51            106            124             74             62             87            146             68             61             84             21             91            108            129            141             74            141             81            144             72            127            105            165            112            165             97             84            122             68             94             65            109             81            112            122            119             31             23            104             96            102            106             42             31            102
                 120            114             72            116             72            104            102            106             65            101             15            108             21             33            129            110             80            105             84            130             71            122             31            127            152             46             68             82             23             86            122             72             52             65             97             92             92             60            124             78            116             11             52             65             41            100             97             68             42            122             96             58            122             41            109            105             51             87            119            102             94             92             23             81             31            114             73             61            119            106             23            132            138            144             94            122            112            124             88            132             21            112             97             51            126
                 122            119             74             23             31            114             37            123             33             23            100             21            114             65             42             15             33             51             31             51             52            101             72             65             72             51             52             97             97             23             41             42             71             37             23             82            100             37             94            114             42            105             92            102             82             15             65            112             92            116             43             42             33             65             65             11            112             21             73             11             29             42            109             51             84             60             23             82             55             72             78             78             61             62             15            108            110             52             37             62             87             94            119             52            132             96
                 124             65             21             61             29             60             33             68             37             41             73             51             88             61             65             62             23             29             72             60             82             55             71             51             80             52             11             42             65             33             55             73             29             60             73             29             46             46             52             61             46             82             46             52             43             68             21             62             51             65             23             33             62             72             33             65             68             65             42             52             31             86             80             88             51             37             43             33             43             31             55             55             65             73             42             60             58             51             21             58             60             46             65             31             80             78             55
                 125            106             61            102             58             97             88            100             51             86             21             94             33             21            115             96             65             91             72            116             62            112             23            114            138             33             55             74             23             72            108             61             41             52             84             81             84             46            112             73            102             23             46             60             33             87             84             65             37            114             82             43            108             33             97             91             51             74            106             88             80             81             31             72             23            100             60             52            105             94             11            119            124            130             80            112            104            110             73            119             15            102             91             37            119             15             82             65
                 126             42             21            102             65             33             72             37             68             81             61             92             72             73            104            102             62             65            105             97            108             55             82             82            114             72             42             11             51             72             94            102             29             88            109             29             21             73             60             21             84             71             21             15             33            106             46             23             31             51             62             60            102             88             60            104             37            100             65             92             71            119             62            116             42             68             78             15             78             51             55             80            100            109             82             52             41             87             61             91             52             46             29             51             55             72             94             41             65
                 127             65             15             72             33             58             46             65             37             52             60             62             73             52             78             71             31             43             73             73             80             62             62             65             94             46             11             37             51             41             68             72             15             58             78             33             43             43             61             52             60             68             33             41             29             74             33             51             37             68             37             29             74             65             46             72             55             68             55             61             42             88             65             86             37             51             46             21             58             42             42             68             80             88             51             65             60             65             33             72             46             52             60             23             80             65             62             15             52             33
                 128             82             72             60             72             84             41             94             82             52            132             55            146            116             43             68             62             33            104             29            122             51            126             11             31            104             68             82            124             61             37            112             88            102             97             60             78             92             41            105             33            141            101            102            102             87             43            110            108             71             42             84             51            124             29             78            122             94             23             65             51            116            138            124            110             23             81             86             21             37            114             11             23             33             62             61             72             23             52             15            119             52             97             87             92            136             74             60            123             88             73
                 129             46             11             92             55             37             62             43             60             71             62             81             74             68             94             92             52             55             96             87            101             52             78             73            105             65             33             15             52             62             84             94             23             80            100             23             23             65             55             31             74             72             23             23             31             97             37             33             33             52             52             51             92             82             51             94             43             91             58             82             61            110             65            108             41             60             68             11             68             43             52             72             91            100             72             51             42             78             51             82             51             42             37             43             60             71             84             31             62             11             23             80
                 130            138             88             78             52            130             81            137             42             72             72             74             81             33             97             68             62             92             29            104             11            132             31            112            126             29             68            108             74             61             94             15             72             21             43            105            116             33            129            116             92             71             88            102             73             51             97            110             82            141             82             46             87             21            104             60            100             37            114             65             71             33             82             21             68            102             41             86            102            106             55            122            114            116             62            136            132            102             72            112             65            123            129             51            152             61             55             78             52            101             73            122             94
                 131             62             46            124             81             52             97             51             82            104             46            114             52             73            129            122             82             91            116            123            114             82             80            110            141             78             62             37             37             92            119            109             41             97            124             58             46             84             88             21            109             55             21             15             33            122             73             11             23             74             87             72            126             88             88            122             11            114             94            112             94            129             42            123             37             96             92             33            105             80             51            108            127            136            102             78             65            114             84            119             43             73             41             62             71             60            112             65             58             29             52            116             37            105
                 132             81             51            119             74             71             96             72             72            100             23            109             31             55            127            116             78             94            102            124             97             97             60            115            144             62             60             52             15             87            119             94             37             82            112             68             62             71            100             42            110             33             23             31             23            112             80             33             15             92             88             62            123             68             94            114             15            102            102            106             91            114             21            106             21            101             82             37            108             88             33            116            130            138             97             94             82            116             82            122             23             87             62             52             92             37            104             65             37             42             51            122             46             87             23
                 133            116             68             37             23            110             42            119             21             31             87             33            100             51             55             29             29             55             23             62             41            102             58             72             84             37             46             91             84             23             52             31             62             23             23             80             96             23             96            106             51             91             82             94             71             21             65            104             81            115             46             31             46             51             68             23            102             15             78             23             33             37             97             42             72             65             11             74             62             73             65             84             72             74             21            108            108             61             37             71             74             94            114             41            130             82             15             51             68             87             55             82             78             42            102             92
