    #        ngroups         ntours         nspots
                  70             53             97

    #        spot_id         n_name         length              a              b
                   2         Spot_2            210              0           1440
                   3         Spot_3            210              0           1440
                   4         Spot_4            150              0           1440
                   5         Spot_5             90              0           1440
                   6         Spot_6             60              0           1440
                   7         Spot_7             60              0           1440
                   8         Spot_8            120              0           1440
                   9         Spot_9            150              0           1440
                  11        Spot_11            180              0           1440
                  13        Spot_13            120              0           1440
                  15        Spot_15            210              0           1440
                  18        Spot_18            210              0           1440
                  20        Spot_20            180              0           1440
                  21        Spot_21            180              0           1440
                  22        Spot_22            150              0           1440
                  25        Spot_25            180              0           1440
                  27        Spot_27             90              0           1440
                  30        Spot_30             60              0           1440
                  31        Spot_31             90              0           1440
                  32        Spot_32            150              0           1440
                  33        Spot_33            210              0           1440
                  34        Spot_34            120              0           1440
                  35        Spot_35            150              0           1440
                  37        Spot_37             60              0           1440
                  38        Spot_38            180              0           1440
                  39        Spot_39             90              0           1440
                  40        Spot_40             60              0           1440
                  41        Spot_41             60              0           1440
                  42        Spot_42             60              0           1440
                  43        Spot_43            210              0           1440
                  46        Spot_46             60              0           1440
                  47        Spot_47            120              0           1440
                  48        Spot_48            150              0           1440
                  49        Spot_49             60              0           1440
                  51        Spot_51             60              0           1440
                  52        Spot_52             90              0           1440
                  53        Spot_53            150              0           1440
                  54        Spot_54            180              0           1440
                  55        Spot_55             60              0           1440
                  56        Spot_56            180              0           1440
                  57        Spot_57             90              0           1440
                  63        Spot_63            120              0           1440
                  66        Spot_66            120              0           1440
                  67        Spot_67             60              0           1440
                  69        Spot_69            120              0           1440
                  71        Spot_71            180              0           1440
                  72        Spot_72             60              0           1440
                  75        Spot_75            120              0           1440
                  76        Spot_76             90              0           1440
                  78        Spot_78             90              0           1440
                  79        Spot_79             60              0           1440
                  80        Spot_80            210              0           1440
                  81        Spot_81             60              0           1440
                  82        Spot_82            150              0           1440
                  83        Spot_83             60              0           1440
                  84        Spot_84            210              0           1440
                  85        Spot_85             90              0           1440
                  86        Spot_86            180              0           1440
                  87        Spot_87             60              0           1440
                  88        Spot_88            210              0           1440
                  89        Spot_89            120              0           1440
                  90        Spot_90            180              0           1440
                  91        Spot_91            210              0           1440
                  94        Spot_94            210              0           1440
                  96        Spot_96            180              0           1440
                  97        Spot_97             60              0           1440
                  98        Spot_98             90              0           1440
                  99        Spot_99            210              0           1440
                 100       Spot_100             90              0           1440
                 101       Spot_101             60              0           1440
                 102       Spot_102            150              0           1440
                 104       Spot_104            210              0           1440
                 105       Spot_105             90              0           1440
                 108       Spot_108             90              0           1440
                 109       Spot_109            120              0           1440
                 112       Spot_112            210              0           1440
                 113       Spot_113            210              0           1440
                 114       Spot_114             60              0           1440
                 115       Spot_115            210              0           1440
                 116       Spot_116            150              0           1440
                 117       Spot_117             60              0           1440
                 118       Spot_118            210              0           1440
                 119       Spot_119            120              0           1440
                 120       Spot_120            180              0           1440
                 121       Spot_121             90              0           1440
                 122       Spot_122             60              0           1440
                 123       Spot_123            210              0           1440
                 124      Hotel_124              0              0           1440
                 125      Hotel_125              0              0           1440
                 126      Hotel_126              0              0           1440
                 127      Hotel_127              0              0           1440
                 128      Hotel_128              0              0           1440
                 129      Hotel_129              0              0           1440
                 130      Hotel_130              0              0           1440
                 131      Hotel_131              0              0           1440
                 132      Hotel_132              0              0           1440
                 133      Hotel_133              0              0           1440

    #          tr_id        tr_name          nspot            seq
                  31        Tour_31              3             86              4              7
                  48        Tour_48              3            122             86             42
                  57        Tour_57              2             46            115
                  73        Tour_73              2             46            113
                  15        Tour_15              2             53             32
                   7         Tour_7              3            100            112              9
                  42        Tour_42              2            118             51
                  36        Tour_36              2             31             53
                  83        Tour_83              2             52             88
                  81        Tour_81              2            118             71
                  98        Tour_98              3              7             53             48
                  26        Tour_26              2            113             91
                  72        Tour_72              3             66             27            123
                   3         Tour_3              2             96            114
                  61        Tour_61              2             34             48
                  79        Tour_79              2             79             91
                  28        Tour_28              2             91             81
                   1         Tour_1              2            121             56
                   8         Tour_8              2              9             79
                  30        Tour_30              2            121             55
                  59        Tour_59              3            119             34             72
                  23        Tour_23              3             76             89            120
                  44        Tour_44              3             25             42             37
                  89        Tour_89              2             41              3
                  99        Tour_99              3             67             13             57
                  54        Tour_54              3             69            100             82
                  84        Tour_84              3             49             69             47
                  80        Tour_80              2            101              5
                  85        Tour_85              3             94             35            114
                  17        Tour_17              3             34            108             49
                  76        Tour_76              3             38             98             39
                  74        Tour_74              3            105              2            109
                  90        Tour_90              3             43             72             30
                  50        Tour_50              3            116             40             87
                  11        Tour_11              3             52             66             55
                  56        Tour_56              2            117             13
                  78        Tour_78              2            102              8
                  18        Tour_18              2             11             47
                  45        Tour_45              2              6             88
                  91        Tour_91              2            104             22
                  58        Tour_58              3             87             27             54
                   0         Tour_0              1             84
                  41        Tour_41              2             80             32
                  62        Tour_62              2             15            119
                  14        Tour_14              2             88             85
                  86        Tour_86              1             91
                  27        Tour_27              3             43             51             67
                  13        Tour_13              3             97             21            117
                  87        Tour_87              2            114             33
                   6         Tour_6              2             99              4
                  21        Tour_21              3            100             78             18
                  71        Tour_71              3             94             83             20
                  94        Tour_94              3             63             90             75

    #          gr_id        gr_size          tr_id         origin
                   0              3             31            129
                   1              8             48            129
                   2              1             57            130
                   3              7             73            124
                   4              3             15            133
                   5              5              7            130
                   6              2             42            131
                   7              8             36            133
                   8              7             83            127
                   9              9             81            126
                  10              7             98            126
                  11              8             26            125
                  12              3             72            133
                  13              6              3            132
                  14              2             61            125
                  15              8             79            132
                  16              8             28            130
                  17              5              1            132
                  18              5              8            131
                  19              4             30            129
                  20              5             59            125
                  21              2             23            129
                  22              1             44            132
                  23              9             89            128
                  24              3             99            132
                  25              7             54            132
                  26              9             84            129
                  27              8             80            127
                  28              3             85            125
                  29              7             17            133
                  30              4             76            124
                  31              1             74            131
                  32              9             90            126
                  33              3             50            124
                  34              9             11            127
                  35              8             56            129
                  36              4             78            131
                  37              1             18            126
                  38              4             45            130
                  39              1             91            129
                  40              1             58            125
                  41              3              0            129
                  42              4             41            128
                  43              3             62            127
                  44              4             14            130
                  45              1             86            128
                  46              6             27            131
                  47              1             13            131
                  48              2             87            126
                  49              5              6            132
                  50              3             21            127
                  51              4             71            124
                  52              1             94            128
                  53              5             98            132
                  54              1             48            131
                  55              1             28            133
                  56              6             71            128
                  57              4             72            128
                  58              1             50            131
                  59              1             91            130
                  60              7              8            126
                  61              3             72            124
                  62              4             86            124
                  63              9             54            133
                  64              4             27            124
                  65              4             50            127
                  66              7             94            124
                  67              7             99            125
                  68              7             79            128
                  69              2             89            130

    #            o/d              2              3              4              5              6              7              8              9             11             13             15             18             20             21             22             25             27             30             31             32             33             34             35             37             38             39             40             41             42             43             46             47             48             49             51             52             53             54             55             56             57             63             66             67             69             71             72             75             76             78             79             80             81             82             83             84             85             86             87             88             89             90             91             94             96             97             98             99            100            101            102            104            105            108            109            112            113            114            115            116            117            118            119            120            121            122            123            124            125            126            127            128            129            130            131            132            133
                   3             55
                   4             81             37
                   5             65             97            132
                   6             60            108            123            102
                   7             46             11             46             87            101
                   8             43             96            116             82             21             88
                   9             52             31             33            110             91             33             84
                  11            108             60             71            124            165             65            151             87
                  13             51             15             51             84            108             11             94             42             58
                  15             65             82            119             23            112             73             92            101            102             68
                  18             33             23             52             82             86             15             73             29             80             23             72
                  20             84             51             21            141            116             58            112             33             92             65            130             60
                  21             82             33             11            129            127             42            119             37             61             46            114             51             31
                  22             42             15             42             91             94             11             82             23             73             21             80             11             51             41
                  25             88             37             52            112            144             43            130             65             23             37             92             58             72             42             51
                  27             58             94            129             11             92             84             72            105            126             82             29             78            136            126             87            112
                  30             51             88             96            109             31             82             37             65            146             91            114             68             87            102             73            124            100
                  31             65             21             51             92            122             23            108             51             43             15             74             37             68             43             33             23             92            105
                  32             74             60             94             65            132             55            114             87             61             46             42             62            110             86             65             55             68            124             43
                  33             58             62             58            122             72             61             72             33            119             71            119             52             46             65             51             97            115             42             82            114
                  34             42             97            122             61             42             87             23             92            146             91             74             74            122            124             84            127             51             58            105            102             87
                  35             65             61             51            129             82             62             82             31            116             72            124             55             37             60             52             94            122             52             81            116             11             97
                  37             60             37             72             71            119             33            102             65             55             23             52             41             88             65             42             41             72            106             23             23             92             94             94
                  38             15             68             92             68             46             60             29             61            122             65             72             46             92             94             55            102             60             42             80             87             60             31             68             73
                  39             23             33             62             73             80             23             65             37             86             29             65             11             68             61             21             65             68             65             43             61             55             65             60             42             37
                  40             23             78            102             65             42             68             23             71            130             73             71             55            102            104             65            110             55             46             88             91             68             21             78             80             11             46
                  41             46             74            109             23             92             65             72             88            106             62             21             60            119            106             68             92             21             94             71             51            102             55            108             52             52             51             51
                  42             55             78            114             21            102             68             82             94            104             65             11             65            124            109             73             92             23            104             72             46            110             65            116             51             62             58             61             11
                  43             52             11             33            100            102             15             91             21             68             23             88             21             43             31             11             46             97             80             31             68             52             94             51             46             65             31             74             78             82
                  46             21             51             84             51             78             41             60             60             96             42             46             33             91             82             42             78             46             71             55             55             73             51             80             43             33             23             37             29             37             52
                  47             72             31             60             92            130             33            115             61             37             23             72             46             78             51             42             21             92            114             11             37             92            110             92             21             86             51             94             72             71             41             60
                  48             73             23             46            102            129             29            116             52             37             23             84             43             65             37             37             15            102            110             11             51             84            114             82             33             88             51             96             81             82             33             65             15
                  49             91             37             41            122            144             46            132             60             31             42            104             60             61             31             51             15            122            122             31             68             91            132             87             52            105             68            114            102            102             43             84             33             21
                  51             29             82            104             74             33             73             15             72            137             80             81             60            102            106             68            116             65             37             94            100             65             23             74             88             15             51             11             61             71             78             46            101            102            119
                  52             58             23             58             82            116             21            101             52             51             11             65             33             73             51             31             33             81            100             11             37             81             96             82             15             72             37             80             61             62             33             46             15             21             41             86
                  53             52             82             88            114             41             78             46             58            141             87            116             65             78             94             68            119            105             11            100            122             33             65             42            104             46             62             51             97            106             73             72            109            105            116             43             97
                  54             78             23             33            114            130             33            119             46             42             31             97             46             52             23             37             21            112            108             23             65             78            119             74             46             91             55            100             92             94             29             72             29             15             15            105             33            102
                  55             41             94            122             51             52             84             33             92            141             87             65             72            124            122             82            123             41             65            100             94             91             11            100             88             33             62             23             46             55             92             46            105            109            129             29             91             72            116
                  56             37             81            114             33             71             71             51             87            123             72             42             62            119            112             72            106             23             78             84             72             94             33            102             68             37             52             33             23             33             82             31             87             94            114             42             74             82            102             23
                  57             65             42             29            124             97             46             92             15             94             55            115             43             21             37             37             72            119             68             62            100             29            102             23             78             72             51             82            102            108             33             73             72             61             65             81             65             60             52            104            100
                  63             87             33             31            124            138             42            127             51             41             41            106             55             51             21             46             23            122            115             33             73             82            129             78             55            100             65            109            102            104             37             82             37             23             11            114             42            108             11            126            112             55
                  66             37             72            106             29             82             62             62             82            109             61             31             55            114            104             65             94             23             84             72             58             94             46            101             55             42             46             41             11             21             74             23             74             82            102             51             62             87             92             37             15             96            102
                  67             55            101            114            104             11             94             23             82            159            102            112             80            106            119             86            137             94             21            116            129             62             46             72            114             42             73             41             92            102             94             74            124            122            137             31            110             31            122             55             72             87            130             81
                  69             43             23             60             74            102             15             86             46             65             11             60             21             72             55             23             46             72             87             23             42             72             82             74             21             58             23             65             52             55             29             33             29             33             52             72             15             84             41             78             62             60             51             51             96
                  71             37             46             55            101             68             42             62             23            105             52             96             31             51             60             33             82             94             43             65             92             23             72             29             71             42             33             52             80             88             37             51             74             68             80             51             62             37             65             74             73             31             72             72             60             51
                  72             82             43             11            136            119             51            114             31             81             58            124             55             11             21             46             62            132             91             60            102             51            122             43             80             92             65            102            114            119             37             87             68             55             51            102             65             82             42            122            116             23             41            109            109             65             52
                  75             78             55             88             74            136             52            119             84             51             42             52             61            105             80             62             46             78            126             37             11            112            108            114             21             91             62             96             60             55             65             60             29             43             60            105             33            124             58            101             80             97             65             65            132             41             92             96
                  76             43             55             60            108             65             52             61             29            114             62            105             41             52             65             42             91            101             37             74            102             15             74             23             81             46             42             55             88             96             46             60             84             78             88             52             72             29             73             78             80             33             80             80             55             61             11             55            102
                  78             11             60             82             73             51             51             37             51            115             58             74             37             82             84             46             94             65             41             72             84             51             41             60             68             11             29             21             55             65             55             31             80             80             96             23             65             42             82             42             43             62             91             46             46             51             33             81             87             37
                  79             51             92            126             21             82             82             62            100            129             81             37             74            132            124             84            114             11             91             92             73            108             41            116             74             51             65             46             23             29             94             42             94            102            122             55             82             96            112             31             15            114            122             21             84             71             88            129             82             94             58
                  80             82             29             42            112            137             37            124             55             33             33             94             51             62             33             43             11            112            116             21             60             87            123             84             42             96             60            105             92             92             37             74             23             11             11            110             31            110             11            119            104             62             15             92            129             42             73             52             51             82             88            112
                  81             55             78             80            119             51             74             55             51            136             84            119             62             68             86             65            114            110             21             97            122             23             73             33            102             51             61             58            100            109             68             74            106            100            110             51             94             11             96             80             88             51            102             91             41             82             33             73            122             23             46            102            105
                  82             51             65             65            116             62             62             62             37            123             72            114             51             55             72             52            100            108             33             84            112             11             78             21             92             51             52             60             96            105             55             68             94             87             96             55             82             23             82             82             86             37             88             88             52             71             21             60            112             11             43            101             91             15
                  83             72             23             15            119            119             33            109             29             62             37            105             41             33             11             31             41            116             94             37             80             60            114             55             58             84             51             94             97            100             21             72             46             33             33             97             43             86             21            112            102             33             23             94            110             46             51             23             73             58             74            114             31             80             65
                  84             51             21             31            105             96             23             87             11             78             33             94             23             37             33             15             55            100             72             41             78             42             92             41             55             62             33             72             82             88             11             55             51             42             51             74             42             65             37             92             84             23             43             78             88             37             29             33             74             37             52             97             46             60             46             23
                  85             37             21             55             78             94             11             80             37             72             15             65             11             65             52             15             51             74             78             29             52             62             78             65             31             51             15             60             55             60             23             31             37             37             55             65             23             74             42             74             61             51             52             52             88             11             41             60             51             51             43             72             46             72             61             42             29
                  86            102             51             61            122            158             58            144             78             11             51            102             72             81             51             65             15            124            138             37             62            109            141            106             52            116             80            124            104            102             60             91             33             29             21            130             46            132             33            136            119             84             31            106            151             60             96             71             52            105            108            126             23            127            114             52             68             65
                  87             68             91            127             15            112             82             92            108            112             78             11             80            138            123             88            102             23            116             84             52            124             72            130             62             74             72             72             23             15             96             51             82             94            114             82             74            119            106             62             41            122            116             33            112             68            102            132             62            110             78             33            104            123            119            114            102             73            112
                  88             60             87            123             11            102             78             81            102            114             74             15             73            132            119             82            102             15            106             82             55            116             62            122             61             65             65             62             15             11             91             43             81             92            112             72             72            109            104             52             31            116            114             23            102             65             94            127             65            102             68             23            102            114            110            109             96             68            112             11
                  89            101             55             72            114            159             60            144             84             11             51             92             73             92             62             68             21            116            141             37             51            116            138            114             46            115             80            122             97             94             65             88             29             33             33            129             43            136             41            132            114             92             42            100            152             58            100             82             41            109            108            119             31            132            119             61             74             65             15            102            104
                  90             42             65            100             33             94             55             74             80             97             52             23             51            110             97             60             82             31             92             61             43             96             60            102             42             51             43             52             11             15             68             23             62             71             92             62             51             94             82             51             29             94             92             15             92             42             73            105             51             82             52             33             81             97             91             87             73             46             94             29             23             87
                  91             51             52             51            115             74             51             71             23            109             61            110             42             42             58             41             87            108             46             72            104             11             84             15             82             55             46             65             94            102             42             65             82             74             82             62             71             37             68             87             88             23             73             86             65             62             15             46            102             11             46            102             78             29             15             51             33             52            100            116            108            106             88
                  94             15             62             92             51             65             52             46             65            110             55             52             41             97             92             51             91             43             62             68             68             72             37             80             58             21             31             23             33             42             61             15             73             78             97             33             60             65             84             33             23             78             94             23             62             46             51             94             73             58             23             37             87             68             65             81             62             42            105             55             46            102             31             65
                  96             60             51             43            122             84             52             81             21            106             62            116             46             33             51             42             84            116             55             71            106             15             94             11             84             65             51             74            101            108             41             72             81             72             78             72             72             46             65             97             96             15             68             94             74             65             23             37            104             21             55            110             74             37             23             46             31             55             97            122            115            104             94             11             73
                  97             37             60             68            102             55             55             51             37            119             65            100             42             62             73             46             96             94             29             78            102             23             65             33             82             37             41             46             82             91             51             55             87             82             94             42             74             23             80             68             72             42             86             73             46             62             15             65            102             11             29             86             88             21             15             65             43             52            110            105             96            114             78             21             51             31
                  98             65             33             65             81            124             31            108             62             46             21             62             42             82             58             41             31             82            109             15             29             92            102             92             11             80             46             86             62             61             42             51             11             23             42             94             11            106             37             96             78             74             46             65            119             23             72             73             23             82             73             84             33            104             92             51             52             33             42             72             71             37             52             81             65             82             84
                  99             55             41             37            116             87             42             82             11             97             52            108             37             31             43             33             74            110             60             61             97             23             92             21             74             62             43             72             94            101             31             65             71             62             68             71             62             51             55             94             91             11             60             88             78             55             21             33             94             23             52            105             65             43             29             37             21             46             87            115            108             94             86             15             68             11             33             72
                 100             51             60             96             41            106             51             87             80             84             46             23             51            108             91             58             71             42            102             52             29            100             73            105             31             62             46             65             23             21             65             31             51             62             82             74             42            102             74             65             43             94             84             29            104             37             78            102             37             87             61             46             72            104             97             82             72             43             82             33             31             74             15             91             42             96             84             41             88
                 101             65             72             65            130             71             71             74             42            129             81            127             62             51             73             61            106            122             41             92            124             11             91             15            102             65             65             73            110            119             62             82            102             94            100             68             92             31             87             96            101             37             91            102             61             82             33             58            122             23             58            115             97             21             15             68             52             72            119            132            124            126            105             21             80             23             29            102             33            109
                 102             82             52             82             84            141             51            124             82             41             41             62             62            100             73             61             37             87            129             33             21            112            115            112             23             96             65            102             68             65             62             65             23             37             51            110             31            126             51            108             88             94             58             73            136             42             92             91             11            102             91             91             43            124            112             68             72             52             42             72             74             31             60            102             80            102            104             21             92             46            122
                 104             82             65             42            144            102             68            102             37            112             78            137             65             23             52             60             92            138             72             84            123             31            116             21            100             87             72             97            122            129             55             94             94             82             82             94             87             62             71            119            119             23             72            116             92             82             46             33            119             42             78            132             81             52             41             51             46             73            102            144            137            112            115             33             96             23             52             97             29            116             33            116
                 105             91             68             41            152            112             73            112             43            112             82            144             72             21             51             65             92            146             82             87            127             41            126             31            105             97             80            106            130            137             60            102             97             84             81            104             91             72             72            129            127             29             71            124            102             88             55             31            123             52             87            141             82             62             51             52             51             80            102            151            144            112            122             42            105             33             62            100             37            122             42            119             11
                 108             55             43             80             61            114             37             96             68             65             29             42             42             94             73             46             51             62            104             33             21             94             86             97             11             68             41             73             42             41             51             37             31             42             62             82             23            102             55             80             60             82             65             46            109             23             72             86             23             82             65             65             52            102             92             65             60             33             62             52             51             55             33             84             51             87             81             21             78             21            104             29            105            110
                 109             46             94            109             94             15             86             15             78            151             94            102             72            104            114             80            129             84             23            108            119             61             37             71            105             33             65             31             81             92             88             65            116            115            130             21            102             33            116             46             62             84            124             71             11             88             55            106            123             52             37             74            122             42             51            105             82             80            144            102             92            144             82             62             52             72             42            110             74             94             62            127             92            102            100
                 112             73             62             46            137             92             65             92             33            114             74            130             60             29             55             55             92            130             62             82            119             21            106             11             97             78             65             87            115            122             52             86             92             81             84             84             84             52             72            109            110             21             74            108             82             78             37             37            116             33             68            124             82             42             31             52             42             68            104            137            129            112            108             23             88             15             42             94             23            110             23            114             11             21            100             81
                 113             52             68            105             31            104             60             84             86             94             55             15             58            116            100             65             81             33            102             62             37            105             68            110             41             61             51             62             15             11             73             33             61             72             92             72             52            104             84             60             37            101             94             23            102             46             82            110             46             91             62             37             82            106            100             91             80             51             92             23             21             84             11             96             41            102             87             51             94             11            114             55            122            129             31             92            116
                 114             41             80             91            100             33             73             33             60            138             82            104             60             84             96             65            116             91             11             96            114             41             51             51             97             33             55             37             84             94             72             61            105            102            115             29             91             15            101             58             68             65            108             74             23             78             37             87            116             33             31             82            108             23             31             88             65             68            130            106             97            132             82             42             52             52             23            100             55             92             42            119             71             81             94             21             61             92
                 115             46            100            124             71             33             91             15             92            152             96             84             78            122            126             87            132             61             51            110            110             84             11             94            101             33             68             23             65             74             97             58            116            119            136             21            102             60            123             21             42            102            132             55             37             88             71            122            116             72             42             51            127             68             74            116             94             82            146             82             72            144             68             82             43             92             62            108             92             82             87            122            114            124             94             29            104             78             46
                 116             37             33             68             65             96             23             80             51             73             21             51             23             80             65             29             55             62             84             33             41             74             73             78             23             51             21             58             42             46             37             23             37             42             62             65             23             82             51             68             52             65             61             41             91             11             52             73             42             62             46             61             52             81             72             55             43             15             68             60             55             65             33             65             37             68             61             29             60             29             84             46             88             94             21             82             82             37             74             80
                 117             65            116            132            102             11            108             23            100            172            115            114             94            126            136            102            151             92             41            129            136             82             41             92            124             51             86             46             94            104            110             82            137            137            152             37            122             51            138             51             72            106            146             84             21            108             78            129            141             74             58             81            144             61             72            127            105            101            165            112            102            165             97             84             68             94             65            130             97            109             81            146            112            122            119             23            102            106             42             31            102
                 118             96             43             51            122            151             51            138             68             21             46            102             65             71             41             58             11            122            130             33             65            100            136             97             51            110             73            119            102            102             51             87             31             23             11            124             42            124             23            132            116             74             21            104            144             55             88             61             55             96            102            124             15            119            105             42             60             60             11            112            112             23             92             91            100             87            102             41             78             81            109             46             92             92             61            137             94             92            122            141             65            159
                 119             33             65             78             96             46             60             41             46            124             68             97             46             72             82             51            102             88             23             82            102             33             55             42             84             29             42             37             78             87             58             52             91             88            101             33             78             21             86             60             65             52             94             68             37             65             23             74            104             21             23             80             94             23             23             73             51             55            116            100             91            119             74             31             46             41             11             87             42             82             37            106             62             72             82             33             52             84             15             52             62             55            108
                 120             72             80            116             37            124             72            104            102             92             65             15             73            129            110             80             84             43            122             68             31            123             87            127             46             81             68             82             33             23             86             52             65             78             97             92             60            124             91             78             55            116            100             42            122             58            100            122             41            109             82             51             87            126            119            102             94             65             92             23             29             81             31            114             61            119            106             55            110             23            132             51            138            144             37            112            132             21            112             97             51            126             94            104
                 121             46             37             73             62            105             29             88             60             68             23             46             33             86             68             37             52             61             94             31             31             84             80             87             15             60             31             65             41             42             43             29             33             41             61             73             21             92             52             73             55             73             62             42            100             15             62             80             33             72             55             62             51             92             82             60             51             23             65             55             52             60             31             74             43             78             71             23             68             23             94             37             96            102             11             91             91             33             84             86             11            110             62             72             43
                 122             74             21             23            116            124             31            114             37             52             33            100             42             42             15             33             31            114            101             29             72             68            116             65             51             87             52             97             94             97             23             71             37             23             23            100             37             94             11            114            102             42             15             92            116             42             58             33             65             65             78            112             21             88             73             11             29             41             42            109            106             51             84             60             82             55             72             43             46             78             78             60             61             62             60            110             62             87             94            119             52            132             33             80             96             55
                 123             31             72             87             91             37             65             31             55            130             73             94             51             82             91             58            108             82             21             88            104             42             46             52             87             23             46             29             74             84             65             51             96             94            108             23             82             23             94             51             60             62            102             65             29             68             33             84            106             31             21             73            101             29             33             82             60             60            122             97             87            124             72             41             42             51             21             91             52             81             46            109             72             82             84             23             62             82             11             42             65             46            115             11            102             74             88
                 124             21             37             61             80             72             29             60             33             94             37             73             15             65             62             23             72             73             55             51             71             46             62             51             52             33             11             42             58             65             33             29             60             58             73             46             46             52             60             61             55             46             68             51             65             33             23             62             72             33             23             68             65             51             42             52             31             23             86             80             72             88             51             37             33             43             31             55             37             55             55             74             65             73             51             58             58             60             46             65             31             80             80             33             78             41             55             37
                 125             61             65            102             42            116             58             97             88             82             51             21             60            115             96             65             72             46            112             55             23            109             82            114             33             72             55             74             29             23             72             41             52             65             84             84             46            112             78             73             51            102             87             37            114             43             87            108             33             97             71             51             74            114            106             88             80             51             81             31             33             72             23            100             52            105             94             42             96             11            119             42            124            130             23            104            119             15            102             91             37            119             82             92             15             29             82             92             65
                 126             21             74            102             55             52             65             33             72            124             68             61             52            104            102             62            105             46             55             82             82             73             23             82             72             15             42             11             41             51             72             29             88             91            109             21             73             60             97             21             23             84            106             31             51             60             55            102             88             60             23             37            100             65             65             92             71             55            119             62             52            116             42             68             15             78             51             80             74             55             80             94            100            109             65             41             91             52             46             29             51             55            114             43             72             58             94             37             41             65
                 127             15             42             72             65             73             33             58             46             94             37             60             21             78             71             31             73             60             62             51             62             60             55             65             46             29             11             37             43             51             41             15             58             60             78             43             43             61             65             52             42             60             74             37             68             29             37             74             65             46             23             55             68             62             55             61             42             23             88             65             58             86             37             51             21             58             42             51             51             42             68             68             80             88             42             60             72             46             52             60             23             80             82             41             65             33             62             42             15             52             33
                 128             72             71             60            137             81             72             84             41            126             82            132             65             43             68             62            104            129             51             92            126             15            100             11            104             73             68             82            116            124             61             88            102             92             97             78             92             41             84            105            108             33             87            108             71             84             37             51            124             29             65            122             94             31             23             65             51             74            116            138            130            124            110             23             86             21             37            102             31            114             11            122             23             33            106             72             15            119             52             97             87             92            106             46            136             97             74             55             60            123             88             73
                 129             11             65             92             60             55             55             37             62            116             60             62             42             94             92             52             96             51             52             73             78             65             33             73             65             11             33             15             42             52             62             23             80             82            100             23             65             55             87             31             29             74             97             33             52             51             46             92             82             51             15             43             91             60             58             82             61             46            110             65             55            108             41             60             11             68             43             72             65             52             72             88             91            100             60             42             82             51             42             37             43             60            105             37             71             51             84             33             31             62             11             23             80
                 130             88             51             78             94            146             52            130             81             31             42             72             65             97             68             62             29             97            132             31             31            112            122            112             29            102             68            108             78             74             61             72             21             33             43            116             33            129             46            116             96             92             51             82            141             46             94             87             21            104             96            100             37            126            114             65             71             55             33             82             84             21             68            102             86            102            106             23             92             55            122             11            114            116             37            132            112             65            123            129             51            152             37            109             61             43             55            114             78             52            101             73            122             94
                 131             46             92            124             31             72             81             52             97            132             82             46             72            129            122             82            116             21             82             94             80            102             31            110             78             43             62             37             29             37             92             41             97            104            124             46             84             88            112             21             11            109            122             23             74             72             82            126             88             88             51             11            114             94             94            112             94             71            129             42             33            123             37             96             33            105             80             87            100             51            108             96            127            136             68             65            119             43             73             41             62             71            126             72             60             65            112             65             65             58             29             52            116             37            105
                 132             51             84            119             15             92             74             71             96            116             72             23             68            127            116             78            102             11             97             81             60            108             52            115             62             55             60             52             11             15             87             37             82             92            112             62             71            100            102             42             21            110            112             15             92             62             86            123             68             94             60             15            102            105            102            106             91             65            114             21             11            106             21            101             37            108             88             72            102             33            116             78            130            138             52             82            122             23             87             62             52             92            112             82             37             51            104             78             65             37             42             51            122             46             87             23
                 133             68             15             37            104            122             23            110             42             46             21             87             37             55             29             29             23            102            102             15             58             74            109             72             37             82             46             91             82             84             23             62             23             11             23             96             23             96             11            106             92             51             21             81            115             31             60             46             51             68             73            102             15             91             78             23             33             33             37             97             94             42             72             65             74             62             73             29             52             65             84             46             72             74             46            108             71             74             94            114             41            130             29             80             82             42             15             86             51             68             87             55             82             78             42            102             92
