    #        ngroups         ntours         nspots
                  70             53             93

    #        spot_id         n_name         length              a              b
                   0         Spot_0            210              0           1440
                   1         Spot_1            150              0           1440
                   5         Spot_5             90              0           1440
                   6         Spot_6             60              0           1440
                   7         Spot_7             60              0           1440
                  10        Spot_10            120              0           1440
                  11        Spot_11            180              0           1440
                  13        Spot_13            120              0           1440
                  14        Spot_14            120              0           1440
                  15        Spot_15            210              0           1440
                  18        Spot_18            210              0           1440
                  19        Spot_19            150              0           1440
                  20        Spot_20            180              0           1440
                  21        Spot_21            180              0           1440
                  22        Spot_22            150              0           1440
                  25        Spot_25            180              0           1440
                  26        Spot_26            150              0           1440
                  27        Spot_27             90              0           1440
                  28        Spot_28            180              0           1440
                  29        Spot_29             60              0           1440
                  31        Spot_31             90              0           1440
                  32        Spot_32            150              0           1440
                  33        Spot_33            210              0           1440
                  34        Spot_34            120              0           1440
                  35        Spot_35            150              0           1440
                  36        Spot_36            120              0           1440
                  37        Spot_37             60              0           1440
                  39        Spot_39             90              0           1440
                  40        Spot_40             60              0           1440
                  42        Spot_42             60              0           1440
                  43        Spot_43            210              0           1440
                  45        Spot_45            120              0           1440
                  46        Spot_46             60              0           1440
                  47        Spot_47            120              0           1440
                  49        Spot_49             60              0           1440
                  50        Spot_50            210              0           1440
                  51        Spot_51             60              0           1440
                  52        Spot_52             90              0           1440
                  53        Spot_53            150              0           1440
                  55        Spot_55             60              0           1440
                  56        Spot_56            180              0           1440
                  57        Spot_57             90              0           1440
                  58        Spot_58            180              0           1440
                  59        Spot_59            180              0           1440
                  63        Spot_63            120              0           1440
                  65        Spot_65             90              0           1440
                  66        Spot_66            120              0           1440
                  67        Spot_67             60              0           1440
                  68        Spot_68            210              0           1440
                  69        Spot_69            120              0           1440
                  72        Spot_72             60              0           1440
                  73        Spot_73            180              0           1440
                  75        Spot_75            120              0           1440
                  76        Spot_76             90              0           1440
                  77        Spot_77            150              0           1440
                  78        Spot_78             90              0           1440
                  82        Spot_82            150              0           1440
                  84        Spot_84            210              0           1440
                  86        Spot_86            180              0           1440
                  87        Spot_87             60              0           1440
                  88        Spot_88            210              0           1440
                  89        Spot_89            120              0           1440
                  90        Spot_90            180              0           1440
                  91        Spot_91            210              0           1440
                  92        Spot_92            180              0           1440
                  96        Spot_96            180              0           1440
                  97        Spot_97             60              0           1440
                 100       Spot_100             90              0           1440
                 101       Spot_101             60              0           1440
                 103       Spot_103            120              0           1440
                 104       Spot_104            210              0           1440
                 106       Spot_106            180              0           1440
                 108       Spot_108             90              0           1440
                 109       Spot_109            120              0           1440
                 114       Spot_114             60              0           1440
                 115       Spot_115            210              0           1440
                 116       Spot_116            150              0           1440
                 117       Spot_117             60              0           1440
                 118       Spot_118            210              0           1440
                 119       Spot_119            120              0           1440
                 120       Spot_120            180              0           1440
                 121       Spot_121             90              0           1440
                 123       Spot_123            210              0           1440
                 124      Hotel_124              0              0           1440
                 125      Hotel_125              0              0           1440
                 126      Hotel_126              0              0           1440
                 127      Hotel_127              0              0           1440
                 128      Hotel_128              0              0           1440
                 129      Hotel_129              0              0           1440
                 130      Hotel_130              0              0           1440
                 131      Hotel_131              0              0           1440
                 132      Hotel_132              0              0           1440
                 133      Hotel_133              0              0           1440

    #          tr_id        tr_name          nspot            seq
                  27        Tour_27              3             43             51             67
                  62        Tour_62              2             15            119
                  59        Tour_59              3            119             34             72
                  56        Tour_56              2            117             13
                  68        Tour_68              2            106             53
                   3         Tour_3              2             96            114
                  60        Tour_60              2             26            106
                  32        Tour_32              2             45             67
                   5         Tour_5              2             88             68
                  86        Tour_86              1             91
                  30        Tour_30              2            121             55
                  46        Tour_46              2            120             28
                  95        Tour_95              2             28             15
                  43        Tour_43              2             14             35
                   9         Tour_9              3              7             43             32
                  54        Tour_54              3             69            100             82
                  33        Tour_33              3             50             51            100
                  47        Tour_47              1             56
                  97        Tour_97              3             45             19              1
                  57        Tour_57              2             46            115
                  25        Tour_25              2             58             21
                  91        Tour_91              2            104             22
                  17        Tour_17              3             34            108             49
                  21        Tour_21              3            100             78             18
                  23        Tour_23              3             76             89            120
                  34        Tour_34              2            101             10
                  10        Tour_10              2             18             92
                  99        Tour_99              3             67             13             57
                  82        Tour_82              4             40             29             33              6
                  18        Tour_18              2             11             47
                  53        Tour_53              4             66             65             10            101
                  55        Tour_55              3             47             46            103
                   4         Tour_4              3             73              0              5
                  13        Tour_13              3             97             21            117
                  51        Tour_51              2             20             25
                  66        Tour_66              3             68             87             47
                  72        Tour_72              3             66             27            123
                  45        Tour_45              2              6             88
                  20        Tour_20              2             35             86
                  87        Tour_87              2            114             33
                  50        Tour_50              3            116             40             87
                  22        Tour_22              1             88
                  19        Tour_19              3             52             29             77
                  83        Tour_83              2             52             88
                  44        Tour_44              3             25             42             37
                  94        Tour_94              3             63             90             75
                  70        Tour_70              1             11
                  36        Tour_36              2             31             53
                  88        Tour_88              3             39             36             77
                  42        Tour_42              2            118             51
                  65        Tour_65              3             59            109             69
                   0         Tour_0              1             84
                  15        Tour_15              2             53             32

    #          gr_id        gr_size          tr_id         origin
                   0              8             27            126
                   1              8             62            132
                   2              4             59            130
                   3              8             56            126
                   4              7             68            129
                   5              6              3            132
                   6              6             60            129
                   7              8             32            130
                   8              8              5            127
                   9              1             86            125
                  10              7             30            125
                  11              7             46            125
                  12              7             95            127
                  13              1             43            132
                  14              1              9            131
                  15              7             54            124
                  16              7             33            125
                  17              1             47            129
                  18              8             97            128
                  19              8             57            133
                  20              4             25            127
                  21              5             91            131
                  22              7             17            126
                  23              6             21            129
                  24              9             23            126
                  25              8             34            128
                  26              4             10            129
                  27              8             99            130
                  28              7             82            130
                  29              3             18            124
                  30              1             53            133
                  31              1             55            126
                  32              2              4            131
                  33              7             13            132
                  34              2             51            125
                  35              2             66            131
                  36              4             72            127
                  37              6             45            131
                  38              9             20            131
                  39              1             87            127
                  40              4             50            129
                  41              3             22            126
                  42              8             19            124
                  43              3             83            130
                  44              5             44            124
                  45              1             94            130
                  46              2             70            128
                  47              8             36            124
                  48              3             88            133
                  49              7             42            131
                  50              5             65            128
                  51              8              0            132
                  52              7             15            133
                  53              9             23            127
                  54              7             25            131
                  55              3             51            132
                  56              3             46            128
                  57              7             66            130
                  58              9             45            125
                  59              6             83            125
                  60              6             82            132
                  61              7             70            130
                  62              3             33            132
                  63              6             21            133
                  64              2             91            125
                  65              7             97            128
                  66              9             53            124
                  67              1             45            129
                  68              7             42            133
                  69              7             91            128

    #            o/d              0              1              5              6              7             10             11             13             14             15             18             19             20             21             22             25             26             27             28             29             31             32             33             34             35             36             37             39             40             42             43             45             46             47             49             50             51             52             53             55             56             57             58             59             63             65             66             67             68             69             72             73             75             76             77             78             82             84             86             87             88             89             90             91             92             96             97            100            101            103            104            106            108            109            114            115            116            117            118            119            120            121            123            124            125            126            127            128            129            130            131            132            133
                   1             73
                   5             60             92
                   6             82             11            102
                   7             31             94             87            101
                  10             72             15             81             23             96
                  11             88            158            124            165             65            159
                  13             33            101             84            108             11            102             58
                  14             55            100            114            105             29            106             74             37
                  15             51            102             23            112             73             94            102             68            102
                  18             23             80             82             86             15             82             80             23             33             72
                  19             42            114             62            123             46            110             62             37             73             41             52
                  20             82            114            141            116             58            122             92             65             29            130             60            102
                  21             72            123            129            127             42            129             61             46             23            114             51             80             31
                  22             33             88             91             94             11             91             73             21             23             80             11             55             51             41
                  25             68            137            112            144             43            138             23             37             52             92             58             52             72             42             51
                  26             80            102            138            104             60            112            102             68             33            129             58            105             15             42             51             81
                  27             55             82             11             92             84             71            126             82            109             29             78             65            136            126             87            112            132
                  28             72            144            104            152             55            144             21             46             71             82             68             42             94             65             65             23            102            106
                  29             46             29             78             37             65             33            129             72             74             82             51             87             92             97             60            108             82             68            116
                  31             46            115             92            122             23            116             43             15             42             74             37             37             68             43             33             23             74             92             33             86
                  32             52            123             65            132             55            119             61             46             82             42             62             11            110             86             65             55            114             68             41             97             43
                  33             68             71            122             72             61             82            119             71             46            119             52            104             46             65             51             97             33            115            114             55             82            114
                  34             60             33             61             42             87             21            146             91            102             74             74             94            122            124             84            127            114             51            130             33            105            102             87
                  35             73             81            129             82             62             92            116             72             42            124             55            106             37             60             52             94             23            122            112             65             81            116             11             97
                  36            101            112            159            112             82            124            122             91             55            151             80            127             31             61             73            102             23            152            124             97             97            136             42            129             33
                  37             37            110             71            119             33            108             55             23             60             52             41             15             88             65             42             41             91             72             37             82             23             23             92             94             94            114
                  39             15             72             73             80             23             73             86             29             42             65             11             51             68             61             21             65             65             68             73             43             43             61             55             65             60             86             42
                  40             43             33             65             42             68             29            130             73             82             71             55             82            102            104             65            110             94             55            115             15             88             91             68             21             78            109             80             46
                  42             43             92             21            102             68             84            104             65             96             11             65             42            124            109             73             92            122             23             84             72             72             46            110             65            116            144             51             58             61
                  43             42             96            100            102             15            100             68             23             15             88             21             60             43             31             11             46             46             97             62             68             31             68             52             94             51             68             46             31             74             82
                  45             65            137            102            144             46            137             23             37             61             81             60             41             84             55             55             15             92            104             11            108             23             42            104            124            102            114             33             65            108             82             52
                  46             11             68             51             78             41             65             96             42             65             46             33             46             91             82             42             78             88             46             80             42             55             55             73             51             80            108             43             23             37             37             52             73
                  47             51            122             92            130             33            122             37             23             52             72             46             33             78             51             42             21             84             92             23             94             11             37             92            110             92            106             21             51             94             71             41             15             60
                  49             74            138            122            144             46            141             31             42             46            104             60             65             61             31             51             15             72            122             37            110             31             68             91            132             87             92             52             68            114            102             43             29             84             33
                  50             42             37             82             43             58             42            122             65             65             84             43             84             81             87             51            101             72             73            110             11             80             94             46             42             55             87             78             37             23             74             60            102             41             88            102
                  51             51             23             74             33             73             23            137             80             84             81             60             91            102            106             68            116             92             65            122             11             94            100             65             23             74            106             88             51             11             71             78            115             46            101            119             21
                  52             37            108             82            116             21            108             51             11             46             65             33             29             73             51             31             33             78             81             37             80             11             37             81             96             82            100             15             37             80             62             33             29             46             15             41             73             86
                  53             71             42            114             41             78             55            141             87             72            116             65            112             78             94             68            119             65            105            132             37            100            122             33             65             42             71            104             62             51            106             73            123             72            109            116             33             43             97
                  55             55             42             51             52             84             31            141             87            102             65             72             86            124            122             82            123            116             41            124             37            100             94             91             11            100            132             88             62             23             55             92            119             46            105            129             46             29             91             72
                  56             41             61             33             71             71             52            123             72             94             42             62             65            119            112             72            106            114             23            105             46             84             72             94             33            102            132             68             52             33             33             82            100             31             87            114             51             42             74             82             23
                  57             65             94            124             97             46            102             94             55             21            115             43             91             21             37             37             72             15            119             92             71             62            100             29            102             23             37             78             51             82            108             33             81             73             72             65             61             81             65             60            104            100
                  58             60            112             29            122             80            104            102             73            108             11             80             42            137            119             86             94            137             37             81             92             78             41            127             84            132            159             55             73             81             21             94             82             55             74            106             94             92             68            126             74             52            122
                  59             31             62             37             72             61             55            114             62             84             41             52             58            109            102             62             97            105             29             96             42             74             65             86             37             94            124             60             42             31             31             72             91             21             78            104             46             41             65             78             29             11             91             51
                  63             72            132            124            138             42            136             41             41             37            106             55             68             51             21             46             23             62            122             46            105             33             73             82            129             78             81             55             65            109            104             37             37             82             37             11             96            114             42            108            126            112             55            109            102
                  65             52             52             41             62             82             41            136             84            102             55             71             80            126            122             81            119            119             31            119             43             97             86             96             21            105            136             82             61             29             46             92            114             42            100            126             51             37             87             80             11             15            106             65             23            124
                  66             33             72             29             82             62             65            109             61             87             31             55             51            114            104             65             94            110             23             91             52             72             58             94             46            101            130             55             46             41             21             74             87             23             74            102             55             51             62             87             37             15             96             41             11            102             29
                  67             78             15            104             11             94             29            159            102             96            112             80            119            106            119             86            137             94             94            146             33            116            129             62             46             72            102            114             73             41            102             94            138             74            124            137             37             31            110             31             55             72             87            122             71            130             65             81
                  68             43             78            102             82             31             84             91             41             23             94             23             74             42             46             21             68             37             96             84             52             52             84             31             81             33             58             62             29             61             86             23             74             51             62             65             42             62             51             51             82             78             23            102             68             58             84             73             73
                  69             23             94             74            102             15             94             65             11             43             60             21             33             72             55             23             46             73             72             51             65             23             42             72             82             74             96             21             23             65             55             29             43             33             29             52             60             72             15             84             78             62             60             65             52             51             74             51             96             42
                  72             78            116            136            119             51            124             81             58             23            124             55             94             11             21             46             62             23            132             84             92             60            102             51            122             43             41             80             65            102            119             37             74             87             68             51             82            102             65             82            122            116             23            130            106             41            124            109            109             41             65
                  73             11             82             55             91             33             80             82             31             60             43             29             33             88             74             37             65             86             52             65             55             42             42             78             65             82            108             29             23             51             37             46             60             15             46             72             52             60             33             81             60             42             72             51             33             71             55             31             87             51             21             82
                  75             55            127             74            136             52            124             51             42             78             52             61             15            105             80             62             46            109             78             31            100             37             11            112            108            114            132             21             62             96             55             65             33             60             29             60             97            105             33            124            101             80             97             51             72             65             94             65            132             82             41             96             46
                  76             55             62            108             65             52             71            114             62             43            105             41             92             52             65             42             91             41            101            106             42             74            102             15             74             23             55             81             42             55             96             46             97             60             84             88             33             52             72             29             78             80             33            114             72             80             82             80             55             23             61             55             65            102
                  77             71            127            126            132             41            132             51             42             29            109             52             73             41             11             42             33             52            124             55            100             37             80             73            126             68             71             60             62            106            106             33             46             81             43             21             91            109             46            101            124            112             46            114            102             11            122            102            124             51             52             31             72             72             72
                  78             33             43             73             51             51             46            115             58             62             74             37             74             82             84             46             94             74             65            102             15             72             84             51             41             60             91             68             29             21             65             55             94             31             80             96             11             23             65             42             42             43             62             84             37             91             46             46             46             41             51             81             42             87             37             87
                  82             65             61            116             62             62             72            123             72             51            114             51            102             55             72             52            100             42            108            116             46             84            112             11             78             21             52             92             52             60            105             55            106             68             94             96             37             55             82             23             82             86             37            123             80             88             88             88             52             33             71             60             74            112             11             80             43
                  84             46             91            105             96             23             97             78             33             11             94             23             68             37             33             15             55             37            100             72             65             41             78             42             92             41             60             55             33             72             88             11             62             55             51             51             55             74             42             65             92             84             23            101             74             43             92             78             88             15             37             33             51             74             37             37             52             46
                  86             82            151            122            158             58            152             11             51             65            102             72             61             81             51             65             15             92            124             23            122             37             62            109            141            106            112             52             80            124            102             60             21             91             33             21            115            130             46            132            136            119             84            102            109             31            132            106            151             82             60             71             78             52            105             41            108            114             68
                  87             58            102             15            112             82             92            112             78            110             11             80             51            138            123             88            102            137             23             92             84             84             52            124             72            130            158             62             72             72             15             96             92             51             82            114             87             82             74            119             62             41            122             15             42            116             52             33            112            101             68            132             51             62            110            119             78            119            102            112
                  88             51             92             11            102             78             82            114             74            105             15             73             52            132            119             82            102            130             15             94             74             82             55            116             62            122            151             61             65             62             11             91             92             43             81            112             78             72             72            109             52             31            116             23             33            114             42             23            102             94             65            127             46             65            102            116             68            110             96            112             11
                  89             80            151            114            159             60            151             11             51             72             92             73             52             92             62             68             21            102            116             11            122             37             51            116            138            114            122             46             80            122             94             65             15             88             29             33            116            129             43            136            132            114             92             92            105             42            127            100            152             87             58             82             73             41            109             52            108            119             74             15            102            104
                  90             29             84             33             94             55             78             97             52             82             23             51             37            110             97             60             82            108             31             78             61             61             43             96             60            102            129             42             43             52             15             68             74             23             62             92             62             62             51             94             51             29             94             33             23             92             43             15             92             72             42            105             23             51             82             94             52             91             73             94             29             23             87
                  91             60             72            115             74             51             81            109             61             37            110             42             94             42             58             41             87             31            108            104             52             72            104             11             84             15             46             82             46             65            102             42             94             65             82             82             42             62             71             37             87             88             23            119             80             73             91             86             65             21             62             46             68            102             11             65             46             15             33            100            116            108            106             88
                  92             58            130             92            138             42            129             33             33             62             71             55             31             87             60             52             23             94             94             15            102             21             33            102            116            102            116             23             60            101             72             51             11             65             11             37             96            108             23            119            110             91             82             72             82             43            105             78            132             72             37             78             51             23             94             51             88            104             61             31             81             82             23             65             92
                  96             65             82            122             84             52             92            106             62             33            116             46             97             33             51             42             84             21            116            102             62             71            106             15             94             11             37             84             51             74            108             41             92             72             81             78             52             72             72             46             97             96             15            124             88             68            100             94             74             23             65             37             73            104             21             60             55             23             31             97            122            115            104             94             11             92
                  97             52             52            102             55             55             61            119             65             51            100             42             92             62             73             46             96             51             94            109             33             78            102             23             65             33             65             82             41             46             91             51            100             55             87             94             23             42             74             23             68             72             42            109             65             86             73             73             46             29             62             65             62            102             11             80             29             15             43            110            105             96            114             78             21             97             31
                 100             33             97             41            106             51             91             84             46             80             23             51             23            108             91             58             71            108             42             65             72             52             29            100             73            105            130             31             46             65             21             65             62             31             51             82             71             74             42            102             65             43             94             29             37             84             58             29            104             73             37            102             23             37             87             87             61             97             72             82             33             31             74             15             91             52             96             84
                 101             78             72            130             71             71             84            129             81             55            127             62            114             51             73             61            106             37            122            124             60             92            124             11             91             15             41            102             65             73            119             62            114             82            102            100             51             68             92             31             96            101             37            136             94             91            102            102             61             41             82             58             87            122             23             82             58             15             52            119            132            124            126            105             21            112             23             29            109
                 103             11             80             68             88             21             80             80             23             46             58             15             41             73             62             23             60             72             65             65             51             37             51             65             68             68             94             33             11             51             51             33             58             21             43             65             46             58             29             72             65             51             58             65             41             62             62             42             82             37             15             68             15             52             52             61             37             62             37             73             65             60             72             37             55             51             60             51             37             74
                 104             86            102            144            102             68            112            112             78             42            137             65            114             23             52             60             92             11            138            112             84             84            123             31            116             21             15            100             72             97            129             55            102             94             94             82             74             94             87             62            119            119             23            144            110             72            123            116             92             43             82             33             94            119             42             62             78             41             46            102            144            137            112            115             33            104             23             52            116             33             80
                 106             52            105            109            110             23            109             65             29             11             96             31             65             37             21             21             42             42            106             61             78             33             73             55            104             52             65             51             41             84             91             11             51             62             42             37             68             87             37             80            102             92             31            102             82             29            102             84            102             29             37             29             55             68             51             23             65             60             15             55            105            100             62             78             46             52             42             58             73             65             42             52
                 108             33            105             61            114             37            102             65             29             65             42             42             11             94             73             46             51             96             62             46             78             33             21             94             86             97            119             11             41             73             41             51             42             37             31             62             74             82             23            102             80             60             82             46             51             65             73             46            109             65             23             86             23             23             82             68             65             92             60             62             52             51             55             33             84             33             87             81             21            104             31            105             58
                 109             68             11             94             15             86             23            151             94             91            102             72            109            104            114             80            129             92             84            138             23            108            119             61             37             71            102            105             65             31             92             88            130             65            116            130             29             21            102             33             46             62             84            112             61            124             55             71             11             68             88            106             78            123             52            119             37             51             82            144            102             92            144             82             62            124             72             42             94             62             73             92             96            100
                 114             62             31            100             33             73             42            138             82             73            104             60            104             84             96             65            116             72             91            127             23             96            114             41             51             51             82             97             55             37             94             72            119             61            105            115             21             29             91             15             58             68             65            114             65            108             65             74             23             51             78             87             72            116             33            102             31             31             65            130            106             97            132             82             42            114             52             23             92             42             65             71             80             94             21
                 115             65             23             71             33             91             11            152             96            104             84             78            102            122            126             87            132            112             61            137             31            110            110             84             11             94            126            101             68             23             74             97            130             58            116            136             41             21            102             60             21             42            102             94             46            132             31             55             37             82             88            122             72            116             72            129             42             74             94            146             82             72            144             68             82            122             92             62             82             87             73            114            106             94             29             46
                 116             15             88             65             96             23             86             73             21             51             51             23             31             80             65             29             55             80             62             58             60             33             41             74             73             78            102             23             21             58             46             37             51             23             37             62             55             65             23             82             68             52             65             58             42             61             65             41             91             46             11             73             11             42             62             62             46             72             43             68             60             55             65             33             65             43             68             61             29             84             11             88             46             21             82             74             80
                 117             88             15            102             11            108             21            172            115            114            114             94            127            126            136            102            151            114             92            159             43            129            136             82             41             92            122            124             86             46            104            110            151             82            137            152             51             37            122             51             51             72            106            124             74            146             61             84             21             91            108            129             96            141             74            141             58             72            105            165            112            102            165             97             84            144             94             65            109             81             94            112            119            119             23             42             31            102
                 118             78            144            122            151             51            146             21             46             55            102             65             62             71             41             58             11             82            122             29            116             33             65            100            136             97            102             51             73            119            102             51             23             87             31             11            108            124             42            124            132            116             74            104            106             21            129            104            144             73             55             61             74             55             96             31            102            105             60             11            112            112             23             92             91             33             87            102             81            109             68             92             46             61            137            122            141             65            159
                 119             51             42             96             46             60             51            124             68             60             97             46             92             72             82             51            102             61             88            114             23             82            102             33             55             42             74             84             42             37             87             58            105             52             91            101             15             33             78             21             60             65             52            106             60             94             65             68             37             37             65             74             61            104             21             88             23             23             51            116            100             91            119             74             31            100             41             11             82             37             52             62             65             82             33             15             52             62             55            108
                 120             55            114             37            124             72            106             92             65            101             15             73             33            129            110             80             84            130             43             71             92             68             31            123             87            127            152             46             68             82             23             86             72             52             65             97             92             92             60            124             78             55            116             11             52            100             68             42            122             96             58            122             46             41            109            105             82            119             94             92             23             29             81             31            114             62            119            106             23            132             60            138             94             37            112            112             97             51            126             94            104
                 121             23             96             62            105             29             94             68             23             58             46             33             21             86             68             37             52             88             61             51             68             31             31             84             80             87            110             15             31             65             42             43             46             29             33             61             65             73             21             92             73             55             73             51             46             62             68             42            100             55             15             80             15             33             72             65             55             82             51             65             55             52             60             31             74             37             78             71             23             94             21             96             51             11             91             84             86             11            110             62             72             43
                 123             52             33             91             37             65             41            130             73             68             94             51             94             82             91             58            108             71             82            119             15             88            104             42             46             52             84             87             46             29             84             65            110             51             96            108             11             23             82             23             51             60             62            104             55            102             58             65             29             46             68             84             62            106             31             96             21             33             60            122             97             87            124             72             41            105             51             21             81             46             55             72             73             84             23             11             42             65             46            115             11            102             74
                 124             23             65             80             72             29             68             94             37             41             73             15             61             65             62             23             72             60             73             82             37             51             71             46             62             51             80             52             11             42             65             33             73             29             60             73             29             46             46             52             61             55             46             82             46             68             62             51             65             23             33             62             33             72             33             65             23             42             31             86             80             72             88             51             37             68             43             31             55             55             21             65             42             51             58             46             65             31             80             80             33             78             41             37
                 125             42            106             42            116             58            100             82             51             86             21             60             21            115             96             65             72            116             46             62             82             55             23            109             82            114            138             33             55             74             23             72             61             41             52             84             81             84             46            112             73             51            102             23             46             87             65             37            114             82             43            108             33             33             97             91             71            106             80             81             31             33             72             23            100             51            105             94             11            119             46            124             80             23            104            102             91             37            119             82             92             15             29             92             65
                 126             37             42             55             52             65             37            124             68             81             61             52             73            104            102             62            105             97             46            108             23             82             82             73             23             82            114             72             42             11             51             72            102             29             88            109             29             21             73             60             21             23             84             71             21            106             23             31             51             62             60            102             43             88             60            104             23             65             71            119             62             52            116             42             68             94             78             51             55             80             46            100             82             65             41             46             29             51             55            114             43             72             58             37             41             65
                 127             11             65             65             73             33             65             94             37             52             60             21             52             78             71             31             73             73             60             80             37             51             62             60             55             65             94             46             11             37             51             41             72             15             58             78             33             43             43             61             52             42             60             68             33             74             51             37             68             37             29             74             21             65             46             72             23             55             42             88             65             58             86             37             51             65             58             42             42             68             15             80             51             42             60             52             60             23             80             82             41             65             33             42             15             52             33
                 128             82             82            137             81             72             94            126             82             52            132             65            116             43             68             62            104             29            129            122             68             92            126             15            100             11             31            104             68             82            124             61            112             88            102             97             60             78             92             41            105            108             33            141            101             87            110            108             71             42             84             51             91            124             29             78             65             23             51            116            138            130            124            110             23            112             21             37            114             11             78             23             62            106             72             52             97             87             92            106             46            136             97             55             60            123             88             73
                 129             29             46             60             55             55             43            116             60             71             62             42             68             94             92             52             96             87             51            101             21             73             78             65             33             73            105             65             33             15             52             62             94             23             80            100             23             23             65             55             31             29             74             72             23             97             33             33             52             52             51             92             37             82             51             94             15             58             61            110             65             55            108             41             60             86             68             43             52             72             37             91             72             60             42             42             37             43             60            105             37             71             51             33             31             62             11             23             80
                 130             65            138             94            146             52            137             31             42             72             72             65             33             97             68             62             29            104             97             11            110             31             31            112            122            112            126             29             68            108             74             61             15             72             21             43            105            116             33            129            116             96             92             71             88             51            110             82            141             82             46             87             58             21            104             60             96            114             71             33             82             84             21             68            102             11            102            106             55            122             60            114             62             37            132            123            129             51            152             37            109             61             43            114             78             52            101             73            122             94
                 131             51             62             31             72             81             51            132             82            104             46             72             73            129            122             82            116            123             21            114             51             94             80            102             31            110            141             78             62             37             37             92            109             41             97            124             58             46             84             88             21             11            109             55             21            122             11             23             74             87             72            126             52             88             88            122             51             94             94            129             42             33            123             37             96            100            105             80             51            108             61            127            102             68             65             73             41             62             71            126             72             60             65             65             65             58             29             52            116             37            105
                 132             46             81             15             92             74             72            116             72            100             23             68             55            127            116             78            102            124             11             97             65             81             60            108             52            115            144             62             60             52             15             87             94             37             82            112             68             62             71            100             42             21            110             33             23            112             33             15             92             88             62            123             42             68             94            114             60            102             91            114             21             11            106             21            101             84            108             88             33            116             55            130             97             52             82             87             62             52             92            112             82             37             51             78             65             37             42             51            122             46             87             23
                 133             52            116            104            122             23            119             46             21             31             87             37             51             55             29             29             23             62            102             41             88             15             58             74            109             72             84             37             46             91             84             23             31             62             23             23             80             96             23             96            106             92             51             91             82             21            104             81            115             46             31             46             51             51             68             23             73             78             33             37             97             94             42             72             65             33             62             73             65             84             42             72             21             46            108             94            114             41            130             29             80             82             42             86             51             68             87             55             82             78             42            102             92
