5314	1	1
0	6823	4674	0	1
1	7692	2247	1	0
2	9135	6748	1	0	43
3	7721	3451	0	1
4	8304	8580	1	0	31	19	41
5	7501	5899	1	0
6	4687	1373	0	1
7	5429	1408	0	1
8	7877	1716	1	0	16
9	7260	2083	1	0	38
10	7096	7869	1	0
11	6539	3513	1	0	45	27	21
12	6272	2992	1	0	13
13	6471	4275	0	1	12
14	7110	4369	0	1	26
15	6462	2634	1	0	28	23
16	8476	2874	0	1	8
17	3961	1370	1	0	18	36	35
18	5555	1519	1	0	17	36	35
19	4422	1249	0	1	4	31	41
20	5584	3081	1	0	22	47	46
21	5776	4498	0	1	11	45	27
22	8035	2880	1	0	20	47	46
23	6963	3782	0	1	15	28
24	6336	7348	1	0	44	39
25	8139	8306	1	0
26	4326	1426	1	0	14
27	5164	1440	1	0	11	45	21
28	8389	5804	1	0	15	23
29	4639	1629	1	0	30	37
30	6344	1436	1	0	29	37
31	5840	5736	1	0	4	19	41
32	5972	2555	1	0	33
33	7947	4373	0	1	32
34	6929	8958	1	0	40	42
35	5366	1733	1	0	17	18	36
36	4550	1219	1	0	17	18	35
37	6901	1589	0	1	29	30
38	6316	5497	0	1	9
39	7010	2710	0	1	24	44
40	9005	3996	1	0	34	42
41	7576	7065	1	0	4	31	19
42	4246	1701	0	1	34	40
43	5906	1472	1	0	2
44	6469	8971	1	0	24	39
45	6152	2174	1	0	11	27	21
46	5887	3796	1	0	20	22	47
47	7203	5958	1	0	20	22	46
