525	0	1
0	35	35	0	1
1	41	49	0	1	136	32	91
2	35	17	7	0	77	5
3	55	45	13	0	69	40	72
4	55	20	19	0	81	100
5	15	30	26	0	2	77
6	25	30	3	0	150	147
7	20	50	5	0	138	119
8	10	43	9	0	114	148	9
9	55	60	0	1	8	114	148
10	30	60	0	1	33
11	20	65	12	0	88	117	71
12	50	35	0	1
13	30	25	0	1	83	93	22
14	15	10	20	0	113	23
15	30	5	8	0	98	94	145
16	10	20	0	1
17	5	30	0	1
18	20	40	0	1	58	31	112
19	15	60	0	1	102	28
20	45	65	9	0
21	45	20	11	0	130	78
22	45	10	18	0	13	83	93
23	55	5	29	0	14	113
24	65	35	3	0	26
25	65	20	6	0	124
26	45	30	0	1	24
27	35	40	16	0	133	70	97
28	41	37	16	0	19	102
29	64	42	9	0	118	48
30	40	60	0	1	126	62
31	31	52	27	0	18	58	112
32	35	69	23	0	1	136	91
33	53	52	11	0	10
34	65	55	0	1
35	63	65	8	0
36	2	60	5	0	120	89
37	20	20	8	0	61	110	122
38	5	5	0	1	135
39	60	12	0	1	107	106
40	40	25	0	1	3	69	72
41	42	7	5	0	76	85	96
42	24	12	5	0	66	82
43	23	3	7	0	111	108
44	11	14	18	0	115	64	137
45	6	38	0	1	46
46	2	48	1	0	45
47	8	56	27	0	123	87
48	13	52	0	1	29	118
49	6	68	30	0	143	101	109
50	47	47	13	0	105	52	54
51	49	58	10	0	144	63	95
52	27	43	9	0	50	105	54
53	37	31	14	0	57
54	57	29	0	1	50	105	52
55	63	23	0	1	127	84
56	53	12	0	1
57	32	12	0	1	53
58	36	26	18	0	18	31	112
59	21	24	0	1	128
60	17	34	3	0	132	129	80
61	12	24	0	1	37	110	122
62	24	58	19	0	30	126
63	27	69	10	0	51	144	95
64	15	77	0	1	44	115	137
65	62	77	20	0	73
66	49	73	25	0	42	82
67	67	5	0	1
68	56	39	36	0	99	103
69	37	47	6	0	3	40	72
70	37	56	5	0	27	133	97
71	57	68	15	0	11	88	117
72	47	16	25	0	3	69	40
73	44	17	9	0	65
74	46	13	8	0	131	140	142
75	49	11	18	0
76	49	42	0	1	41	85	96
77	53	43	14	0	2	5
78	61	52	3	0	21	130
79	57	48	0	1
80	56	37	0	1	60	132	129
81	55	54	26	0	4	100
82	15	47	16	0	42	66
83	14	37	11	0	13	93	22
84	11	31	7	0	55	127
85	16	22	41	0	41	76	96
86	4	18	0	1	90
87	28	18	26	0	47	123
88	26	52	0	1	11	117	71
89	26	35	15	0	36	120
90	31	67	3	0	86
91	15	19	1	0	1	136	32
92	22	22	0	1	149	134
93	18	24	22	0	13	83	22
94	26	27	27	0	15	98	145
95	25	24	20	0	51	144	63
96	22	27	11	0	41	76	85
97	25	21	0	1	27	133	70
98	19	21	10	0	15	94	145
99	20	26	9	0	68	103
100	18	18	0	1	4	81
101	37	52	0	1	49	143	109
102	49	49	30	0	19	28
103	52	64	0	1	68	99
104	20	26	9	0	141	116	121
105	40	30	21	0	50	52	54
106	21	47	15	0	39	107
107	17	63	19	0	39	106
108	31	62	0	1	43	111
109	52	33	11	0	49	143	101
110	51	21	5	0	37	61	122
111	42	41	19	0	43	108
112	31	32	29	0	18	58	31
113	5	25	0	1	14	23
114	12	42	21	0	8	148	9
115	36	16	10	0	44	64	137
116	52	41	15	0	104	141	121
117	27	23	3	0	11	88	71
118	17	33	41	0	29	48
119	13	13	9	0	7	138
120	57	58	0	1	36	89
121	62	42	8	0	104	141	116
122	42	57	8	0	37	61	110
123	16	57	16	0	47	87
124	8	52	0	1	25
125	7	38	0	1
126	27	68	7	0	30	62
127	30	48	15	0	55	84
128	43	67	14	0	59
129	58	48	6	0	60	132	80
130	58	27	0	1	21	78
131	37	69	0	1	74	140	142
132	38	46	12	0	60	129	80
133	46	10	23	0	27	70	97
134	61	33	26	0	92	149
135	62	63	17	0	38
136	63	69	6	0	1	32	91
137	32	22	9	0	44	115	64
138	45	35	0	1	7	119
139	59	15	14	0	146
140	5	6	7	0	74	131	142
141	10	17	0	1	104	116	121
142	21	10	13	0	74	131	140
143	5	64	11	0	49	101	109
144	30	15	0	1	51	63	95
145	39	10	10	0	15	98	94
146	32	39	5	0	139
147	25	32	25	0	6	150
148	25	55	17	0	8	114	9
149	48	28	18	0	92	134
150	56	37	10	0	6	147
