277	0	1
0	30	40	0	1
1	37	52	7	0	35
2	49	49	30	0	41
3	52	64	16	0	13	18	38
4	20	26	9	0	27
5	40	30	0	1	50
6	21	47	15	0	33	46
7	17	63	0	1
8	31	62	23	0	15	24	36
9	52	33	11	0	49	20	10
10	51	21	5	0	9	49	20
11	42	41	19	0	25	12
12	31	32	29	0	11	25
13	5	25	23	0	3	18	38
14	12	42	21	0	21	45
15	36	16	10	0	8	24	36
16	52	41	15	0	39	17	43
17	27	23	0	1	16	39	43
18	17	33	41	0	3	13	38
19	13	13	9	0
20	57	58	28	0	9	49	10
21	62	42	8	0	14	45
22	42	57	0	1	31	42
23	16	57	0	1
24	8	52	10	0	8	15	36
25	7	38	0	1	11	12
26	27	68	0	1
27	30	48	15	0	4
28	43	67	14	0	40
29	58	48	0	1	37
30	58	27	19	0	32
31	37	69	11	0	22	42
32	38	46	12	0	30
33	46	10	23	0	6	46
34	61	33	26	0	44	48	47
35	62	63	0	1	1
36	63	69	0	1	8	15	24
37	32	22	9	0	29
38	45	35	0	1	3	13	18
39	59	15	14	0	16	17	43
40	5	6	0	1	28
41	10	17	27	0	2
42	21	10	13	0	22	31
43	5	64	11	0	16	39	17
44	30	15	16	0	34	48	47
45	39	10	0	1	14	21
46	32	39	0	1	6	33
47	25	32	25	0	34	44	48
48	25	55	17	0	34	44	47
49	48	28	0	1	9	20	10
50	56	37	10	0	5
