5511	2	2
0	19.1	24.3	0	1
1	18.2	24	0	1
2	12.6	24.9	0	1
3	14.4	28	20	0	28	12
4	16.9	28.1	20	0
5	20.7	28.2	20	0	25	26	17
6	12.5	26.6	0	1	22	10
7	21.8	27.3	20	0	27
8	12.5	22.6	20	0	9	18
9	22.5	17	30	0	8	18
10	19.9	15	30	0	6	22
11	14.9	15.1	30	0	19
12	11.5	18.6	30	0	3	28
13	12.4	29.8	0	1	32	31
14	17.8	28.1	30	0	16	29	15
15	9.1	29.8	40	0	14	16	29
16	10	32.6	0	1	14	29	15
17	13.9	33.1	0	1	5	25	26
18	19.95	10.3	0	1	8	9
19	15.2	8	40	0	11
20	14.7	31.2	50	0
21	7.4	36.5	50	0	23
22	21	25.5	50	0	6	10
23	18	25.3	0	1	21
24	19.5	24.7	10	0	30
25	21.4	21.8	10	0	5	26	17
26	16	21.4	10	0	5	25	17
27	18.65	26.2	0	1	7
28	17.9	28.9	0	1	3	12
29	14.3	19.9	20	0	14	16	15
30	17	19	20	0	24
31	10.8	21	20	0	13	32
32	15.7	23.7	10	0	13	31
