409	0	1
0	10	45	0	1
1	25	1	25	0	76	30
2	25	3	7	0	86	91
3	31	5	13	0
4	32	5	6	0	71	67	10
5	31	7	14	0	27	52
6	32	9	0	1	114
7	34	9	11	0
8	46	9	19	0	107	47
9	35	7	5	0	75
10	34	6	15	0	4	71	67
11	35	5	15	0	29	45	20
12	47	6	17	0	21
13	40	5	13	0	111	118	43
14	39	3	12	0	40	31
15	36	3	18	0
16	73	6	13	0
17	73	8	18	0	18	58	72
18	24	36	12	0	17	58	72
19	76	6	17	0
20	76	10	4	0	11	29	45
21	76	13	7	0	12
22	78	3	12	0	119	94	113
23	78	9	13	0
24	79	3	8	0	116	39
25	79	5	16	0	49
26	79	11	15	0	95
27	82	3	6	0	5	52
28	82	7	5	0
29	90	15	9	0	11	45	20
30	84	3	11	0	1	76
31	84	5	10	0	14	40
32	84	9	3	0
33	85	1	7	0	35	99
34	87	5	0	1	59
35	85	8	4	0	33	99
36	87	7	4	0	54
37	86	41	18	0	61
38	86	44	0	1	117
39	86	46	12	0	24	116
40	85	55	17	0	14	31
41	89	43	20	0
42	89	46	14	0	92
43	89	52	16	0	13	111	118
44	92	42	10	0
45	92	52	9	0	11	29	20
46	94	42	11	0	100	97	101
47	94	44	7	0	8	107
48	94	48	13	0	62	120	90
49	96	42	5	0	25
50	99	46	4	0	79	85	110
51	99	50	21	0	89	88	68
52	83	80	13	0	5	27
53	83	83	11	0	69	112	56
54	85	81	12	0	36
55	85	85	14	0
56	85	89	10	0	53	69	112
57	87	80	8	0	115	104
58	87	86	16	0	17	18	72
59	90	77	19	0	34
60	90	88	5	0	80
61	93	82	17	0	37
62	93	84	0	1	48	120	90
63	93	89	16	0	109	81	98
64	94	86	14	0
65	95	80	17	0	73	105	87
66	99	89	13	0	106
67	37	83	17	0	4	71	10
68	50	80	13	0	51	89	88
69	35	85	0	1	53	112	56
70	35	87	16	0	96	77	102
71	44	86	7	0	4	67	10
72	46	89	13	0	17	18	58
73	46	83	0	1	65	105	87
74	46	87	0	1	84	103
75	46	89	0	1	9
76	48	83	5	0	1	30
77	50	85	28	0	70	96	102
78	50	88	7	0	93	83	108
79	54	86	3	0	50	85	110
80	54	90	10	0	60
81	10	35	7	0	63	109	98
82	10	40	12	0
83	18	30	11	0	78	93	108
84	17	35	10	0	74	103
85	16	38	0	1	50	79	110
86	14	40	11	0	2	91
87	15	42	21	0	65	73	105
88	11	42	4	0	51	89	68
89	18	40	15	0	51	88	68
90	21	39	16	0	48	62	120
91	20	40	4	0	2	86
92	18	41	16	0	42
93	20	44	7	0	78	83	108
94	22	44	10	0	22	119	113
95	16	45	9	0	26
96	20	45	11	0	70	77	102
97	25	45	17	0	46	100	101
98	30	55	12	0	63	109	81
99	20	50	11	0	33	35
100	22	51	7	0	46	97	101
101	18	49	9	0	46	100	97
102	16	48	11	0	70	96	77
103	20	55	12	0	74	84
104	18	53	7	0	57	115
105	14	50	8	0	65	73	87
106	15	51	0	1	66
107	16	54	5	0	8	47
108	28	33	12	0	78	93	83
109	33	38	0	1	63	81	98
110	30	50	7	0	50	79	85
111	13	40	0	1	13	118	43
112	15	36	8	0	53	69	56
113	18	31	11	0	22	119	94
114	25	37	13	0	6
115	30	46	11	0	57	104
116	25	52	10	0	24	39
117	16	33	7	0	38
118	25	35	4	0	13	111	43
119	5	40	20	0	22	94	113
120	5	50	13	0	48	62	90
