205	0	1
0	35	35	0	1
1	41	49	10	0	83	91
2	35	17	7	0	60
3	55	45	13	0
4	55	20	19	0	48
5	15	30	26	0
6	25	30	3	0
7	20	50	5	0	52	57
8	10	43	9	0	82	55
9	55	60	16	0	20	63
10	30	60	16	0
11	20	65	12	0	78	58
12	50	35	19	0	94	43
13	30	25	23	0	86	37
14	15	10	20	0	54
15	30	5	8	0	64	34
16	10	20	0	1	73
17	5	30	2	0	50	51	45
18	20	40	12	0	21
19	15	60	17	0	24	68
20	45	65	9	0	9	63
21	45	20	11	0	18
22	45	10	18	0	41	39	89
23	55	5	29	0	74
24	65	35	3	0	19	68
25	65	20	6	0	79
26	45	30	17	0	100	65	44
27	35	40	16	0	92	93	84
28	41	37	0	1
29	64	42	0	1	42
30	40	60	21	0	85
31	31	52	27	0	35	99
32	35	69	23	0	67	59
33	53	52	11	0	62	87	81
34	65	55	14	0	15	64
35	63	65	8	0	31	99
36	2	60	5	0	80
37	20	20	0	1	13	86
38	5	5	16	0	77	72	75
39	60	12	31	0	22	41	89
40	40	25	9	0
41	42	7	5	0	22	39	89
42	24	12	5	0	29
43	23	3	7	0	12	94
44	11	14	0	1	26	100	65
45	6	38	16	0	17	50	51
46	2	48	1	0	61	96	71
47	8	56	27	0
48	13	52	36	0	4
49	6	68	30	0	53
50	47	47	13	0	17	51	45
51	49	58	10	0	17	50	45
52	27	43	9	0	7	57
53	37	31	14	0	49
54	57	29	18	0	14
55	63	23	0	1	8	82
56	53	12	6	0	98	90	95
57	32	12	0	1	7	52
58	36	26	18	0	11	78
59	21	24	28	0	32	67
60	17	34	3	0	2
61	12	24	13	0	46	96	71
62	24	58	19	0	33	87	81
63	27	69	10	0	9	20
64	15	77	9	0	15	34
65	62	77	20	0	26	100	44
66	49	73	25	0	70
67	67	5	25	0	32	59
68	56	39	36	0	19	24
69	37	47	6	0	88	97
70	37	56	5	0	66
71	57	68	15	0	46	61	96
72	47	16	25	0	38	77	75
73	44	17	9	0	16
74	46	13	8	0	23
75	49	11	18	0	38	77	72
76	49	42	13	0
77	53	43	0	1	38	72	75
78	61	52	3	0	11	58
79	57	48	23	0	25
80	56	37	6	0	36
81	55	54	26	0	33	62	87
82	15	47	16	0	8	55
83	14	37	11	0	1	91
84	11	31	7	0	27	92	93
85	16	22	41	0	30
86	4	18	35	0	13	37
87	28	18	26	0	33	62	81
88	26	52	0	1	69	97
89	26	35	0	1	22	41	39
90	31	67	3	0	56	98	95
91	15	19	1	0	1	83
92	22	22	2	0	27	93	84
93	18	24	22	0	27	92	84
94	26	27	27	0	12	43
95	25	24	20	0	56	98	90
96	22	27	11	0	46	61	71
97	25	21	12	0	69	88
98	19	21	10	0	56	90	95
99	20	26	9	0	31	35
100	18	18	17	0	26	65	44
