1189	0	1
0	-33	33	0	1
1	-99	-97	6	0	193	46	121
2	-59	50	72	0	43	17	261
3	0	14	93	0	222	5
4	-17	-66	0	1
5	-69	-19	5	0	3	222
6	31	12	43	0
7	5	-41	1	0	161	68	149
8	-12	10	36	0
9	-64	70	53	0	91	62	210
10	-12	85	63	0
11	-18	64	25	0	236	228
12	-77	-16	50	0	71	49	203
13	-53	88	57	0	190	175	95
14	83	-24	0	1	116	79
15	24	41	66	0	144
16	17	21	37	0
17	42	96	51	0	2	43	261
18	-65	0	47	0	80	170
19	-47	-26	88	0	178	51	202
20	85	36	75	0	150	120
21	-35	-54	48	0	66	156	224
22	54	-21	40	0
23	64	-17	8	0	206	39
24	55	89	69	0
25	17	-25	0	1	32
26	-61	66	0	1
27	-61	26	5	0
28	17	-72	0	1
29	79	38	8	0	122	232
30	-62	-2	24	0	90	241
31	-90	-68	53	0	75
32	52	66	13	0	25
33	-54	-50	47	0	42	106	136
34	8	-84	57	0	244	245
35	37	-90	0	1
36	-83	49	74	0	233	221	94
37	35	-1	83	0
38	7	59	96	0	191	126	177
39	12	48	42	0	23	206
40	57	95	80	0	223	218	100
41	92	28	22	0	248	125
42	-3	97	56	0	33	106	136
43	-7	52	43	0	2	17	261
44	42	-15	12	0
45	77	-43	0	1	235	182
46	59	-49	32	0	1	193	121
47	25	91	8	0
48	69	-19	79	0	130
49	-82	-14	79	0	12	71	203
50	74	-70	4	0	246	63
51	69	59	0	1	19	178	202
52	29	33	17	0	164	159
53	-97	9	19	0
54	-58	9	44	0	148
55	28	93	5	0	127	258
56	7	73	37	0	145
57	-28	73	0	1	239
58	-76	55	62	0	196	160	162
59	41	42	90	0	93
60	92	40	57	0	157
61	-84	-29	0	1	166	179
62	-12	42	0	1	9	91	210
63	51	-45	80	0	50	246
64	-37	46	60	0
65	-97	35	95	0	154	167
66	14	89	56	0	21	156	224
67	60	58	56	0
68	-63	-75	9	0	7	161	149
69	-18	34	0	1	118
70	-46	-82	0	1
71	-86	-79	4	0	12	49	203
72	-43	-30	58	0	107	238
73	-44	7	73	0	74	163	249
74	-3	-20	5	0	73	163	249
75	36	41	12	0	31
76	-30	-94	3	0
77	79	-62	8	0	153	251	247
78	51	70	0	1	87	151
79	-61	-26	48	0	14	116
80	6	94	3	0	18	170
81	-19	-62	52	0	216	168	155
82	-20	51	99	0	259
83	-81	37	29	0
84	7	31	12	0	184	204	189
85	52	12	0	1	197	97	165
86	83	-91	98	0	152	115	243
87	-7	-92	4	0	78	151
88	82	-74	56	0	134	229	187
89	-70	85	24	0	181
90	-83	-30	0	1	30	241
91	71	-61	45	0	9	62	210
92	85	11	98	0	108	211	123
93	66	-48	4	0	59
94	78	-87	36	0	36	233	221
95	9	-79	72	0	13	190	175
96	-36	4	0	1	215	128	220
97	66	39	71	0	85	197	165
98	92	-17	84	0	199	147	103
99	-46	-79	21	0	139
100	-30	-63	99	0	40	223	218
101	-42	63	33	0	140	158	169
102	20	42	84	0	124	208
103	15	98	74	0	98	199	147
104	1	-17	93	0
105	64	20	25	0	209
106	-96	85	39	0	33	42	136
107	93	-29	42	0	72	238
108	-40	-84	77	0	92	211	123
109	86	35	68	0	217
110	91	36	50	0	131	143
111	62	-8	42	0	117	133	186
112	-24	4	71	0
113	11	96	85	0	227	176
114	-53	62	78	0	146
115	-28	-71	64	0	86	152	243
116	7	-4	5	0	14	79
117	95	-9	93	0	111	133	186
118	-3	17	18	0	69
119	53	-90	38	0	226
120	58	-19	29	0	20	150
121	-83	84	81	0	1	193	46
122	-1	49	4	0	29	232
123	-4	17	23	0	92	108	211
124	-82	-3	11	0	102	208
125	-43	47	86	0	41	248
126	6	-6	2	0	38	191	177
127	70	99	31	0	55	258
128	68	-29	54	0	96	215	220
129	-94	-30	87	0	180	257	198
130	-94	-20	17	0	48
131	-21	77	81	0	110	143
132	64	37	72	0	254
133	-70	-19	10	0	111	117	186
134	88	65	50	0	88	229	187
135	2	29	25	0	234	172
136	33	57	71	0	33	42	106
137	-70	6	85	0
138	-38	-56	51	0
139	-80	-95	29	0	99
140	-5	-39	55	0	101	158	169
141	8	-22	45	0	252
142	-61	-76	100	0	201	237	242
143	76	-22	38	0	110	131
144	49	-71	11	0	15
145	-30	-68	82	0	56
146	1	34	50	0	114
147	77	79	0	1	98	199	103
148	-58	64	6	0	54
149	82	-97	87	0	7	161	68
150	-80	55	83	0	20	120
151	81	-86	22	0	78	87
152	39	-49	24	0	86	115	243
153	-67	72	69	0	77	251	247
154	-25	-89	97	0	65	167
155	-44	-95	65	0	81	216	168
156	32	-68	97	0	21	66	224
157	-17	49	79	0	60
158	93	49	79	0	101	140	169
159	99	81	46	0	52	164
160	10	-49	0	1	58	196	162
161	63	-41	39	0	7	68	149
162	38	39	94	0	58	196	160
163	-28	39	97	0	73	74	249
164	-2	-47	18	0	52	159
165	38	8	3	0	85	197	97
166	-42	-6	23	0	61	179
167	-67	88	19	0	65	154
168	19	93	40	0	81	216	155
169	40	27	49	0	101	140	158
170	-61	56	96	0	18	80
171	43	33	58	0	225
172	-18	-39	15	0	135	234
173	-69	19	21	0
174	75	-18	56	0	260	230
175	31	85	67	0	13	190	95
176	25	58	10	0	113	227
177	-16	36	36	0	38	191	126
178	91	15	84	0	19	51	202
179	60	-39	59	0	61	166
180	49	-47	0	1	129	257	198
181	42	33	0	1	89
182	16	-81	33	0	45	235
183	-78	53	62	0	195	231	185
184	53	-80	70	0	84	204	189
185	-46	-26	79	0	183	195	231
186	-25	-54	98	0	111	117	133
187	69	-46	99	0	88	134	229
188	0	-78	18	0
189	-84	74	55	0	84	184	204
190	-16	16	75	0	13	175	95
191	-63	-14	94	0	38	126	177
192	51	-77	89	0	253
193	-39	61	13	0	1	46	121
194	5	97	19	0	214
195	-55	39	19	0	183	231	185
196	70	-14	90	0	58	160	162
197	0	95	35	0	85	97	165
198	-45	7	76	0	129	180	257
199	38	-24	3	0	98	147	103
200	50	-37	11	0
201	59	71	98	0	142	237	242
202	-73	-96	92	0	19	178	51
203	-29	72	1	0	12	71	49
204	-47	12	2	0	84	184	189
205	-88	-61	63	0	212
206	-88	36	57	0	23	39
207	-46	-3	0	1	213
208	26	-37	0	1	102	124
209	-39	-67	24	0	105
210	92	27	14	0	9	91	62
211	-80	-31	18	0	92	108	123
212	93	-50	77	0	205
213	-20	-5	28	0	207
214	-22	73	72	0	194
215	-4	-7	49	0	96	128	220
216	54	-48	58	0	81	168	155
217	-70	39	84	0	109
218	54	-82	58	0	40	223	100
219	29	41	41	0
220	-87	51	98	0	96	215	128
221	-96	-36	0	1	36	233	94
222	49	8	0	1	3	5
223	-5	54	39	0	40	218	100
224	-26	43	99	0	21	66	156
225	-11	60	83	0	171
226	40	61	54	0	119
227	82	35	86	0	113	176
228	-92	12	2	0	11	236
229	-93	-86	14	0	88	134	187
230	-66	63	42	0	174	260
231	-72	-87	14	0	183	195	185
232	-57	-84	55	0	29	122
233	23	52	2	0	36	221	94
234	-56	-62	18	0	135	172
235	-19	59	17	0	45	182
236	63	-14	22	0	11	228
237	-13	38	28	0	142	201	242
238	-19	87	3	0	72	107
239	44	-84	96	0	57
240	98	-17	53	0	250
241	-16	62	15	0	30	90
242	3	66	36	0	142	201	237
243	26	22	98	0	86	152	115
244	-38	-81	78	0	34	245
245	70	80	0	1	34	244
246	17	-35	65	0	50	63
247	96	-83	64	0	77	153	251
248	-77	80	43	0	41	125
249	-14	44	50	0	73	74	163
250	33	-33	0	0	240
251	-50	60	0	0	77	153	247
252	-50	-60	0	0	141
253	75	0	0	0	192
254	0	75	0	0	132
255	-75	0	0	0
256	0	-75	0	0
257	70	0	0	0	129	180	198
258	40	80	0	0	55	127
259	40	-80	0	0	82
260	-60	20	0	0	174	230
261	-60	-20	0	0	2	43	17
