3415	2	2
0	10.5	14.4	0	1
1	11.2	14.1	0	1
2	18	15.9	0	1
3	18.3	13.3	10	0
4	16.5	9.3	10	0	14	28	11
5	15.4	11	10	0
6	14.9	13.2	5	0	12
7	16.3	13.3	5	0	22	8	18
8	16.4	17.8	5	0	7	22	18
9	15	17.9	5	0	23	20
10	16.1	19.6	10	0	17	31	29
11	15.7	20.6	10	0	4	14	28
12	13.2	20.1	0	1	6
13	14.3	15.3	5	0	30	26	25
14	14	5.1	10	0	4	28	11
15	11.4	6.7	15	0	21
16	8.3	5	15	0
17	7.9	9.8	10	0	10	31	29
18	11.4	12	5	0	7	22	8
19	11.2	17.6	5	0	27
20	10.1	18.7	5	0	9	23
21	11.7	20.3	10	0	15
22	10.2	22.1	10	0	7	8	18
23	9.7	23.8	10	0	9	20
24	10.1	26.4	15	0
25	7.4	24	0	1	13	30	26
26	8.2	19.9	15	0	13	30	25
27	8.7	17.7	10	0	19
28	8.9	13.6	10	0	4	14	11
29	5.6	11.1	10	0	10	17	31
30	4.9	18.9	10	0	13	26	25
31	7.3	18.8	10	0	10	17	29
