    #        ngroups         ntours         nspots
                  10              5             18

    #        spot_id         n_name         length              a              b
                  13        Spot_13            120              0           1440
                  21        Spot_21            180              0           1440
                  45        Spot_45            120              0           1440
                  58        Spot_58            180              0           1440
                  67        Spot_67             60              0           1440
                  69        Spot_69            120              0           1440
                  82        Spot_82            150              0           1440
                  91        Spot_91            210              0           1440
                 100       Spot_100             90              0           1440
                 117       Spot_117             60              0           1440
                 125      Hotel_125              0              0           1440
                 126      Hotel_126              0              0           1440
                 128      Hotel_128              0              0           1440
                 129      Hotel_129              0              0           1440
                 130      Hotel_130              0              0           1440
                 131      Hotel_131              0              0           1440
                 132      Hotel_132              0              0           1440
                 133      Hotel_133              0              0           1440

    #          tr_id        tr_name          nspot            seq
                  32        Tour_32              2             45             67
                  25        Tour_25              2             58             21
                  56        Tour_56              2            117             13
                  54        Tour_54              3             69            100             82
                  86        Tour_86              1             91

    #          gr_id        gr_size          tr_id         origin
                   0              8             32            133
                   1              3             25            126
                   2              6             56            125
                   3              6             54            131
                   4              7             86            129
                   5              1             86            132
                   6              4             86            130
                   7              1             54            133
                   8              3             25            125
                   9              5             25            128

    #            o/d             13             21             45             58             67             69             82             91            100            117            125            126            128            129            130            131            132            133
                  21             46
                  45             37             55
                  58             73            119             82
                  67            102            119            138            122
                  69             11             55             43             65             96
                  82             72             72            106            123             52             71
                  91             61             58             94            119             65             62             15
                 100             46             91             62             29            104             37             97             91
                 117            115            136            151            124             21            108             72             84            109
                 125             51             96             61             23            114             43            106            100             11            119
                 126             68            102            102             71             51             60             65             68             55             55             65
                 128             82             68            112            141             71             84             23             23            114             92            123             88
                 129             60             92             94             72             52             51             58             60             52             60             62             11             80
                 130             42             68             15             71            141             46            114            102             55            152             52            101            122             94
                 131             82            122            109             55             74             72             94             96             51             71             58             29            116             37            105
                 132             72            116             94             33             92             62            102            101             33             92             37             42            122             46             87             23
                 133             21             29             31             91            115             31             78             65             65            130             68             87             82             78             42            102             92
