    #        ngroups         ntours         nspots
                  10              5             20

    #        spot_id         n_name         length              a              b
                   2         Spot_2            210              0           1440
                  47        Spot_47            120              0           1440
                  56        Spot_56            180              0           1440
                  59        Spot_59            180              0           1440
                  68        Spot_68            210              0           1440
                  69        Spot_69            120              0           1440
                  79        Spot_79             60              0           1440
                  87        Spot_87             60              0           1440
                 105       Spot_105             90              0           1440
                 107       Spot_107            120              0           1440
                 109       Spot_109            120              0           1440
                 121       Spot_121             90              0           1440
                 125      Hotel_125              0              0           1440
                 126      Hotel_126              0              0           1440
                 127      Hotel_127              0              0           1440
                 128      Hotel_128              0              0           1440
                 130      Hotel_130              0              0           1440
                 131      Hotel_131              0              0           1440
                 132      Hotel_132              0              0           1440
                 133      Hotel_133              0              0           1440

    #          tr_id        tr_name          nspot            seq
                  65        Tour_65              3             59            109             69
                  96        Tour_96              2            107             79
                  66        Tour_66              3             68             87             47
                  74        Tour_74              3            105              2            109
                   1         Tour_1              2            121             56

    #          gr_id        gr_size          tr_id         origin
                   0              9             65            132
                   1              8             96            131
                   2              6             66            127
                   3              3             74            133
                   4              9              1            126
                   5              7             74            128
                   6              3              1            125
                   7              3              1            125
                   8              9              1            126
                   9              4             66            130

    #            o/d              2             47             56             59             68             69             79             87            105            107            109            121            125            126            127            128            130            131            132            133
                  47             72
                  56             37             87
                  59             29             78             11
                  68             42             62             78             68
                  69             43             29             62             52             42
                  79             51             94             15             23             91             71
                  87             68             82             41             42            101             68             33
                 105             91             97            127            119             51             88            141            151
                 107             52            119             74             72             65             91             87            114             92
                 109             46            116             62             61             68             88             74            102            102             15
                 121             46             33             55             46             55             15             62             55            102             97             91
                 125             61             52             51             46             82             43             51             31            130            112            104             29
                 126             21             88             23             21             62             60             37             62            109             52             41             58             65
                 127             15             58             42             33             37             29             55             65             88             65             60             33             52             33
                 128             72            102            108            101             42             84            122            138             33             61             72             97            123             88             73
                 130             88             21             96             88             82             46            100             82            116            136            132             43             52            101             73            122
                 131             46             97             11             21             87             72             11             42            136             78             65             65             58             29             52            116            105
                 132             51             82             21             23             88             62             15             21            138             94             82             51             37             42             51            122             87             23
                 133             68             23             92             82             46             31            102             97             74            108            108             42             68             87             55             82             42            102             92
