    #        ngroups         ntours         nspots
                  20             10             34

    #        spot_id         n_name         length              a              b
                   5         Spot_5             90              0           1440
                  10        Spot_10            120              0           1440
                  11        Spot_11            180              0           1440
                  17        Spot_17             90              0           1440
                  23        Spot_23            210              0           1440
                  24        Spot_24            210              0           1440
                  27        Spot_27             90              0           1440
                  32        Spot_32            150              0           1440
                  35        Spot_35            150              0           1440
                  47        Spot_47            120              0           1440
                  49        Spot_49             60              0           1440
                  59        Spot_59            180              0           1440
                  62        Spot_62            150              0           1440
                  66        Spot_66            120              0           1440
                  69        Spot_69            120              0           1440
                  79        Spot_79             60              0           1440
                  80        Spot_80            210              0           1440
                  85        Spot_85             90              0           1440
                  86        Spot_86            180              0           1440
                 101       Spot_101             60              0           1440
                 109       Spot_109            120              0           1440
                 110       Spot_110            180              0           1440
                 111       Spot_111            180              0           1440
                 123       Spot_123            210              0           1440
                 124      Hotel_124              0              0           1440
                 125      Hotel_125              0              0           1440
                 126      Hotel_126              0              0           1440
                 127      Hotel_127              0              0           1440
                 128      Hotel_128              0              0           1440
                 129      Hotel_129              0              0           1440
                 130      Hotel_130              0              0           1440
                 131      Hotel_131              0              0           1440
                 132      Hotel_132              0              0           1440
                 133      Hotel_133              0              0           1440

    #          tr_id        tr_name          nspot            seq
                  72        Tour_72              3             66             27            123
                  20        Tour_20              2             35             86
                  34        Tour_34              2            101             10
                  92        Tour_92              2             23             85
                  65        Tour_65              3             59            109             69
                  29        Tour_29              3             17            111            110
                  40        Tour_40              3             79             49              5
                  41        Tour_41              2             80             32
                  18        Tour_18              2             11             47
                  16        Tour_16              3             62             24             79

    #          gr_id        gr_size          tr_id         origin
                   0              9             72            133
                   1              2             20            133
                   2              2             34            127
                   3              5             92            128
                   4              8             65            126
                   5              8             29            125
                   6              5             40            129
                   7              5             41            131
                   8              8             18            130
                   9              8             16            132
                  10              7             29            131
                  11              8             41            126
                  12              2             18            130
                  13              8             65            124
                  14              4             92            129
                  15              5             20            127
                  16              3             18            125
                  17              2             20            124
                  18              4             65            128
                  19              8             29            132

    #            o/d              5             10             11             17             23             24             27             32             35             47             49             59             62             66             69             79             80             85             86            101            109            110            111            123            124            125            126            127            128            129            130            131            132            133
                  10             81
                  11            124            159
                  17             23            102            112
                  23             97             33            144            114
                  24            108             82            100            116             55
                  27             11             71            126             33             87            102
                  32             65            119             61             51            116             94             68
                  35            129             92            116            138             61             23            122            116
                  47             92            122             37             84            110             72             92             37             92
                  49            122            141             31            116            122             73            122             68             87             33
                  59             37             55            114             52             62             73             29             65             94             78            104
                  62             37             68            100             46             71             72             33             51             94             65             92             15
                  66             29             65            109             42             72             80             23             58            101             74            102             11             11
                  69             74             94             65             73             82             52             72             42             74             29             52             52             41             51
                  79             21             61            129             42             78             96             11             73            116             94            122             23             31             21             71
                  80            112            132             33            106            115             68            112             60             84             23             11             94             82             92             42            112
                  85             78             88             72             80             73             42             74             52             65             37             55             51             42             52             11             72             46
                  86            122            152             11            112            137             91            124             62            106             33             21            109             97            106             60            126             23             65
                 101            130             84            129            141             52             31            122            124             15            102            100             94             96            102             82            115             97             72            119
                 109             94             23            151            112             11             65             84            119             71            116            130             61             72             71             88             74            122             80            144             62
                 110            130            102            104            137             72             23            124            109             15             82             74             96             94            102             68            119             72             60             94             29             82
                 111             96             87             82            101             65             21             91             74             42             52             58             65             60             68             33             87             51             23             73             51             73             37
                 123             91             41            130            106             15             42             82            104             52             96            108             55             62             65             68             73            101             60            122             46             23             61             51
                 124             80             68             94             88             51             29             73             71             51             60             73             46             43             51             33             68             65             23             86             55             58             51             21             37
                 125             42            100             82             33            102             91             46             23            114             52             84             46             33             37             43             51             74             51             81            119            104            110             73             92             65
                 126             55             37            124             72             42             65             46             82             82             88            109             21             33             31             60             37            100             55            119             80             41             87             61             37             41             65
                 127             65             65             94             73             55             43             60             62             65             58             78             33             29             37             29             55             68             23             88             68             60             65             33             42             15             52             33
                 128            137             94            126            146             62             33            129            126             11            102             97            101            102            108             84            122             94             74            116             11             72             23             52             55             60            123             88             73
                 129             60             43            116             74             41             55             51             78             73             80            100             23             31             33             51             43             91             46            110             72             42             78             51             33             31             62             11             23             80
                 130             94            137             31             81            127             92             97             31            112             21             43             88             73             82             46            100             37             55             33            122            132            102             72            114             78             52            101             73            122             94
                 131             31             51            132             52             68             91             21             80            110             97            124             21             33             23             72             11            114             71            129            108             65            114             84             65             65             58             29             52            116             37            105
                 132             15             72            116             31             84             94             11             60            115             82            112             23             23             15             62             15            102             65            114            116             82            116             82             78             65             37             42             51            122             46             87             23
                 133            104            119             46            100            101             55            102             58             72             23             23             82             71             81             31            102             15             33             37             84            108             61             37             86             51             68             87             55             82             78             42            102             92
