    #        ngroups         ntours         nspots
                  20             10             30

    #        spot_id         n_name         length              a              b
                  10        Spot_10            120              0           1440
                  13        Spot_13            120              0           1440
                  21        Spot_21            180              0           1440
                  45        Spot_45            120              0           1440
                  46        Spot_46             60              0           1440
                  58        Spot_58            180              0           1440
                  63        Spot_63            120              0           1440
                  65        Spot_65             90              0           1440
                  66        Spot_66            120              0           1440
                  67        Spot_67             60              0           1440
                  69        Spot_69            120              0           1440
                  75        Spot_75            120              0           1440
                  82        Spot_82            150              0           1440
                  90        Spot_90            180              0           1440
                  91        Spot_91            210              0           1440
                  97        Spot_97             60              0           1440
                 100       Spot_100             90              0           1440
                 101       Spot_101             60              0           1440
                 113       Spot_113            210              0           1440
                 117       Spot_117             60              0           1440
                 124      Hotel_124              0              0           1440
                 125      Hotel_125              0              0           1440
                 126      Hotel_126              0              0           1440
                 127      Hotel_127              0              0           1440
                 128      Hotel_128              0              0           1440
                 129      Hotel_129              0              0           1440
                 130      Hotel_130              0              0           1440
                 131      Hotel_131              0              0           1440
                 132      Hotel_132              0              0           1440
                 133      Hotel_133              0              0           1440

    #          tr_id        tr_name          nspot            seq
                  32        Tour_32              2             45             67
                  25        Tour_25              2             58             21
                  56        Tour_56              2            117             13
                  54        Tour_54              3             69            100             82
                  86        Tour_86              1             91
                  73        Tour_73              2             46            113
                  34        Tour_34              2            101             10
                  53        Tour_53              4             66             65             10            101
                  13        Tour_13              3             97             21            117
                  94        Tour_94              3             63             90             75

    #          gr_id        gr_size          tr_id         origin
                   0              8             32            133
                   1              3             25            126
                   2              6             56            125
                   3              6             54            131
                   4              3             86            129
                   5              1             73            132
                   6              5             34            130
                   7              2             53            133
                   8              7             13            125
                   9              4             94            128
                  10              3             34            131
                  11              5             34            127
                  12              3             94            130
                  13              6             34            128
                  14              3             25            124
                  15              4             13            129
                  16              5             86            124
                  17              1             94            132
                  18              2             34            127
                  19              4             56            126

    #            o/d             10             13             21             45             46             58             63             65             66             67             69             75             82             90             91             97            100            101            113            117            124            125            126            127            128            129            130            131            132            133
                  13            102
                  21            129             46
                  45            137             37             55
                  46             65             42             82             73
                  58            104             73            119             82             55
                  63            136             41             21             37             82            109
                  65             41             84            122            114             42             65            124
                  66             65             61            104             87             23             41            102             29
                  67             29            102            119            138             74            122            130             65             81
                  69             94             11             55             43             33             65             51             74             51             96
                  75            124             42             80             33             60             51             65             94             65            132             41
                  82             72             72             72            106             68            123             88             88             88             52             71            112
                  90             78             52             97             74             23             33             92             43             15             92             42             51             91
                  91             81             61             58             94             65            119             73             91             86             65             62            102             15             88
                  97             61             65             73            100             55            109             86             73             73             46             62            102             15             78             21
                 100             91             46             91             62             31             29             84             58             29            104             37             37             97             15             91             84
                 101             84             81             73            114             82            136             91            102            102             61             82            122             15            105             21             29            109
                 113             87             55            100             72             33             23             94             51             23            102             46             46            100             11             96             87             11            114
                 117             21            115            136            151             82            124            146             61             84             21            108            141             72             97             84             65            109             81            106
                 124             68             37             62             73             29             82             68             62             51             65             33             72             42             51             37             31             55             55             60             80
                 125            100             51             96             61             41             23             87             65             37            114             43             33            106             23            100             94             11            119             15            119             65
                 126             37             68            102            102             29             71            106             23             31             51             60             88             65             42             68             51             55             80             52             55             41             65
                 127             65             37             71             72             15             68             74             51             37             68             29             65             55             37             51             42             42             68             46             80             15             52             33
                 128             94             82             68            112             88            141             87            110            108             71             84            124             23            110             23             37            114             11            119             92             60            123             88             73
                 129             43             60             92             94             23             72             97             33             33             52             51             82             58             41             60             43             52             72             51             60             31             62             11             23             80
                 130            137             42             68             15             72             71             51            110             82            141             46             21            114             68            102            106             55            122             65            152             78             52            101             73            122             94
                 131             51             82            122            109             41             55            122             11             23             74             72             88             94             37             96             80             51            108             43             71             65             58             29             52            116             37            105
                 132             72             72            116             94             37             33            112             33             15             92             62             68            102             21            101             88             33            116             23             92             65             37             42             51            122             46             87             23
                 133            119             21             29             31             62             91             21            104             81            115             31             51             78             72             65             73             65             84             74            130             51             68             87             55             82             78             42            102             92
