    #        ngroups         ntours         nspots
                  50             25             54

    #        spot_id         n_name         length              a              b
                   3         Spot_3            210              0           1440
                   4         Spot_4            150              0           1440
                   7         Spot_7             60              0           1440
                   9         Spot_9            150              0           1440
                  13        Spot_13            120              0           1440
                  25        Spot_25            180              0           1440
                  27        Spot_27             90              0           1440
                  31        Spot_31             90              0           1440
                  32        Spot_32            150              0           1440
                  34        Spot_34            120              0           1440
                  37        Spot_37             60              0           1440
                  41        Spot_41             60              0           1440
                  42        Spot_42             60              0           1440
                  46        Spot_46             60              0           1440
                  48        Spot_48            150              0           1440
                  51        Spot_51             60              0           1440
                  52        Spot_52             90              0           1440
                  53        Spot_53            150              0           1440
                  55        Spot_55             60              0           1440
                  56        Spot_56            180              0           1440
                  57        Spot_57             90              0           1440
                  66        Spot_66            120              0           1440
                  67        Spot_67             60              0           1440
                  71        Spot_71            180              0           1440
                  72        Spot_72             60              0           1440
                  76        Spot_76             90              0           1440
                  79        Spot_79             60              0           1440
                  81        Spot_81             60              0           1440
                  86        Spot_86            180              0           1440
                  88        Spot_88            210              0           1440
                  89        Spot_89            120              0           1440
                  91        Spot_91            210              0           1440
                  96        Spot_96            180              0           1440
                 100       Spot_100             90              0           1440
                 112       Spot_112            210              0           1440
                 113       Spot_113            210              0           1440
                 114       Spot_114             60              0           1440
                 115       Spot_115            210              0           1440
                 118       Spot_118            210              0           1440
                 119       Spot_119            120              0           1440
                 120       Spot_120            180              0           1440
                 121       Spot_121             90              0           1440
                 122       Spot_122             60              0           1440
                 123       Spot_123            210              0           1440
                 124      Hotel_124              0              0           1440
                 125      Hotel_125              0              0           1440
                 126      Hotel_126              0              0           1440
                 127      Hotel_127              0              0           1440
                 128      Hotel_128              0              0           1440
                 129      Hotel_129              0              0           1440
                 130      Hotel_130              0              0           1440
                 131      Hotel_131              0              0           1440
                 132      Hotel_132              0              0           1440
                 133      Hotel_133              0              0           1440

    #          tr_id        tr_name          nspot            seq
                  31        Tour_31              3             86              4              7
                  48        Tour_48              3            122             86             42
                  57        Tour_57              2             46            115
                  73        Tour_73              2             46            113
                  15        Tour_15              2             53             32
                   7         Tour_7              3            100            112              9
                  42        Tour_42              2            118             51
                  36        Tour_36              2             31             53
                  83        Tour_83              2             52             88
                  81        Tour_81              2            118             71
                  98        Tour_98              3              7             53             48
                  26        Tour_26              2            113             91
                  72        Tour_72              3             66             27            123
                   3         Tour_3              2             96            114
                  61        Tour_61              2             34             48
                  79        Tour_79              2             79             91
                  28        Tour_28              2             91             81
                   1         Tour_1              2            121             56
                   8         Tour_8              2              9             79
                  30        Tour_30              2            121             55
                  59        Tour_59              3            119             34             72
                  23        Tour_23              3             76             89            120
                  44        Tour_44              3             25             42             37
                  89        Tour_89              2             41              3
                  99        Tour_99              3             67             13             57

    #          gr_id        gr_size          tr_id         origin
                   0              8             31            133
                   1              6             48            127
                   2              3             57            130
                   3              1             73            124
                   4              9             15            133
                   5              8              7            130
                   6              8             42            131
                   7              4             36            133
                   8              8             83            127
                   9              8             81            126
                  10              7             98            126
                  11              1             26            125
                  12              7             72            127
                  13              7              3            132
                  14              1             61            133
                  15              6             79            125
                  16              2             28            130
                  17              7              1            132
                  18              5              8            131
                  19              9             30            129
                  20              3             59            124
                  21              8             23            129
                  22              1             44            132
                  23              7             89            130
                  24              3             99            132
                  25              8              7            132
                  26              3             79            129
                  27              9             42            125
                  28              1             15            125
                  29              6             31            133
                  30              7             28            124
                  31              3             36            131
                  32              8              3            126
                  33              1             99            124
                  34              7             42            127
                  35              7             72            129
                  36              1              7            128
                  37              6             99            124
                  38              9             89            125
                  39              6             31            129
                  40              1             36            125
                  41              7             36            129
                  42              3             23            128
                  43              6             89            127
                  44              7              8            130
                  45              9             30            128
                  46              1             30            131
                  47              2             61            131
                  48              1             26            126
                  49              1             42            132

    #            o/d              3              4              7              9             13             25             27             31             32             34             37             41             42             46             48             51             52             53             55             56             57             66             67             71             72             76             79             81             86             88             89             91             96            100            112            113            114            115            118            119            120            121            122            123            124            125            126            127            128            129            130            131            132            133
                   4             37
                   7             11             46
                   9             31             33             33
                  13             15             51             11             42
                  25             37             52             43             65             37
                  27             94            129             84            105             82            112
                  31             21             51             23             51             15             23             92
                  32             60             94             55             87             46             55             68             43
                  34             97            122             87             92             91            127             51            105            102
                  37             37             72             33             65             23             41             72             23             23             94
                  41             74            109             65             88             62             92             21             71             51             55             52
                  42             78            114             68             94             65             92             23             72             46             65             51             11
                  46             51             84             41             60             42             78             46             55             55             51             43             29             37
                  48             23             46             29             52             23             15            102             11             51            114             33             81             82             65
                  51             82            104             73             72             80            116             65             94            100             23             88             61             71             46            102
                  52             23             58             21             52             11             33             81             11             37             96             15             61             62             46             21             86
                  53             82             88             78             58             87            119            105            100            122             65            104             97            106             72            105             43             97
                  55             94            122             84             92             87            123             41            100             94             11             88             46             55             46            109             29             91             72
                  56             81            114             71             87             72            106             23             84             72             33             68             23             33             31             94             42             74             82             23
                  57             42             29             46             15             55             72            119             62            100            102             78            102            108             73             61             81             65             60            104            100
                  66             72            106             62             82             61             94             23             72             58             46             55             11             21             23             82             51             62             87             37             15             96
                  67            101            114             94             82            102            137             94            116            129             46            114             92            102             74            122             31            110             31             55             72             87             81
                  71             46             55             42             23             52             82             94             65             92             72             71             80             88             51             68             51             62             37             74             73             31             72             60
                  72             43             11             51             31             58             62            132             60            102            122             80            114            119             87             55            102             65             82            122            116             23            109            109             52
                  76             55             60             52             29             62             91            101             74            102             74             81             88             96             60             78             52             72             29             78             80             33             80             55             11             55
                  79             92            126             82            100             81            114             11             92             73             41             74             23             29             42            102             55             82             96             31             15            114             21             84             88            129             94
                  81             78             80             74             51             84            114            110             97            122             73            102            100            109             74            100             51             94             11             80             88             51             91             41             33             73             23            102
                  86             51             61             58             78             51             15            124             37             62            141             52            104            102             91             29            130             46            132            136            119             84            106            151             96             71            105            126            127
                  88             87            123             78            102             74            102             15             82             55             62             61             15             11             43             92             72             72            109             52             31            116             23            102             94            127            102             23            114            112
                  89             55             72             60             84             51             21            116             37             51            138             46             97             94             88             33            129             43            136            132            114             92            100            152            100             82            109            119            132             15            104
                  91             52             51             51             23             61             87            108             72            104             84             82             94            102             65             74             62             71             37             87             88             23             86             65             15             46             11            102             29            100            108            106
                  96             51             43             52             21             62             84            116             71            106             94             84            101            108             72             72             72             72             46             97             96             15             94             74             23             37             21            110             37             97            115            104             11
                 100             60             96             51             80             46             71             42             52             29             73             31             23             21             31             62             74             42            102             65             43             94             29            104             78            102             87             46            104             82             31             74             91             96
                 112             62             46             65             33             74             92            130             82            119            106             97            115            122             86             81             84             84             52            109            110             21            108             82             37             37             33            124             42            104            129            112             23             15            110
                 113             68            105             60             86             55             81             33             62             37             68             41             15             11             33             72             72             52            104             60             37            101             23            102             82            110             91             37            106             92             21             84             96            102             11            116
                 114             80             91             73             60             82            116             91             96            114             51             97             84             94             61            102             29             91             15             58             68             65             74             23             37             87             33             82             23            130             97            132             42             52             92             61             92
                 115            100            124             91             92             96            132             61            110            110             11            101             65             74             58            119             21            102             60             21             42            102             55             37             71            122             72             51             68            146             72            144             82             92             82            104             78             46
                 118             43             51             51             68             46             11            122             33             65            136             51            102            102             87             23            124             42            124            132            116             74            104            144             88             61             96            124            119             11            112             23             91             87             81             94             92            122            141
                 119             65             78             60             46             68            102             88             82            102             55             84             78             87             52             88             33             78             21             60             65             52             68             37             23             74             21             80             23            116             91            119             31             41             82             52             84             15             52            108
                 120             80            116             72            102             65             84             43             68             31             87             46             33             23             52             78             92             60            124             78             55            116             42            122            100            122            109             51            126             92             29             81            114            119             23            132             21            112             97             94            104
                 121             37             73             29             60             23             52             61             31             31             80             15             41             42             29             41             73             21             92             73             55             73             42            100             62             80             72             62             92             65             52             60             74             78             23             91             33             84             86             62             72             43
                 122             21             23             31             37             33             31            114             29             72            116             51             94             97             71             23            100             37             94            114            102             42             92            116             58             33             65            112             88             42            106             51             60             55             78             62             87             94            119             33             80             96             55
                 123             72             87             65             55             73            108             82             88            104             46             87             74             84             51             94             23             82             23             51             60             62             65             29             33             84             31             73             29            122             87            124             41             51             81             62             82             11             42            115             11            102             74             88
                 124             37             61             29             33             37             72             73             51             71             62             52             58             65             29             58             46             46             52             61             55             46             51             65             23             62             33             68             51             86             72             88             37             43             55             58             60             46             65             80             33             78             41             55             37
                 125             65            102             58             88             51             72             46             55             23             82             33             29             23             41             65             84             46            112             73             51            102             37            114             87            108             97             51            114             81             33             72            100            105             11            119             15            102             91             82             92             15             29             82             92             65
                 126             74            102             65             72             68            105             46             82             82             23             72             41             51             29             91             21             73             60             21             23             84             31             51             55            102             60             37             65            119             52            116             68             78             55             91             52             46             29            114             43             72             58             94             37             41             65
                 127             42             72             33             46             37             73             60             51             62             55             46             43             51             15             60             43             43             61             52             42             60             37             68             37             74             46             55             62             88             58             86             51             58             42             72             46             52             60             82             41             65             33             62             42             15             52             33
                 128             71             60             72             41             82            104            129             92            126            100            104            116            124             88             92             78             92             41            105            108             33            108             71             37             51             29            122             31            116            130            124             23             21            114             15            119             52             97            106             46            136             97             74             55             60            123             88             73
                 129             65             92             55             62             60             96             51             73             78             33             65             42             52             23             82             23             65             55             31             29             74             33             52             46             92             51             43             60            110             55            108             60             68             52             82             51             42             37            105             37             71             51             84             33             31             62             11             23             80
                 130             51             78             52             81             42             29             97             31             31            122             29             78             74             72             33            116             33            129            116             96             92             82            141             94             87            104            100            126             33             84             21            102            102             55            112             65            123            129             37            109             61             43             55            114             78             52            101             73            122             94
                 131             92            124             81             97             82            116             21             94             80             31             78             29             37             41            104             46             84             88             21             11            109             23             74             82            126             88             11             94            129             33            123             96            105             51            119             43             73             41            126             72             60             65            112             65             65             58             29             52            116             37            105
                 132             84            119             74             96             72            102             11             81             60             52             62             11             15             37             92             62             71            100             42             21            110             15             92             86            123             94             15            105            114             11            106            101            108             33            122             23             87             62            112             82             37             51            104             78             65             37             42             51            122             46             87             23
                 133             15             37             23             42             21             23            102             15             58            109             37             82             84             62             11             96             23             96            106             92             51             81            115             60             46             68            102             91             37             94             42             65             62             65             71             74             94            114             29             80             82             42             15             86             51             68             87             55             82             78             42            102             92
