    #        ngroups         ntours         nspots
                   5              3             12

    #        spot_id         n_name         length              a              b
                   8         Spot_8            120              0           1440
                  28        Spot_28            180              0           1440
                  29        Spot_29             60              0           1440
                  63        Spot_63            120              0           1440
                  75        Spot_75            120              0           1440
                  81        Spot_81             60              0           1440
                  90        Spot_90            180              0           1440
                 102       Spot_102            150              0           1440
                 128      Hotel_128              0              0           1440
                 131      Hotel_131              0              0           1440
                 132      Hotel_132              0              0           1440
                 133      Hotel_133              0              0           1440

    #          tr_id        tr_name          nspot            seq
                  94        Tour_94              3             63             90             75
                  78        Tour_78              2            102              8
                  38        Tour_38              3             81             28             29

    #          gr_id        gr_size          tr_id         origin
                   0              8             94            133
                   1              3             78            128
                   2              6             38            132
                   3              8             38            131
                   4              8             78            133

    #            o/d              8             28             29             63             75             81             90            102            128            131            132            133
                  28            137
                  29             23            116
                  63            127             46            105
                  75            119             31            100             65
                  81             55            129             43            102            122
                  90             74             78             61             92             51             97
                 102            124             21            105             58             11            124             60
                 128             84            122             68             87            124             31            110            122
                 131             52            114             51            122             88             94             37             96            116
                 132             71             97             65            112             68            105             21             78            122             23
                 133            110             41             88             21             51             91             72             46             82            102             92
