    #        ngroups         ntours         nspots
                   5              3             11

    #        spot_id         n_name         length              a              b
                  11        Spot_11            180              0           1440
                  47        Spot_47            120              0           1440
                  59        Spot_59            180              0           1440
                  69        Spot_69            120              0           1440
                 107       Spot_107            120              0           1440
                 108       Spot_108             90              0           1440
                 109       Spot_109            120              0           1440
                 125      Hotel_125              0              0           1440
                 126      Hotel_126              0              0           1440
                 128      Hotel_128              0              0           1440
                 133      Hotel_133              0              0           1440

    #          tr_id        tr_name          nspot            seq
                  65        Tour_65              3             59            109             69
                  37        Tour_37              2            108            107
                  18        Tour_18              2             11             47

    #          gr_id        gr_size          tr_id         origin
                   0              3             65            128
                   1              7             37            125
                   2              1             18            126
                   3              6             65            133
                   4              9             37            128

    #            o/d             11             47             59             69            107            108            109            125            126            128            133
                  47             37
                  59            114             78
                  69             65             29             52
                 107            152            119             72             91
                 108             65             31             51             23            106
                 109            151            116             61             88             15            100
                 125             82             52             46             43            112             23            104
                 126            124             88             21             60             52             65             41             65
                 128            126            102            101             84             61            106             72            123             88
                 133             46             23             82             31            108             46            108             68             87             82
