    #        ngroups         ntours         nspots
                   5              3             11

    #        spot_id         n_name         length              a              b
                  10        Spot_10            120              0           1440
                  44        Spot_44            150              0           1440
                  57        Spot_57             90              0           1440
                  65        Spot_65             90              0           1440
                  85        Spot_85             90              0           1440
                  88        Spot_88            210              0           1440
                 101       Spot_101             60              0           1440
                 125      Hotel_125              0              0           1440
                 126      Hotel_126              0              0           1440
                 128      Hotel_128              0              0           1440
                 132      Hotel_132              0              0           1440

    #          tr_id        tr_name          nspot            seq
                  49        Tour_49              4             57            101             44             65
                  34        Tour_34              2            101             10
                  14        Tour_14              2             88             85

    #          gr_id        gr_size          tr_id         origin
                   0              4             49            132
                   1              2             34            125
                   2              2             14            125
                   3              7             49            128
                   4              5             49            126

    #            o/d             10             44             57             65             85             88            101            125            126            128            132
                  44            112
                  57            102             11
                  65             41            116            106
                  85             88             58             51             72
                  88             82            124            116             42             68
                 101             84             43             37            102             72            124
                 125            100            108            102             65             51             33            119
                 126             37             94             84             23             55             52             80             65
                 128             94             37             33            110             74            130             11            123             88
                 132             72            119            110             33             65             11            116             37             42            122
