    #        ngroups         ntours         nspots
                  70             35             80

    #        spot_id         n_name         length              a              b
                   0         Spot_0            210              0           1440
                   3         Spot_3            210              0           1440
                   4         Spot_4            150              0           1440
                   5         Spot_5             90              0           1440
                   7         Spot_7             60              0           1440
                   8         Spot_8            120              0           1440
                  10        Spot_10            120              0           1440
                  11        Spot_11            180              0           1440
                  13        Spot_13            120              0           1440
                  14        Spot_14            120              0           1440
                  17        Spot_17             90              0           1440
                  20        Spot_20            180              0           1440
                  22        Spot_22            150              0           1440
                  24        Spot_24            210              0           1440
                  25        Spot_25            180              0           1440
                  27        Spot_27             90              0           1440
                  28        Spot_28            180              0           1440
                  29        Spot_29             60              0           1440
                  32        Spot_32            150              0           1440
                  35        Spot_35            150              0           1440
                  37        Spot_37             60              0           1440
                  38        Spot_38            180              0           1440
                  39        Spot_39             90              0           1440
                  41        Spot_41             60              0           1440
                  42        Spot_42             60              0           1440
                  43        Spot_43            210              0           1440
                  44        Spot_44            150              0           1440
                  46        Spot_46             60              0           1440
                  47        Spot_47            120              0           1440
                  48        Spot_48            150              0           1440
                  49        Spot_49             60              0           1440
                  51        Spot_51             60              0           1440
                  52        Spot_52             90              0           1440
                  53        Spot_53            150              0           1440
                  54        Spot_54            180              0           1440
                  56        Spot_56            180              0           1440
                  57        Spot_57             90              0           1440
                  59        Spot_59            180              0           1440
                  62        Spot_62            150              0           1440
                  65        Spot_65             90              0           1440
                  66        Spot_66            120              0           1440
                  67        Spot_67             60              0           1440
                  68        Spot_68            210              0           1440
                  69        Spot_69            120              0           1440
                  71        Spot_71            180              0           1440
                  73        Spot_73            180              0           1440
                  77        Spot_77            150              0           1440
                  79        Spot_79             60              0           1440
                  83        Spot_83             60              0           1440
                  85        Spot_85             90              0           1440
                  86        Spot_86            180              0           1440
                  87        Spot_87             60              0           1440
                  88        Spot_88            210              0           1440
                  91        Spot_91            210              0           1440
                  94        Spot_94            210              0           1440
                  95        Spot_95             90              0           1440
                  98        Spot_98             90              0           1440
                 100       Spot_100             90              0           1440
                 101       Spot_101             60              0           1440
                 102       Spot_102            150              0           1440
                 104       Spot_104            210              0           1440
                 107       Spot_107            120              0           1440
                 108       Spot_108             90              0           1440
                 109       Spot_109            120              0           1440
                 110       Spot_110            180              0           1440
                 111       Spot_111            180              0           1440
                 112       Spot_112            210              0           1440
                 113       Spot_113            210              0           1440
                 118       Spot_118            210              0           1440
                 120       Spot_120            180              0           1440
                 124      Hotel_124              0              0           1440
                 125      Hotel_125              0              0           1440
                 126      Hotel_126              0              0           1440
                 127      Hotel_127              0              0           1440
                 128      Hotel_128              0              0           1440
                 129      Hotel_129              0              0           1440
                 130      Hotel_130              0              0           1440
                 131      Hotel_131              0              0           1440
                 132      Hotel_132              0              0           1440
                 133      Hotel_133              0              0           1440

    #          tr_id        tr_name          nspot            seq
                  65        Tour_65              3             59            109             69
                  37        Tour_37              2            108            107
                  18        Tour_18              2             11             47
                  47        Tour_47              1             56
                  98        Tour_98              3              7             53             48
                  58        Tour_58              3             87             27             54
                  66        Tour_66              3             68             87             47
                  31        Tour_31              3             86              4              7
                  75        Tour_75              3             85             32              5
                  43        Tour_43              2             14             35
                  53        Tour_53              4             66             65             10            101
                  29        Tour_29              3             17            111            110
                  76        Tour_76              3             38             98             39
                  16        Tour_16              3             62             24             79
                  49        Tour_49              4             57            101             44             65
                   9         Tour_9              3              7             43             32
                  24        Tour_24              3            100             52             95
                  81        Tour_81              2            118             71
                  91        Tour_91              2            104             22
                  34        Tour_34              2            101             10
                  93        Tour_93              2            112             28
                  22        Tour_22              1             88
                  15        Tour_15              2             53             32
                  73        Tour_73              2             46            113
                  42        Tour_42              2            118             51
                  89        Tour_89              2             41              3
                  71        Tour_71              3             94             83             20
                  78        Tour_78              2            102              8
                   4         Tour_4              3             73              0              5
                  84        Tour_84              3             49             69             47
                  26        Tour_26              2            113             91
                  46        Tour_46              2            120             28
                  19        Tour_19              3             52             29             77
                  44        Tour_44              3             25             42             37
                  99        Tour_99              3             67             13             57

    #          gr_id        gr_size          tr_id         origin
                   0              9             65            129
                   1              2             37            130
                   2              1             18            124
                   3              6             47            127
                   4              1             98            124
                   5              4             58            125
                   6              7             66            127
                   7              9             31            124
                   8              2             75            132
                   9              7             43            124
                  10              6             53            125
                  11              8             29            131
                  12              7             76            131
                  13              9             16            127
                  14              5             49            131
                  15              5              9            126
                  16              9             24            129
                  17              3             81            124
                  18              7             91            128
                  19              4             34            132
                  20              3             93            127
                  21              1             22            131
                  22              9             15            125
                  23              2             73            129
                  24              8             42            125
                  25              3             89            126
                  26              5             71            133
                  27              6             78            130
                  28              4              4            131
                  29              4             84            125
                  30              3             26            127
                  31              6             46            126
                  32              7             19            129
                  33              6             44            129
                  34              3             99            128
                  35              9             71            129
                  36              5             24            130
                  37              4             65            128
                  38              3             22            127
                  39              3              9            125
                  40              1             18            132
                  41              5             65            130
                  42              6             29            133
                  43              3             46            132
                  44              1             84            128
                  45              3             42            132
                  46              7              9            131
                  47              6             19            133
                  48              4              9            125
                  49              2             49            126
                  50              9             26            133
                  51              9             81            132
                  52              2             22            131
                  53              9             18            126
                  54              9             43            130
                  55              7             34            131
                  56              3             71            133
                  57              9              4            128
                  58              9             29            127
                  59              2             84            127
                  60              2             26            126
                  61              5             19            129
                  62              7             22            133
                  63              1             76            126
                  64              7             98            124
                  65              2             73            128
                  66              7             98            132
                  67              6             37            133
                  68              3             26            132
                  69              9             75            124

    #            o/d              0              3              4              5              7              8             10             11             13             14             17             20             22             24             25             27             28             29             32             35             37             38             39             41             42             43             44             46             47             48             49             51             52             53             54             56             57             59             62             65             66             67             68             69             71             73             77             79             83             85             86             87             88             91             94             95             98            100            101            102            104            107            108            109            110            111            112            113            118            120            124            125            126            127            128            129            130            131            132            133
                   3             41
                   4             74             37
                   5             60             97            132
                   7             31             11             46             87
                   8             65             96            116             82             88
                  10             72            105            126             81             96             11
                  11             88             60             71            124             65            151            159
                  13             33             15             51             84             11             94            102             58
                  14             55             23             21            114             29             97            106             74             37
                  17             65             96            132             23             88            102            102            112             82            116
                  20             82             51             21            141             58            112            122             92             65             29            144
                  22             33             15             42             91             11             82             91             73             21             23             94             51
                  24             51             42             46            108             41             72             82            100             51             29            116             41             31
                  25             68             37             52            112             43            130            138             23             37             52            104             72             51             78
                  27             55             94            129             11             84             72             71            126             82            109             33            136             87            102            112
                  28             72             52             74            104             55            137            144             21             46             71             92             94             65             94             23            106
                  29             46             73             94             78             65             23             33            129             72             74             94             92             60             51            108             68            116
                  32             52             60             94             65             55            114            119             61             46             82             51            110             65             94             55             68             41             97
                  35             73             61             51            129             62             82             92            116             72             42            138             37             52             23             94            122            112             65            116
                  37             37             37             72             71             33            102            108             55             23             60             65             88             42             72             41             72             37             82             23             94
                  38             37             68             92             68             60             29             37            122             65             72             84             92             55             52            102             60            108             11             87             68             73
                  39             15             33             62             73             23             65             73             86             29             42             80             68             21             37             65             68             73             43             61             60             42             37
                  41             37             74            109             23             65             72             74            106             62             91             33            119             68             86             92             21             87             62             51            108             52             52             51
                  42             43             78            114             21             68             82             84            104             65             96             23            124             73             94             92             23             84             72             46            116             51             62             58             11
                  43             42             11             33            100             15             91            100             68             23             15            102             43             11             33             46             97             62             68             68             51             46             65             31             78             82
                  44             73             46             23            132             51            102            112             92             60             23            137             11             43             31             71            127             92             81            105             29             82             82             60            110            116             37
                  46             11             51             84             51             41             60             65             96             42             65             60             91             42             58             78             46             80             42             55             80             43             33             23             29             37             52             82
                  47             51             31             60             92             33            115            122             37             23             52             84             78             42             72             21             92             23             94             37             92             21             86             51             72             71             41             74             60
                  48             55             23             46            102             29            116            124             37             23             41             97             65             37             65             15            102             31             94             51             82             33             88             51             81             82             33             62             65             15
                  49             74             37             41            122             46            132            141             31             42             46            116             61             51             73             15            122             37            110             68             87             52            105             68            102            102             43             62             84             33             21
                  51             51             82            104             74             73             15             23            137             80             84             92            102             68             61            116             65            122             11            100             74             88             15             51             61             71             78             92             46            101            102            119
                  52             37             23             58             82             21            101            108             51             11             46             78             73             31             61             33             81             37             80             37             82             15             72             37             61             62             33             68             46             15             21             41             86
                  53             71             82             88            114             78             46             55            141             87             72            129             78             68             43            119            105            132             37            122             42            104             46             62             97            106             73             68             72            109            105            116             43             97
                  54             62             23             33            114             33            119            127             42             31             33            109             52             37             60             21            112             42             96             65             74             46             91             55             92             94             29             51             72             29             15             15            105             33            102
                  56             41             81            114             33             71             51             52            123             72             94             51            119             72             82            106             23            105             46             72            102             68             37             52             23             33             82            109             31             87             94            114             42             74             82            102
                  57             65             42             29            124             46             92            102             94             55             21            129             21             37             21             72            119             92             71            100             23             78             72             51            102            108             33             11             73             72             61             65             81             65             60             52            100
                  59             31             71            104             37             61             52             55            114             62             84             52            109             62             73             97             29             96             42             65             94             60             33             42             21             31             72            100             21             78             84            104             41             65             78             92             11             91
                  62             23             62             97             37             52             65             68            100             51             78             46            105             55             72             84             33             82             51             51             94             46             41             37             15             23             65             96             15             65             72             92             52             52             84             81             23             88             15
                  65             52             92            122             41             82             42             41            136             84            102             62            126             81             87            119             31            119             43             86            105             82             37             61             37             46             92            116             42            100            106            126             37             87             80            114             15            106             23             37
                  66             33             72            106             29             62             62             65            109             61             87             42            114             65             80             94             23             91             52             58            101             55             42             46             11             21             74            105             23             74             82            102             51             62             87             92             15             96             11             11             29
                  67             78            101            114            104             94             23             29            159            102             96            122            106             86             68            137             94            146             33            129             72            114             42             73             92            102             94             97             74            124            122            137             31            110             31            122             72             87             71             82             65             81
                  68             43             33             42            102             31             74             84             91             41             23            108             42             21             11             68             96             84             52             84             33             62             51             29             80             86             23             33             51             62             55             65             62             51             51             51             78             23             68             65             84             73             73
                  69             23             23             60             74             15             86             94             65             11             43             73             72             23             52             46             72             51             65             42             74             21             58             23             52             55             29             65             33             29             33             52             72             15             84             41             62             60             52             41             74             51             96             42
                  71             46             46             55            101             42             62             72            105             52             37            110             51             33             11             82             94             97             41             92             29             71             42             33             80             88             37             41             51             74             68             80             51             62             37             65             73             31             65             65             78             72             60             15             51
                  73             11             42             78             55             33             73             80             82             31             60             58             88             37             60             65             52             65             55             42             82             29             46             23             33             37             46             80             15             46             52             72             60             33             81             61             42             72             33             21             55             31             87             51             21             55
                  77             71             31             21            126             41            123            132             51             42             29            123             41             42             58             33            124             55            100             80             68             60             97             62            104            106             33             42             81             43             29             21            109             46            101             15            112             46            102             92            122            102            124             51             52             65             72
                  79             52             92            126             21             82             62             61            129             81            106             42            132             84             96            114             11            109             60             73            116             74             51             65             23             29             94            123             42             94            102            122             55             82             96            112             15            114             23             31             21             21             84             91             71             88             51            122
                  83             62             23             15            119             33            109            119             62             37             15            119             33             31             43             41            116             62             87             80             55             58             84             51             97            100             21             31             72             46             33             33             97             43             86             21            102             33             92             84            112             94            110             37             46             51             65             15            114
                  85             21             21             55             78             11             80             88             72             15             37             80             65             15             42             51             74             60             58             52             65             31             51             15             55             60             23             58             31             37             37             55             65             23             74             42             61             51             51             42             72             52             88             33             11             41             23             51             72             42
                  86             82             51             61            122             58            144            152             11             51             65            112             81             65             91             15            124             23            122             62            106             52            116             80            104            102             60             82             91             33             29             21            130             46            132             33            119             84            109             97            132            106            151             82             60             96             78             41            126             52             65
                  87             58             91            127             15             82             92             92            112             78            110             11            138             88            108            102             23             92             84             52            130             62             74             72             23             15             96            130             51             82             94            114             82             74            119            106             41            122             42             37             52             33            112            101             68            102             51            119             33            114             73            112
                  88             51             87            123             11             78             81             82            114             74            105             21            132             82            101            102             15             94             74             55            122             61             65             65             15             11             91            124             43             81             92            112             72             72            109            104             31            116             33             29             42             23            102             94             65             94             46            116             23            109             68            112             11
                  91             60             52             51            115             51             71             81            109             61             37            124             42             41             11             87            108            104             52            104             15             82             55             46             94            102             42             33             65             82             74             82             62             71             37             68             88             23             80             80             91             86             65             21             62             15             68             65            102             51             52            100            116            108
                  94             23             62             92             51             52             46             51            110             55             72             65             97             51             60             91             43             94             31             68             80             58             21             31             33             42             61             87             15             73             78             97             33             60             65             84             23             78             15             21             31             23             62             55             46             51             29             92             37             81             42            105             55             46             65
                  95             15             52             82             58             42             51             58            102             46             62             68             87             41             51             82             51             86             33             65             72             51             23             21             37             46             51             78             11             65             68             87             37             51             62             74             33             68             23             23             41             29             65             46             37             43             23             82             46             71             33             96             60             51             58             11
                  98             43             33             65             81             31            108            115             46             21             55             74             82             41             71             31             82             29             88             29             92             11             80             46             62             61             42             78             51             11             23             42             94             11            106             37             78             74             68             55             91             65            119             61             23             72             37             51             84             51             33             42             72             71             81             65             58
                 100             33             60             96             41             51             87             91             84             46             80             37            108             58             82             71             42             65             72             29            105             31             62             46             23             21             65            101             31             51             62             82             74             42            102             74             43             94             37             23             58             29            104             73             37             78             23             87             46             82             43             82             33             31             91             42             41             41
                 101             78             72             65            130             71             74             84            129             81             55            141             51             61             31            106            122            124             60            124             15            102             65             65            110            119             62             43             82            102             94            100             68             92             31             87            101             37             94             96            102            102             61             41             82             33             87             82            115             68             72            119            132            124             21             80             73            102            109
                 102             60             52             82             84             51            124            130             41             41             74             71            100             61             92             37             87             21            105             21            112             23             96             65             68             65             62             97             65             23             37             51            110             31            126             51             88             94             80             65            102             73            136             81             42             92             51             65             91             68             52             42             72             74            102             80             73             21             46            122
                 104             86             65             42            144             68            102            112            112             78             42            151             23             60             37             92            138            112             84            123             21            100             87             72            122            129             55             21             94             94             82             82             94             87             62             71            119             23            110            108            123            116             92             43             82             46             94             62            132             51             73            102            144            137             33             96             88             97            116             33            116
                 107             74             94            105            106             88             29             37            152             96             88            124             97             80             60            130             97            141             31            126             62            109             41             68             92            102             86             87             72            119            116            129             33            105             21            115             74             78             72             81             68             82             11             65             91             51             84            116             87            102             82            144            114            104             55             61             62            114            102             51            132             82
                 108             33             43             80             61             37             96            102             65             29             65             55             94             46             74             51             62             46             78             21             97             11             68             41             42             41             51             88             37             31             42             62             82             23            102             55             60             82             51             37             73             46            109             65             23             72             23             68             65             65             33             62             52             51             84             51             46             21             21            104             29            105            106
                 109             68             94            109             94             86             15             23            151             94             91            112            104             80             65            129             84            138             23            119             71            105             33             65             81             92             88             94             65            116            115            130             21            102             33            116             62             84             61             72             55             71             11             68             88             55             78            119             74            105             80            144            102             92             62             52             55            110             94             62            127             92             15            100
                 110             72             52             37            130             55             92            102            104             65             31            137             23             46             23             82            124            102             72            109             15             87             74             58            108            115             42             15             80             82             71             74             82             74             55             62            105             11             96             94            109            102             84             29             68             33             80             55            119             42             60             94            129            122             21             82             73             84            102             29            104             15             74             91             82
                 111             37             23             41             96             21             78             87             82             31             21            101             46             11             21             60             91             74             55             74             42             52             52             23             73             80             15             37             46             52             46             58             65             41             60             43             74             29             65             60             82             68             80             11             33             23             43             46             87             33             23             73             94             88             31             52             42             51             65             51             71             51             72             55             73             37
                 112             80             62             46            137             65             92            102            114             74             41            144             29             55             29             92            130            112             74            119             11             97             78             65            115            122             52             23             86             92             81             84             84             84             52             72            110             21            102            101            114            108             82             37             78             37             88             65            124             52             68            104            137            129             23             88             80             94            110             23            114             11             72            100             81             11             46
                 113             37             68            105             31             60             84             87             94             55             88             29            116             65             88             81             33             74             71             37            110             41             61             51             15             11             73            108             33             61             72             92             72             52            104             84             37            101             33             21             51             23            102             80             46             82             29             97             37             91             51             92             23             21             96             41             42             51             11            114             55            122            102             31             92            108             72            116
                 118             78             43             51            122             51            138            146             21             46             55            114             71             58             82             11            122             29            116             65             97             51            110             73            102            102             51             72             87             31             23             11            124             42            124             23            116             74            106             94            129            104            144             73             55             88             74             31            124             42             60             11            112            112             91            100             91             41             81            109             46             92            137             61            137             84             65             94             92
                 120             55             80            116             37             72            104            106             92             65            101             21            129             80            105             84             43             71             92             31            127             46             81             68             33             23             86            122             52             65             78             97             92             60            124             91             55            116             52             41             68             42            122             96             58            100             46            105             51            102             65             92             23             29            114             61             62             55             23            132             51            138            122             37            112            124             88            132             21             94
                 124             23             37             61             80             29             60             68             94             37             41             88             65             23             29             72             73             82             37             71             51             52             33             11             58             65             33             55             29             60             58             73             46             46             52             60             55             46             46             43             62             51             65             23             33             23             33             65             68             52             23             86             80             72             37             33             23             55             55             55             74             65             60             51             58             51             21             58             60             80             78
                 125             42             65            102             42             58             97            100             82             51             86             33            115             65             91             72             46             62             82             23            114             33             72             55             29             23             72            108             41             52             65             84             84             46            112             78             51            102             46             33             65             37            114             82             43             87             33             91             51             88             51             81             31             33            100             52             51             42             11            119             42            124            112             23            104            110             73            119             15             82             15             65
                 126             37             74            102             55             65             33             37            124             68             81             72            104             62             65            105             46            108             23             82             82             72             15             42             41             51             72             94             29             88             91            109             21             73             60             97             23             84             21             33             23             31             51             62             60             55             43            104             37             92             55            119             62             52             68             15             23             80             55             80             94            100             52             65             41             87             61             91             52            114             72             41             65
                 127             11             42             72             65             33             58             65             94             37             52             73             78             31             43             73             60             80             37             62             65             46             29             11             43             51             41             68             15             58             60             78             43             43             61             65             42             60             33             29             51             37             68             37             29             37             21             72             55             61             23             88             65             58             51             21             11             51             42             68             68             80             65             42             60             65             33             72             46             82             65             15             52             33
                 128             82             71             60            137             72             84             94            126             82             52            146             43             62             33            104            129            122             68            126             11            104             73             68            116            124             61             37             88            102             92             97             78             92             41             84            108             33            101            102            110            108             71             42             84             37             91             78            122             65             74            116            138            130             23             86             80            102            114             11            122             23             61            106             72             23             52             15            119            106            136             60            123             88             73
                 129             29             65             92             60             55             37             43            116             60             71             74             94             52             55             96             51            101             21             78             73             65             11             33             42             52             62             84             23             80             82            100             23             65             55             87             29             74             23             31             33             33             52             52             51             46             37             94             43             82             46            110             65             55             60             11             15             72             52             72             88             91             51             60             42             78             51             82             51            105             71             31             62             11             23             80
                 130             65             51             78             94             52            130            137             31             42             72             81             97             62             92             29             97             11            110             31            112             29            102             68             78             74             61             94             72             21             33             43            116             33            129             46             96             92             88             73            110             82            141             82             46             94             58             60            100             65             55             33             82             84            102             86             80             23             55            122             11            114            136             37            132            102             72            112             65             37             61             78             52            101             73            122             94
                 131             51             92            124             31             81             52             51            132             82            104             52            129             82             91            116             21            114             51             80            110             78             43             62             29             37             92            119             41             97            104            124             46             84             88            112             11            109             21             33             11             23             74             87             72             82             52            122             11            112             71            129             42             33             96             33             42             87             51            108             96            127             78             68             65            114             84            119             43            126             60             65             58             29             52            116             37            105
                 132             46             84            119             15             74             71             72            116             72            100             31            127             78             94            102             11             97             65             60            115             62             55             60             11             15             87            119             37             82             92            112             62             71            100            102             21            110             23             23             33             15             92             88             62             86             42            114             15            106             65            114             21             11            101             37             43             72             33            116             78            130             94             52             82            116             82            122             23            112             37             65             37             42             51            122             46             87             23
                 133             52             15             37            104             23            110            119             46             21             31            100             55             29             55             23            102             41             88             58             72             37             82             46             82             84             23             52             62             23             11             23             96             23             96             11             92             51             82             71            104             81            115             46             31             60             51             23            102             23             33             37             97             94             65             74             65             29             65             84             46             72            108             46            108             61             37             71             74             29             82             51             68             87             55             82             78             42            102             92
