    #        ngroups         ntours         nspots
                  70             35             76

    #        spot_id         n_name         length              a              b
                   3         Spot_3            210              0           1440
                   5         Spot_5             90              0           1440
                   6         Spot_6             60              0           1440
                   7         Spot_7             60              0           1440
                   8         Spot_8            120              0           1440
                   9         Spot_9            150              0           1440
                  10        Spot_10            120              0           1440
                  11        Spot_11            180              0           1440
                  12        Spot_12            120              0           1440
                  14        Spot_14            120              0           1440
                  17        Spot_17             90              0           1440
                  18        Spot_18            210              0           1440
                  20        Spot_20            180              0           1440
                  22        Spot_22            150              0           1440
                  23        Spot_23            210              0           1440
                  25        Spot_25            180              0           1440
                  27        Spot_27             90              0           1440
                  28        Spot_28            180              0           1440
                  29        Spot_29             60              0           1440
                  31        Spot_31             90              0           1440
                  32        Spot_32            150              0           1440
                  33        Spot_33            210              0           1440
                  34        Spot_34            120              0           1440
                  35        Spot_35            150              0           1440
                  37        Spot_37             60              0           1440
                  38        Spot_38            180              0           1440
                  39        Spot_39             90              0           1440
                  40        Spot_40             60              0           1440
                  41        Spot_41             60              0           1440
                  42        Spot_42             60              0           1440
                  48        Spot_48            150              0           1440
                  49        Spot_49             60              0           1440
                  52        Spot_52             90              0           1440
                  53        Spot_53            150              0           1440
                  56        Spot_56            180              0           1440
                  60        Spot_60             90              0           1440
                  63        Spot_63            120              0           1440
                  66        Spot_66            120              0           1440
                  68        Spot_68            210              0           1440
                  75        Spot_75            120              0           1440
                  77        Spot_77            150              0           1440
                  78        Spot_78             90              0           1440
                  79        Spot_79             60              0           1440
                  80        Spot_80            210              0           1440
                  81        Spot_81             60              0           1440
                  83        Spot_83             60              0           1440
                  85        Spot_85             90              0           1440
                  87        Spot_87             60              0           1440
                  88        Spot_88            210              0           1440
                  90        Spot_90            180              0           1440
                  91        Spot_91            210              0           1440
                  94        Spot_94            210              0           1440
                  98        Spot_98             90              0           1440
                 100       Spot_100             90              0           1440
                 101       Spot_101             60              0           1440
                 102       Spot_102            150              0           1440
                 104       Spot_104            210              0           1440
                 107       Spot_107            120              0           1440
                 108       Spot_108             90              0           1440
                 110       Spot_110            180              0           1440
                 111       Spot_111            180              0           1440
                 112       Spot_112            210              0           1440
                 113       Spot_113            210              0           1440
                 114       Spot_114             60              0           1440
                 116       Spot_116            150              0           1440
                 123       Spot_123            210              0           1440
                 124      Hotel_124              0              0           1440
                 125      Hotel_125              0              0           1440
                 126      Hotel_126              0              0           1440
                 127      Hotel_127              0              0           1440
                 128      Hotel_128              0              0           1440
                 129      Hotel_129              0              0           1440
                 130      Hotel_130              0              0           1440
                 131      Hotel_131              0              0           1440
                 132      Hotel_132              0              0           1440
                 133      Hotel_133              0              0           1440

    #          tr_id        tr_name          nspot            seq
                  94        Tour_94              3             63             90             75
                  78        Tour_78              2            102              8
                  38        Tour_38              3             81             28             29
                  71        Tour_71              3             94             83             20
                  76        Tour_76              3             38             98             39
                  26        Tour_26              2            113             91
                  87        Tour_87              2            114             33
                  98        Tour_98              3              7             53             48
                  34        Tour_34              2            101             10
                  19        Tour_19              3             52             29             77
                   8         Tour_8              2              9             79
                  92        Tour_92              2             23             85
                  96        Tour_96              2            107             79
                  45        Tour_45              2              6             88
                  17        Tour_17              3             34            108             49
                  75        Tour_75              3             85             32              5
                  72        Tour_72              3             66             27            123
                  39        Tour_39              2             77             60
                  50        Tour_50              3            116             40             87
                  14        Tour_14              2             88             85
                  70        Tour_70              1             11
                  91        Tour_91              2            104             22
                  41        Tour_41              2             80             32
                  43        Tour_43              2             14             35
                  89        Tour_89              2             41              3
                  21        Tour_21              3            100             78             18
                  80        Tour_80              2            101              5
                  69        Tour_69              2             12             88
                  29        Tour_29              3             17            111            110
                  36        Tour_36              2             31             53
                  63        Tour_63              3             68             10              8
                  77        Tour_77              1             25
                  44        Tour_44              3             25             42             37
                  47        Tour_47              1             56
                   7         Tour_7              3            100            112              9

    #          gr_id        gr_size          tr_id         origin
                   0              1             94            132
                   1              4             78            130
                   2              1             38            128
                   3              4             71            132
                   4              4             76            131
                   5              3             26            132
                   6              8             87            131
                   7              3             98            126
                   8              3             34            125
                   9              6             19            125
                  10              8              8            133
                  11              7             92            127
                  12              1             96            130
                  13              1             45            128
                  14              5             17            132
                  15              6             75            129
                  16              7             72            124
                  17              8             39            130
                  18              9             50            126
                  19              9             14            132
                  20              9             70            124
                  21              7             91            130
                  22              1             41            130
                  23              5             43            131
                  24              7             89            127
                  25              3             21            133
                  26              2             80            125
                  27              2             69            127
                  28              4             29            129
                  29              5             36            131
                  30              4             63            125
                  31              6             77            127
                  32              4             44            131
                  33              9             47            126
                  34              3              7            130
                  35              8             39            133
                  36              3             26            128
                  37              1             87            128
                  38              9             80            126
                  39              1             69            130
                  40              8             38            133
                  41              6             77            125
                  42              5             70            126
                  43              3             72            127
                  44              7             50            126
                  45              1             41            125
                  46              5             50            127
                  47              4             36            132
                  48              4              8            132
                  49              7             14            127
                  50              4              8            132
                  51              1             39            124
                  52              2             34            128
                  53              1             72            124
                  54              5             92            127
                  55              9             44            133
                  56              4             29            131
                  57              7             14            133
                  58              1             92            129
                  59              5             92            128
                  60              7             76            130
                  61              8             38            129
                  62              5             47            129
                  63              7             50            126
                  64              3             47            131
                  65              3             80            133
                  66              6             36            126
                  67              7             89            129
                  68              8              8            125
                  69              9             17            129

    #            o/d              3              5              6              7              8              9             10             11             12             14             17             18             20             22             23             25             27             28             29             31             32             33             34             35             37             38             39             40             41             42             48             49             52             53             56             60             63             66             68             75             77             78             79             80             81             83             85             87             88             90             91             94             98            100            101            102            104            107            108            110            111            112            113            114            116            123            124            125            126            127            128            129            130            131            132            133
                   5             97
                   6            108            102
                   7             11             87            101
                   8             96             82             21             88
                   9             31            110             91             33             84
                  10            105             81             23             96             11             94
                  11             60            124            165             65            151             87            159
                  12             82             23             81             72             61             91             62            119
                  14             23            114            105             29             97             15            106             74             97
                  17             96             23            122             88            102            115            102            112             41            116
                  18             23             82             86             15             73             29             82             80             65             33             86
                  20             51            141            116             58            112             33            122             92            123             29            144             60
                  22             15             91             94             11             82             23             91             73             74             23             94             11             51
                  23             86             97             23             80             23             68             33            144             74             82            114             65             94             72
                  25             37            112            144             43            130             65            138             23            104             52            104             58             72             51            122
                  27             94             11             92             84             72            105             71            126             15            109             33             78            136             87             87            112
                  28             52            104            152             55            137             82            144             21            100             71             92             68             94             65            132             23            106
                  29             73             78             37             65             23             62             33            129             55             74             94             51             92             60             21            108             68            116
                  31             21             92            122             23            108             51            116             43             82             42             87             37             68             33            102             23             92             33             86
                  32             60             65            132             55            114             87            119             61             65             82             51             62            110             65            116             55             68             41             97             43
                  33             62            122             72             61             72             33             82            119            101             46            132             52             46             51             51             97            115            114             55             82            114
                  34             97             61             42             87             23             92             21            146             42            102             82             74            122             84             43            127             51            130             33            105            102             87
                  35             61            129             82             62             82             31             92            116            108             42            138             55             37             52             61             94            122            112             65             81            116             11             97
                  37             37             71            119             33            102             65            108             55             65             60             65             41             88             42            100             41             72             37             82             23             23             92             94             94
                  38             68             68             46             60             29             61             37            122             46             72             84             46             92             55             31            102             60            108             11             80             87             60             31             68             73
                  39             33             73             80             23             65             37             73             86             55             42             80             11             68             21             60             65             68             73             43             43             61             55             65             60             42             37
                  40             78             65             42             68             23             71             29            130             42             82             82             55            102             65             33            110             55            115             15             88             91             68             21             78             80             11             46
                  41             74             23             92             65             72             88             74            106             15             91             33             60            119             68             82             92             21             87             62             71             51            102             55            108             52             52             51             51
                  42             78             21            102             68             82             94             84            104             23             96             23             65            124             73             92             92             23             84             72             72             46            110             65            116             51             62             58             61             11
                  48             23            102            129             29            116             52            124             37             92             41             97             43             65             37            108             15            102             31             94             11             51             84            114             82             33             88             51             96             81             82
                  49             37            122            144             46            132             60            141             31            112             46            116             60             61             51            122             15            122             37            110             31             68             91            132             87             52            105             68            114            102            102             21
                  52             23             82            116             21            101             52            108             51             72             46             78             33             73             31             96             33             81             37             80             11             37             81             96             82             15             72             37             80             61             62             21             41
                  53             82            114             41             78             46             58             55            141             91             72            129             65             78             68             23            119            105            132             37            100            122             33             65             42            104             46             62             51             97            106            105            116             97
                  56             81             33             71             71             51             87             52            123             11             94             51             62            119             72             65            106             23            105             46             84             72             94             33            102             68             37             52             33             23             33             94            114             74             82
                  60             87             62             41             78             21             81             23            138             41             92             81             65            112             74             37            119             52            122             23             96             96             78             11             87             86             21             55             11             52             62            105            123             88             58             31
                  63             33            124            138             42            127             51            136             41            112             37            119             55             51             46            116             23            122             46            105             33             73             82            129             78             55            100             65            109            102            104             23             11             42            108            112            119
                  66             72             29             82             62             62             82             65            109             11             87             42             55            114             65             72             94             23             91             52             72             58             94             46            101             55             42             46             41             11             21             82            102             62             87             15             42            102
                  68             33            102             82             31             74             11             84             91             82             23            108             23             42             21             60             68             96             84             52             52             84             31             81             33             62             51             29             61             80             86             55             65             51             51             78             71             58             73
                  75             55             74            136             52            119             84            124             51             73             78             61             61            105             62            119             46             78             31            100             37             11            112            108            114             21             91             62             96             60             55             43             60             33            124             80            102             65             65             82
                  77             31            126            132             41            123             43            132             51            112             29            123             52             41             42            110             33            124             55            100             37             80             73            126             68             60             97             62            106            104            106             29             21             46            101            112            116             11            102             51             72
                  78             60             73             51             51             37             51             46            115             51             62             87             37             82             46             33             94             65            102             15             72             84             51             41             60             68             11             29             21             55             65             80             96             65             42             43             31             91             46             41             87             87
                  79             92             21             82             82             62            100             61            129             11            106             42             74            132             84             78            114             11            109             60             92             73            108             41            116             74             51             65             46             23             29            102            122             82             96             15             42            122             21             91             82            122             58
                  80             29            112            137             37            124             55            132             33            102             42            106             51             62             43            115             11            112             33            102             21             60             87            123             84             42             96             60            105             92             92             11             11             31            110            104            114             15             92             60             51             23             88            112
                  81             78            119             51             74             55             51             65            136             96             65            132             62             68             65             33            114            110            129             43             97            122             23             73             33            102             51             61             58            100            109            100            110             94             11             88             65            102             91             46            122             94             46            102            105
                  83             23            119            119             33            109             29            119             62            104             15            119             41             33             31             96             41            116             62             87             37             80             60            114             55             58             84             51             94             97            100             33             33             43             86            102            104             23             94             37             73             15             74            114             31             80
                  85             21             78             94             11             80             37             88             72             62             37             80             11             65             15             73             51             74             60             58             29             52             62             78             65             31             51             15             60             55             60             37             55             23             74             61             68             52             52             33             51             51             43             72             46             72             42
                  87             91             15            112             82             92            108             92            112             31            110             11             80            138             88            104            102             23             92             84             84             52            124             72            130             62             74             72             72             23             15             94            114             74            119             41             71            116             33            101             62            119             78             33            104            123            114             73
                  88             87             11            102             78             81            102             82            114             21            105             21             73            132             82             94            102             15             94             74             82             55            116             62            122             61             65             65             62             15             11             92            112             72            109             31             61            114             23             94             65            116             68             23            102            114            109             68             11
                  90             65             33             94             55             74             80             78             97             23             82             37             51            110             60             81             82             31             78             61             61             43             96             60            102             42             51             43             52             11             15             71             92             51             94             29             55             92             15             72             51             94             52             33             81             97             87             46             29             23
                  91             52            115             74             51             71             23             81            109             94             37            124             42             42             41             52             87            108            104             52             72            104             11             84             15             82             55             46             65             94            102             74             82             71             37             88             74             73             86             21            102             65             46            102             78             29             51             52            116            108             88
                  94             62             51             65             52             46             65             51            110             29             72             65             41             97             51             51             91             43             94             31             68             68             72             37             80             58             21             31             23             33             42             78             97             60             65             23             29             94             23             55             73             92             23             37             87             68             81             42             55             46             31             65
                  98             33             81            124             31            108             62            115             46             74             55             74             42             82             41            105             31             82             29             88             15             29             92            102             92             11             80             46             86             62             61             23             42             11            106             78             94             46             65             61             23             51             73             84             33            104             51             33             72             71             52             81             65
                 100             60             41            106             51             87             80             91             84             37             80             37             51            108             58             92             71             42             65             72             52             29            100             73            105             31             62             46             65             23             21             62             82             42            102             43             68             84             29             73             37             87             61             46             72            104             82             43             33             31             15             91             42             41
                 101             72            130             71             71             74             42             84            129            108             55            141             62             51             61             52            106            122            124             60             92            124             11             91             15            102             65             65             73            110            119             94            100             92             31            101             82             91            102             41            122             82             58            115             97             21             68             72            132            124            105             21             80            102            109
                 102             52             84            141             51            124             82            130             41             82             74             71             62            100             61            123             37             87             21            105             33             21            112            115            112             23             96             65            102             68             65             37             51             31            126             88            108             58             73             81             11             65             91             91             43            124             68             52             72             74             60            102             80             21             46            122
                 104             65            144            102             68            102             37            112            112            124             42            151             65             23             60             81             92            138            112             84             84            123             31            116             21            100             87             72             97            122            129             82             82             87             62            119            106             72            116             43            119             62             78            132             81             52             51             73            144            137            115             33             96             97            116             33            116
                 107             94            106             21             88             29             73             37            152             84             88            124             73             97             80             11            130             97            141             31            110            126             52             51             62            109             41             68             42             92            102            116            129            105             21             74             46            122             82             65            129            116             42             87            122             31            102             82            114            104             92             55             61            114            102             51            132             82
                 108             43             61            114             37             96             68            102             65             55             65             55             42             94             46             97             51             62             46             78             33             21             94             86             97             11             68             41             73             42             41             42             62             23            102             60             80             65             46             65             23             68             65             65             52            102             65             33             52             51             33             84             51             21             21            104             29            105            106
                 110             52            130             94             55             92             23            102            104            110             31            137             51             23             46             72             82            124            102             72             72            109             23            104             15             87             74             58             84            108            115             71             74             74             55            105             94             65            102             29            106             55             65            119             72             46             42             60            129            122            101             21             82             84            102             29            104             15             74             91
                 111             23             96             88             21             78             15             87             82             78             21            101             15             46             11             65             60             91             74             55             42             74             41             82             42             52             52             23             62             73             80             46             58             41             60             74             72             51             68             11             72             46             42             87             51             55             33             23             94             88             65             31             52             51             65             51             71             51             72             55             37
                 112             62            137             92             65             92             33            102            114            116             41            144             60             29             55             71             92            130            112             74             82            119             21            106             11             97             78             65             87            115            122             81             84             84             52            110             97             74            108             37            116             65             68            124             82             42             52             68            137            129            108             23             88             94            110             23            114             11             72            100             11             46
                 113             68             31            104             60             84             86             87             94             29             88             29             58            116             65             92             81             33             74             71             62             37            105             68            110             41             61             51             62             15             11             72             92             52            104             37             65             94             23             80             46             97             62             37             82            106             91             51             23             21             11             96             41             51             11            114             55            122            102             31            108             72            116
                 114             80            100             33             73             33             60             42            138             78             73            116             60             84             65             11            116             91            127             23             96            114             41             51             51             97             33             55             37             84             94            102            115             91             15             68             43            108             74             51            116            102             31             82            108             23             88             68            106             97             82             42             52            100             92             42            119             71             15             94             62             58             61             92
                 116             33             65             96             23             80             51             86             73             51             51             65             23             80             29             78             55             62             58             60             33             41             74             73             78             23             51             21             58             42             46             42             62             23             82             52             65             61             41             46             42             62             46             61             52             81             55             15             60             55             33             65             37             29             29             84             46             88             87             21             73             37             82             37             74
                 123             72             91             37             65             31             55             41            130             68             68            106             51             82             58             15            108             82            119             15             88            104             42             46             52             87             23             46             29             74             84             94            108             82             23             60             37            102             65             46            106             96             21             73            101             29             82             60             97             87             72             41             42             91             81             46            109             72             23             84             61             51             62             82             11             65
                 124             37             80             72             29             60             33             68             94             60             41             88             15             65             23             51             72             73             82             37             51             71             46             62             51             52             33             11             42             58             65             58             73             46             52             55             52             68             51             23             72             65             23             68             65             51             52             23             80             72             51             37             33             55             55             55             74             65             60             51             51             21             58             60             46             31             37
                 125             65             42            116             58             97             88            100             82             43             86             33             60            115             65            102             72             46             62             82             55             23            109             82            114             33             72             55             74             29             23             65             84             46            112             51             78             87             37             82             33             91             71             51             74            114             88             51             31             33             23            100             52             42             11            119             42            124            112             23            110             73            119             15            102             37             92             65
                 126             74             55             52             65             33             72             37            124             33             81             72             52            104             62             42            105             46            108             23             82             82             73             23             82             72             15             42             11             41             51             91            109             73             60             23             15            106             31             62             88            104             23             37            100             65             92             55             62             52             42             68             15             80             55             80             94            100             52             65             87             61             91             52             46             51             37             41             65
                 127             42             65             73             33             58             46             65             94             46             52             73             21             78             31             55             73             60             80             37             51             62             60             55             65             46             29             11             37             43             51             60             78             43             61             42             46             74             37             37             65             72             23             55             68             62             61             23             65             58             37             51             21             51             42             68             68             80             65             42             65             33             72             46             52             23             42             15             52             33
                 128             71            137             81             72             84             41             94            126            115             52            146             65             43             62             62            104            129            122             68             92            126             15            100             11            104             73             68             82            116            124             92             97             92             41            108             91             87            108             42            124             78             65            122             94             31             65             74            138            130            110             23             86            102            114             11            122             23             61            106             23             52             15            119             52             87             55             60            123             88             73
                 129             65             60             55             55             37             62             43            116             37             71             74             42             94             52             41             96             51            101             21             73             78             65             33             73             65             11             33             15             42             52             82            100             65             55             29             23             97             33             52             82             94             15             43             91             60             82             46             65             55             41             60             11             72             52             72             88             91             51             60             78             51             82             51             42             43             33             31             62             11             23             80
                 130             51             94            146             52            130             81            137             31             91             72             81             65             97             62            127             29             97             11            110             31             31            112            122            112             29            102             68            108             78             74             33             43             33            129             96            115             51             82             82             21             60             96            100             37            126             65             55             82             84             68            102             86             23             55            122             11            114            136             37            102             72            112             65            123             51            114             78             52            101             73            122             94
                 131             92             31             72             81             52             97             51            132             15            104             52             72            129             82             68            116             21            114             51             94             80            102             31            110             78             43             62             37             29             37            104            124             84             88             11             33            122             23             87             88            122             51             11            114             94            112             71             42             33             37             96             33             87             51            108             96            127             78             68            114             84            119             43             73             62             65             65             58             29             52            116             37            105
                 132             84             15             92             74             71             96             72            116             11            100             31             68            127             78             84            102             11             97             65             81             60            108             52            115             62             55             60             52             11             15             92            112             71            100             21             51            112             15             88             68            114             60             15            102            105            106             65             21             11             21            101             37             72             33            116             78            130             94             52            116             82            122             23             87             52             78             65             37             42             51            122             46             87             23
                 133             15            104            122             23            110             42            119             46             92             31            100             37             55             29            101             23            102             41             88             15             58             74            109             72             37             82             46             91             82             84             11             23             23             96             92            100             21             81             46             51             23             73            102             15             91             23             33             97             94             72             65             74             29             65             84             46             72            108             46             61             37             71             74             94             41             86             51             68             87             55             82             78             42            102             92
