    #        ngroups         ntours         nspots
                  70             35             74

    #        spot_id         n_name         length              a              b
                   0         Spot_0            210              0           1440
                   2         Spot_2            210              0           1440
                   5         Spot_5             90              0           1440
                   8         Spot_8            120              0           1440
                  11        Spot_11            180              0           1440
                  13        Spot_13            120              0           1440
                  15        Spot_15            210              0           1440
                  16        Spot_16            180              0           1440
                  18        Spot_18            210              0           1440
                  20        Spot_20            180              0           1440
                  22        Spot_22            150              0           1440
                  25        Spot_25            180              0           1440
                  26        Spot_26            150              0           1440
                  28        Spot_28            180              0           1440
                  30        Spot_30             60              0           1440
                  31        Spot_31             90              0           1440
                  32        Spot_32            150              0           1440
                  34        Spot_34            120              0           1440
                  35        Spot_35            150              0           1440
                  36        Spot_36            120              0           1440
                  39        Spot_39             90              0           1440
                  40        Spot_40             60              0           1440
                  43        Spot_43            210              0           1440
                  46        Spot_46             60              0           1440
                  47        Spot_47            120              0           1440
                  49        Spot_49             60              0           1440
                  52        Spot_52             90              0           1440
                  53        Spot_53            150              0           1440
                  57        Spot_57             90              0           1440
                  59        Spot_59            180              0           1440
                  61        Spot_61            210              0           1440
                  64        Spot_64            180              0           1440
                  67        Spot_67             60              0           1440
                  68        Spot_68            210              0           1440
                  69        Spot_69            120              0           1440
                  72        Spot_72             60              0           1440
                  73        Spot_73            180              0           1440
                  77        Spot_77            150              0           1440
                  78        Spot_78             90              0           1440
                  79        Spot_79             60              0           1440
                  83        Spot_83             60              0           1440
                  85        Spot_85             90              0           1440
                  86        Spot_86            180              0           1440
                  87        Spot_87             60              0           1440
                  88        Spot_88            210              0           1440
                  91        Spot_91            210              0           1440
                  92        Spot_92            180              0           1440
                  94        Spot_94            210              0           1440
                  96        Spot_96            180              0           1440
                 100       Spot_100             90              0           1440
                 101       Spot_101             60              0           1440
                 102       Spot_102            150              0           1440
                 103       Spot_103            120              0           1440
                 104       Spot_104            210              0           1440
                 105       Spot_105             90              0           1440
                 106       Spot_106            180              0           1440
                 107       Spot_107            120              0           1440
                 108       Spot_108             90              0           1440
                 109       Spot_109            120              0           1440
                 113       Spot_113            210              0           1440
                 114       Spot_114             60              0           1440
                 116       Spot_116            150              0           1440
                 119       Spot_119            120              0           1440
                 122       Spot_122             60              0           1440
                 124      Hotel_124              0              0           1440
                 125      Hotel_125              0              0           1440
                 126      Hotel_126              0              0           1440
                 127      Hotel_127              0              0           1440
                 128      Hotel_128              0              0           1440
                 129      Hotel_129              0              0           1440
                 130      Hotel_130              0              0           1440
                 131      Hotel_131              0              0           1440
                 132      Hotel_132              0              0           1440
                 133      Hotel_133              0              0           1440

    #          tr_id        tr_name          nspot            seq
                  84        Tour_84              3             49             69             47
                  21        Tour_21              3            100             78             18
                  83        Tour_83              2             52             88
                  88        Tour_88              3             39             36             77
                  86        Tour_86              1             91
                  35        Tour_35              3             61            116            122
                  26        Tour_26              2            113             91
                   3         Tour_3              2             96            114
                  79        Tour_79              2             79             91
                  90        Tour_90              3             43             72             30
                  77        Tour_77              1             25
                  55        Tour_55              3             47             46            103
                  74        Tour_74              3            105              2            109
                  60        Tour_60              2             26            106
                  15        Tour_15              2             53             32
                  78        Tour_78              2            102              8
                  17        Tour_17              3             34            108             49
                  10        Tour_10              2             18             92
                  66        Tour_66              3             68             87             47
                   4         Tour_4              3             73              0              5
                  91        Tour_91              2            104             22
                  62        Tour_62              2             15            119
                  50        Tour_50              3            116             40             87
                  80        Tour_80              2            101              5
                  64        Tour_64              2             64             16
                  65        Tour_65              3             59            109             69
                  37        Tour_37              2            108            107
                  36        Tour_36              2             31             53
                  18        Tour_18              2             11             47
                  20        Tour_20              2             35             86
                  99        Tour_99              3             67             13             57
                  14        Tour_14              2             88             85
                  70        Tour_70              1             11
                  95        Tour_95              2             28             15
                  71        Tour_71              3             94             83             20

    #          gr_id        gr_size          tr_id         origin
                   0              3             84            126
                   1              8             21            129
                   2              7             83            130
                   3              9             88            132
                   4              2             86            133
                   5              8             35            128
                   6              9             26            124
                   7              8              3            129
                   8              8             79            132
                   9              1             90            128
                  10              7             77            127
                  11              7             55            127
                  12              3             74            126
                  13              3             60            129
                  14              9             15            131
                  15              6             78            128
                  16              7             17            127
                  17              5             10            130
                  18              2             66            128
                  19              3              4            126
                  20              4             91            129
                  21              8             62            127
                  22              4             50            127
                  23              3             80            129
                  24              6             64            126
                  25              7             65            128
                  26              8             37            133
                  27              6             36            132
                  28              1             18            128
                  29              8             20            125
                  30              7             99            125
                  31              2             14            128
                  32              5             70            133
                  33              3             95            124
                  34              2             71            131
                  35              4             66            133
                  36              6             90            125
                  37              4             35            129
                  38              1             60            130
                  39              6             20            132
                  40              1             91            124
                  41              3             35            131
                  42              2             70            124
                  43              7             74            124
                  44              6             50            131
                  45              6             99            129
                  46              8             50            125
                  47              2             99            125
                  48              2             83            125
                  49              7             88            133
                  50              2             35            132
                  51              9             91            125
                  52              2             55            130
                  53              1             10            130
                  54              3             36            132
                  55              6             65            130
                  56              6              4            124
                  57              3             74            125
                  58              9             83            133
                  59              9             95            127
                  60              6             66            131
                  61              1             83            126
                  62              5             37            124
                  63              3             64            131
                  64              4             88            130
                  65              3             14            133
                  66              8             99            130
                  67              6              3            127
                  68              3             37            132
                  69              1             83            127

    #            o/d              0              2              5              8             11             13             15             16             18             20             22             25             26             28             30             31             32             34             35             36             39             40             43             46             47             49             52             53             57             59             61             64             67             68             69             72             73             77             78             79             83             85             86             87             88             91             92             94             96            100            101            102            103            104            105            106            107            108            109            113            114            116            119            122            124            125            126            127            128            129            130            131            132            133
                   2             23
                   5             60             65
                   8             65             43             82
                  11             88            108            124            151
                  13             33             51             84             94             58
                  15             51             65             23             92            102             68
                  16             65             71            123            106             72             43            110
                  18             23             33             82             73             80             23             72             42
                  20             82             84            141            112             92             65            130             23             60
                  22             33             42             91             82             73             21             80             33             11             51
                  25             68             88            112            130             23             37             92             51             58             72             51
                  26             80             78            138            102            102             68            129             31             58             15             51             81
                  28             72             94            104            137             21             46             82             72             68             94             65             23            102
                  30             72             51            109             37            146             91            114             88             68             87             73            124             74            136
                  31             46             65             92            108             43             15             74             46             37             68             33             23             74             33            105
                  32             52             74             65            114             61             46             42             88             62            110             65             55            114             41            124             43
                  34             60             42             61             23            146             91             74            112             74            122             84            127            114            130             58            105            102
                  35             73             65            129             82            116             72            124             46             55             37             52             94             23            112             52             81            116             97
                  36            101             96            159            114            122             91            151             52             80             31             73            102             23            124             81             97            136            129             33
                  39             15             23             73             65             86             29             65             52             11             68             21             65             65             73             65             43             61             65             60             86
                  40             43             23             65             23            130             73             71             92             55            102             65            110             94            115             46             88             91             21             78            109             46
                  43             42             52            100             91             68             23             88             23             21             43             11             46             46             62             80             31             68             94             51             68             31             74
                  46             11             21             51             60             96             42             46             74             33             91             42             78             88             80             71             55             55             51             80            108             23             37             52
                  47             51             72             92            115             37             23             72             55             46             78             42             21             84             23            114             11             37            110             92            106             51             94             41             60
                  49             74             91            122            132             31             42            104             42             60             61             51             15             72             37            122             31             68            132             87             92             68            114             43             84             33
                  52             37             58             82            101             51             11             65             51             33             73             31             33             78             37            100             11             37             96             82            100             37             80             33             46             15             41
                  53             71             52            114             46            141             87            116             80             65             78             68            119             65            132             11            100            122             65             42             71             62             51             73             72            109            116             97
                  57             65             65            124             92             94             55            115             23             43             21             37             72             15             92             68             62            100            102             23             37             51             82             33             73             72             65             65             60
                  59             31             29             37             52            114             62             41             94             52            109             62             97            105             96             74             74             65             37             94            124             42             31             72             21             78            104             65             78             91
                  61             42             33             42             41            127             74             52            102             61            116             71            109            109            110             68             87             80             23             96            127             51             23             81             33             91            116             78             73             97             15
                  64             42             29             94             52            110             55             91             55             33             61             37             88             52            100             37             68             92             62             37             68             31             42             43             46             78             86             65             33             41             58             60
                  67             78             55            104             23            159            102            112            105             80            106             86            137             94            146             21            116            129             46             72            102             73             41             94             74            124            137            110             31             87             71             62             51
                  68             43             42            102             74             91             41             94             33             23             42             21             68             37             84             58             52             84             81             33             58             29             61             23             51             62             65             51             51             23             68             74             23             73
                  69             23             43             74             86             65             11             60             51             21             72             23             46             73             51             87             23             42             82             74             96             23             65             29             33             29             52             15             84             60             52             65             52             96             42
                  72             78             82            136            114             81             58            124             15             55             11             46             62             23             84             91             60            102            122             43             41             65            102             37             87             68             51             65             82             23            106            114             62            109             41             65
                  73             11             33             55             73             82             31             43             68             29             88             37             65             86             65             82             42             42             65             82            108             23             51             46             15             46             72             33             81             72             33             46             52             87             51             21             82
                  77             71             84            126            123             51             42            109             23             52             41             42             33             52             55            108             37             80            126             68             71             62            106             33             81             43             21             46            101             46            102            112             73            124             51             52             31             72
                  78             33             11             73             37            115             58             74             72             37             82             46             94             74            102             41             72             84             41             60             91             29             21             55             31             80             96             65             42             62             37             37             23             46             41             51             81             42             87
                  79             52             51             21             62            129             81             37            116             74            132             84            114            127            109             91             92             73             41            116            146             65             46             94             42             94            122             82             96            114             23             23             80             84             91             71            129             51            122             58
                  83             62             72            119            109             62             37            105             11             41             33             31             41             41             62             94             37             80            114             55             62             51             94             21             72             46             33             43             86             33             92            102             60            110             37             46             23             65             15             74            114
                  85             21             37             78             80             72             15             65             46             11             65             15             51             65             60             78             29             52             78             65             88             15             60             23             31             37             55             23             74             51             51             62             42             88             33             11             60             23             51             43             72             42
                  86             82            102            122            144             11             51            102             62             72             81             65             15             92             23            138             37             62            141            106            112             80            124             60             91             33             21             46            132             84            109            123            102            151             82             60             71             78             41            108            126             52             65
                  87             58             68             15             92            112             78             11            119             80            138             88            102            137             92            116             84             52             72            130            158             72             72             96             51             82            114             74            119            122             42             51             96            112            101             68            132             51            119             78             33            114             73            112
                  88             51             60             11             81            114             74             15            114             73            132             82            102            130             94            106             82             55             62            122            151             65             62             91             43             81            112             72            109            116             33             41             88            102             94             65            127             46            116             68             23            109             68            112             11
                  91             60             51            115             71            109             61            110             43             42             42             41             87             31            104             46             72            104             84             15             46             46             65             42             65             82             82             71             37             23             80             82             23             65             21             62             46             68             65             46            102             51             52            100            116            108
                  92             58             80             92            122             33             33             71             65             55             87             52             23             94             15            123             21             33            116            102            116             60            101             51             65             11             37             23            119             82             82             96             87            132             72             37             78             51             51             88             97             55             46             31             81             82             92
                  94             23             15             51             46            110             55             52             82             41             97             51             91             91             94             62             68             68             37             80            110             31             23             61             15             73             97             60             65             78             15             21             43             62             55             46             94             29             92             23             37             81             42            105             55             46             65             80
                  96             65             60            122             81            106             62            116             37             46             33             42             84             21            102             55             71            106             94             11             37             51             74             41             72             81             78             72             46             15             88             91             33             74             23             65             37             73             60             55            110             46             55             97            122            115             11             92             73
                 100             33             51             41             87             84             46             23             88             51            108             58             71            108             65            102             52             29             73            105            130             46             65             65             31             51             82             42            102             94             37             51             74            104             73             37            102             23             87             61             46             82             43             82             33             31             91             52             42             96
                 101             78             65            130             74            129             81            127             60             62             51             61            106             37            124             41             92            124             91             15             41             65             73             62             82            102            100             92             31             37             94             94             37             61             41             82             58             87             82             58            115             68             72            119            132            124             21            112             80             23            109
                 102             60             82             84            124             41             41             62             78             62            100             61             37            106             21            129             33             21            115            112            129             65            102             62             65             23             51             31            126             94             80             94             94            136             81             42             91             51             65             91             91             68             52             42             72             74            102             15             80            102             46            122
                 103             11             29             68             72             80             23             58             55             15             73             23             60             72             65             74             37             51             68             68             94             11             51             33             21             43             65             29             72             58             41             52             41             82             37             15             68             15             61             37             62             52             11             73             65             60             55             51             33             60             37             74             55
                 104             86             82            144            102            112             78            137             41             65             23             60             92             11            112             72             84            123            116             21             15             72             97             55             94             94             82             87             62             23            110            114             55             92             43             82             33             94             62             78            132             51             73            102            144            137             33            104             96             23            116             33            116             80
                 105             94             91            152            112            112             82            144             42             72             21             65             92             15            114             82             87            127            126             31             11             80            106             60            102             97             81             91             72             29            119            123             65            102             51             88             31            101             61             87            141             52             80            102            151            144             42            106            105             33            122             42            119             86             11
                 106             52             62            109            100             65             29             96             15             31             37             21             42             42             61             86             33             73            104             52             65             41             84             11             62             42             37             37             80             31             82             92             51            102             29             37             29             55             23             65            104             11             33             55            105            100             46             52             71             42             73             65             65             42             52             55
                 107             74             52            106             29            152             96            112             96             73             97             80            130             84            141             11            110            126             51             62             92             68             42             86             72            119            129            105             21             78             72             65             43             11             65             91            100             84            116             42             87            102             82            144            114            104             55            127             61             65            102             51            132             78             82             92             94
                 108             33             55             61             96             65             29             42             72             42             94             46             51             96             46            104             33             21             86             97            119             41             73             51             37             31             62             23            102             82             51             65             71            109             65             23             86             23             68             65             65             65             33             62             52             51             84             33             51             87             21            104             29             31            105            110             58            106
                 109             68             46             94             15            151             94            102            100             72            104             80            129             92            138             23            108            119             37             71            102             65             31             88             65            116            130            102             33             84             61             52             46             11             68             88            106             78            119             37             74            105             80            144            102             92             62            124             52             72             94             62            127             73             92            102             96             15            100
                 113             37             52             31             84             94             55             15             96             58            116             65             81            115             74            102             62             37             68            110            137             51             62             73             33             61             92             52            104            101             33             46             78            102             80             46            110             29             97             62             37             91             51             92             23             21             96             62             41            102             11            114             55             43            122            129             82            102             31             92
                 114             62             41            100             33            138             82            104             82             60             84             65            116             72            127             11             96            114             51             51             82             55             37             72             61            105            115             91             15             65             65             60             29             23             51             78             87             72            102             31             82             88             68            130            106             97             42            114             52             52             92             42            119             65             71             81             80             15             94             21             92
                 116             15             37             65             80             73             21             51             60             23             80             29             55             80             58             84             33             41             73             78            102             21             58             37             23             37             62             23             82             65             42             55             51             91             46             11             73             11             62             46             61             55             15             68             60             55             65             43             37             68             29             84             46             11             88             94             46             87             21             82             37             74
                 119             51             33             96             41            124             68             97             68             46             72             51            102             61            114             23             82            102             55             42             74             42             37             58             52             91            101             78             21             52             60             58             15             37             37             65             74             61             88             23             80             73             55            116            100             91             31            100             46             41             82             37            106             52             62             72             65             29             82             33             84             15             62
                 122             61             74            116            114             52             33            100             21             42             42             33             31             51             52            101             29             72            116             65             72             52             97             23             71             37             23             37             94             42             92            102             65            116             43             42             33             62             11             78            112             11             41             42            109            106             60             46             82             55             78             78             60             51             61             62             15            108             60            110             87             94             52             80
                 124             23             21             80             60             94             37             73             51             15             65             23             72             60             82             55             51             71             62             51             80             11             42             33             29             60             73             46             52             46             46             52             21             65             23             33             62             33             65             23             68             52             23             86             80             72             37             68             33             43             55             55             74             21             65             73             42             60             51             58             60             46             31             33             55
                 125             42             61             42             97             82             51             21             94             60            115             65             72            116             62            112             55             23             82            114            138             55             74             72             41             52             84             46            112            102             46             60             84            114             82             43            108             33             91             71             51             88             51             81             31             33            100             51             52            105             11            119             42             46            124            130             80            112             23            104             15            102             37             92             82             65
                 126             37             21             55             33            124             68             61             92             52            104             62            105             97            108             55             82             82             23             82            114             42             11             72             29             88            109             73             60             84             21             15             46             51             62             60            102             43            104             23             37             92             55            119             62             52             68             94             15             78             55             80             94             46            100            109             82             52             65             41             52             46             51             43             94             41             65
                 127             11             15             65             58             94             37             60             62             21             78             31             73             73             80             62             51             62             55             65             94             11             37             41             15             58             78             43             61             60             33             41             33             68             37             29             74             21             72             23             55             61             23             88             65             58             51             65             21             58             42             68             68             15             80             88             51             65             42             60             46             52             23             41             62             15             52             33
                 128             82             72            137             84            126             82            132             55             65             43             62            104             29            122             51             92            126            100             11             31             68             82             61             88            102             97             92             41             33            101            102             43             71             42             84             51             91             78             65            122             65             74            116            138            130             23            112             86             21            114             11            122             78             23             33             62             61            106             72            119             52             87             46             74             60            123             88             73
                 129             29             11             60             37            116             60             62             81             42             94             52             96             87            101             52             73             78             33             73            105             33             15             62             23             80            100             65             55             74             23             23             37             52             52             51             92             37             94             15             43             82             46            110             65             55             60             86             11             68             52             72             88             37             91            100             72             51             60             42             51             42             43             37             84             31             62             11             23             80
                 130             65             88             94            130             31             42             72             74             65             97             62             29            104             11            132             31             31            122            112            126             68            108             61             72             21             43             33            129             92             88            102             97            141             82             46             87             58             60             96            100             65             55             33             82             84            102             11             86            102             55            122             11             60            114            116             62            136             37            132             65            123             51            109             55             78             52            101             73            122             94
                 131             51             46             31             52            132             82             46            114             72            129             82            116            123            114             82             94             80             31            110            141             62             37             92             41             97            124             84             88            109             21             15             73             74             87             72            126             52            122             51             11            112             71            129             42             33             96            100             33            105             51            108             96             61            127            136            102             78             68             65             43             73             62             72            112             65             58             29             52            116             37            105
                 132             46             51             15             71            116             72             23            109             68            127             78            102            124             97             97             81             60             52            115            144             60             52             87             37             82            112             71            100            110             23             31             80             92             88             62            123             42            114             60             15            106             65            114             21             11            101             84             37            108             33            116             78             55            130            138             97             94             52             82             23             87             52             82            104             65             37             42             51            122             46             87             23
                 133             52             68            104            110             46             21             87             33             37             55             29             23             62             41            102             15             58            109             72             84             46             91             23             62             23             23             23             96             51             82             94             65            115             46             31             46             51             23             73            102             23             33             37             97             94             65             33             74             62             65             84             46             42             72             74             21            108             46            108             74             94             41             80             15             51             68             87             55             82             78             42            102             92
