    #        ngroups         ntours         nspots
                  90             45             96

    #        spot_id         n_name         length              a              b
                   0         Spot_0            210              0           1440
                   3         Spot_3            210              0           1440
                   4         Spot_4            150              0           1440
                   5         Spot_5             90              0           1440
                   6         Spot_6             60              0           1440
                   7         Spot_7             60              0           1440
                   8         Spot_8            120              0           1440
                  10        Spot_10            120              0           1440
                  11        Spot_11            180              0           1440
                  13        Spot_13            120              0           1440
                  14        Spot_14            120              0           1440
                  15        Spot_15            210              0           1440
                  17        Spot_17             90              0           1440
                  20        Spot_20            180              0           1440
                  21        Spot_21            180              0           1440
                  22        Spot_22            150              0           1440
                  24        Spot_24            210              0           1440
                  25        Spot_25            180              0           1440
                  27        Spot_27             90              0           1440
                  28        Spot_28            180              0           1440
                  29        Spot_29             60              0           1440
                  30        Spot_30             60              0           1440
                  32        Spot_32            150              0           1440
                  33        Spot_33            210              0           1440
                  35        Spot_35            150              0           1440
                  37        Spot_37             60              0           1440
                  38        Spot_38            180              0           1440
                  39        Spot_39             90              0           1440
                  40        Spot_40             60              0           1440
                  41        Spot_41             60              0           1440
                  42        Spot_42             60              0           1440
                  43        Spot_43            210              0           1440
                  44        Spot_44            150              0           1440
                  46        Spot_46             60              0           1440
                  47        Spot_47            120              0           1440
                  48        Spot_48            150              0           1440
                  49        Spot_49             60              0           1440
                  50        Spot_50            210              0           1440
                  51        Spot_51             60              0           1440
                  52        Spot_52             90              0           1440
                  53        Spot_53            150              0           1440
                  54        Spot_54            180              0           1440
                  56        Spot_56            180              0           1440
                  57        Spot_57             90              0           1440
                  59        Spot_59            180              0           1440
                  62        Spot_62            150              0           1440
                  63        Spot_63            120              0           1440
                  65        Spot_65             90              0           1440
                  66        Spot_66            120              0           1440
                  67        Spot_67             60              0           1440
                  68        Spot_68            210              0           1440
                  69        Spot_69            120              0           1440
                  71        Spot_71            180              0           1440
                  72        Spot_72             60              0           1440
                  73        Spot_73            180              0           1440
                  75        Spot_75            120              0           1440
                  77        Spot_77            150              0           1440
                  79        Spot_79             60              0           1440
                  83        Spot_83             60              0           1440
                  85        Spot_85             90              0           1440
                  86        Spot_86            180              0           1440
                  87        Spot_87             60              0           1440
                  88        Spot_88            210              0           1440
                  90        Spot_90            180              0           1440
                  91        Spot_91            210              0           1440
                  94        Spot_94            210              0           1440
                  95        Spot_95             90              0           1440
                  97        Spot_97             60              0           1440
                  98        Spot_98             90              0           1440
                 100       Spot_100             90              0           1440
                 101       Spot_101             60              0           1440
                 102       Spot_102            150              0           1440
                 103       Spot_103            120              0           1440
                 104       Spot_104            210              0           1440
                 107       Spot_107            120              0           1440
                 108       Spot_108             90              0           1440
                 109       Spot_109            120              0           1440
                 110       Spot_110            180              0           1440
                 111       Spot_111            180              0           1440
                 112       Spot_112            210              0           1440
                 113       Spot_113            210              0           1440
                 117       Spot_117             60              0           1440
                 118       Spot_118            210              0           1440
                 119       Spot_119            120              0           1440
                 120       Spot_120            180              0           1440
                 121       Spot_121             90              0           1440
                 124      Hotel_124              0              0           1440
                 125      Hotel_125              0              0           1440
                 126      Hotel_126              0              0           1440
                 127      Hotel_127              0              0           1440
                 128      Hotel_128              0              0           1440
                 129      Hotel_129              0              0           1440
                 130      Hotel_130              0              0           1440
                 131      Hotel_131              0              0           1440
                 132      Hotel_132              0              0           1440
                 133      Hotel_133              0              0           1440

    #          tr_id        tr_name          nspot            seq
                  65        Tour_65              3             59            109             69
                  37        Tour_37              2            108            107
                  18        Tour_18              2             11             47
                  47        Tour_47              1             56
                  98        Tour_98              3              7             53             48
                  58        Tour_58              3             87             27             54
                  66        Tour_66              3             68             87             47
                  31        Tour_31              3             86              4              7
                  75        Tour_75              3             85             32              5
                  43        Tour_43              2             14             35
                  53        Tour_53              4             66             65             10            101
                  29        Tour_29              3             17            111            110
                  76        Tour_76              3             38             98             39
                  16        Tour_16              3             62             24             79
                  49        Tour_49              4             57            101             44             65
                   9         Tour_9              3              7             43             32
                  24        Tour_24              3            100             52             95
                  81        Tour_81              2            118             71
                  91        Tour_91              2            104             22
                  34        Tour_34              2            101             10
                  93        Tour_93              2            112             28
                  22        Tour_22              1             88
                  15        Tour_15              2             53             32
                  73        Tour_73              2             46            113
                  42        Tour_42              2            118             51
                  89        Tour_89              2             41              3
                  71        Tour_71              3             94             83             20
                  78        Tour_78              2            102              8
                   4         Tour_4              3             73              0              5
                  84        Tour_84              3             49             69             47
                  26        Tour_26              2            113             91
                  46        Tour_46              2            120             28
                  19        Tour_19              3             52             29             77
                  44        Tour_44              3             25             42             37
                  99        Tour_99              3             67             13             57
                  90        Tour_90              3             43             72             30
                  94        Tour_94              3             63             90             75
                  33        Tour_33              3             50             51            100
                  83        Tour_83              2             52             88
                  55        Tour_55              3             47             46            103
                  82        Tour_82              4             40             29             33              6
                  62        Tour_62              2             15            119
                  96        Tour_96              2            107             79
                  13        Tour_13              3             97             21            117
                   1         Tour_1              2            121             56

    #          gr_id        gr_size          tr_id         origin
                   0              3             65            129
                   1              1             37            130
                   2              9             18            131
                   3              2             47            127
                   4              8             98            124
                   5              3             58            125
                   6              5             66            127
                   7              6             31            125
                   8              4             75            124
                   9              4             43            132
                  10              3             53            125
                  11              6             29            131
                  12              7             76            131
                  13              6             16            127
                  14              9             49            131
                  15              5              9            126
                  16              7             24            129
                  17              8             81            124
                  18              4             91            128
                  19              1             34            133
                  20              1             93            127
                  21              4             22            131
                  22              2             15            125
                  23              6             73            129
                  24              1             42            125
                  25              4             89            126
                  26              4             71            124
                  27              3             78            129
                  28              2              4            131
                  29              1             84            125
                  30              7             26            127
                  31              9             46            126
                  32              9             19            129
                  33              8             44            128
                  34              4             99            128
                  35              2             90            129
                  36              7             94            130
                  37              4             33            128
                  38              4             83            127
                  39              1             55            128
                  40              8             82            132
                  41              9             62            130
                  42              4             96            133
                  43              1             13            132
                  44              2              1            130
                  45              9             18            127
                  46              1             76            131
                  47              3             76            133
                  48              8              9            125
                  49              9             43            126
                  50              2             71            126
                  51              9             76            130
                  52              7             58            131
                  53              7             76            126
                  54              4             82            130
                  55              1             78            131
                  56              8              1            133
                  57              8             82            128
                  58              9             53            127
                  59              2             96            127
                  60              2             49            126
                  61              9             13            129
                  62              9             66            133
                  63              9             84            126
                  64              2             22            124
                  65              9             31            128
                  66              3             29            132
                  67              1             98            133
                  68              7             13            132
                  69              9             13            124
                  70              2             75            131
                  71              4             98            128
                  72              3             62            125
                  73              4             22            130
                  74              8             44            128
                  75              8             66            133
                  76              6             65            126
                  77              7             76            125
                  78              4             34            133
                  79              8             34            130
                  80              8             73            133
                  81              2             43            132
                  82              1             94            126
                  83              2             53            129
                  84              2             65            124
                  85              3             84            133
                  86              4             49            129
                  87              6             84            124
                  88              6              1            125
                  89              5             73            129

    #            o/d              0              3              4              5              6              7              8             10             11             13             14             15             17             20             21             22             24             25             27             28             29             30             32             33             35             37             38             39             40             41             42             43             44             46             47             48             49             50             51             52             53             54             56             57             59             62             63             65             66             67             68             69             71             72             73             75             77             79             83             85             86             87             88             90             91             94             95             97             98            100            101            102            103            104            107            108            109            110            111            112            113            117            118            119            120            121            124            125            126            127            128            129            130            131            132            133
                   3             41
                   4             74             37
                   5             60             97            132
                   6             82            108            123            102
                   7             31             11             46             87            101
                   8             65             96            116             82             21             88
                  10             72            105            126             81             23             96             11
                  11             88             60             71            124            165             65            151            159
                  13             33             15             51             84            108             11             94            102             58
                  14             55             23             21            114            105             29             97            106             74             37
                  15             51             82            119             23            112             73             92             94            102             68            102
                  17             65             96            132             23            122             88            102            102            112             82            116             15
                  20             82             51             21            141            116             58            112            122             92             65             29            130            144
                  21             72             33             11            129            127             42            119            129             61             46             23            114            127             31
                  22             33             15             42             91             94             11             82             91             73             21             23             80             94             51             41
                  24             51             42             46            108             78             41             72             82            100             51             29            102            116             41             51             31
                  25             68             37             52            112            144             43            130            138             23             37             52             92            104             72             42             51             78
                  27             55             94            129             11             92             84             72             71            126             82            109             29             33            136            126             87            102            112
                  28             72             52             74            104            152             55            137            144             21             46             71             82             92             94             65             65             94             23            106
                  29             46             73             94             78             37             65             23             33            129             72             74             82             94             92             97             60             51            108             68            116
                  30             72             88             96            109             31             82             37             46            146             91             80            114            126             87            102             73             51            124            100            136             33
                  32             52             60             94             65            132             55            114            119             61             46             82             42             51            110             86             65             94             55             68             41             97            124
                  33             68             62             58            122             72             61             72             82            119             71             46            119            132             46             65             51             21             97            115            114             55             42            114
                  35             73             61             51            129             82             62             82             92            116             72             42            124            138             37             60             52             23             94            122            112             65             52            116             11
                  37             37             37             72             71            119             33            102            108             55             23             60             52             65             88             65             42             72             41             72             37             82            106             23             92             94
                  38             37             68             92             68             46             60             29             37            122             65             72             72             84             92             94             55             52            102             60            108             11             42             87             60             68             73
                  39             15             33             62             73             80             23             65             73             86             29             42             65             80             68             61             21             37             65             68             73             43             65             61             55             60             42             37
                  40             43             78            102             65             42             68             23             29            130             73             82             71             82            102            104             65             62            110             55            115             15             46             91             68             78             80             11             46
                  41             37             74            109             23             92             65             72             74            106             62             91             21             33            119            106             68             86             92             21             87             62             94             51            102            108             52             52             51             51
                  42             43             78            114             21            102             68             82             84            104             65             96             11             23            124            109             73             94             92             23             84             72            104             46            110            116             51             62             58             61             11
                  43             42             11             33            100            102             15             91            100             68             23             15             88            102             43             31             11             33             46             97             62             68             80             68             52             51             46             65             31             74             78             82
                  44             73             46             23            132            106             51            102            112             92             60             23            122            137             11             33             43             31             71            127             92             81             78            105             37             29             82             82             60             92            110            116             37
                  46             11             51             84             51             78             41             60             65             96             42             65             46             60             91             82             42             58             78             46             80             42             71             55             73             80             43             33             23             37             29             37             52             82
                  47             51             31             60             92            130             33            115            122             37             23             52             72             84             78             51             42             72             21             92             23             94            114             37             92             92             21             86             51             94             72             71             41             74             60
                  48             55             23             46            102            129             29            116            124             37             23             41             84             97             65             37             37             65             15            102             31             94            110             51             84             82             33             88             51             96             81             82             33             62             65             15
                  49             74             37             41            122            144             46            132            141             31             42             46            104            116             61             31             51             73             15            122             37            110            122             68             91             87             52            105             68            114            102            102             43             62             84             33             21
                  50             42             65             84             82             43             58             33             42            122             65             65             84             97             81             87             51             41            101             73            110             11             31             94             46             55             78             15             37             23             65             74             60             71             41             88             86            102
                  51             51             82            104             74             33             73             15             23            137             80             84             81             92            102            106             68             61            116             65            122             11             37            100             65             74             88             15             51             11             61             71             78             92             46            101            102            119             21
                  52             37             23             58             82            116             21            101            108             51             11             46             65             78             73             51             31             61             33             81             37             80            100             37             81             82             15             72             37             80             61             62             33             68             46             15             21             41             73             86
                  53             71             82             88            114             41             78             46             55            141             87             72            116            129             78             94             68             43            119            105            132             37             11            122             33             42            104             46             62             51             97            106             73             68             72            109            105            116             33             43             97
                  54             62             23             33            114            130             33            119            127             42             31             33             97            109             52             23             37             60             21            112             42             96            108             65             78             74             46             91             55            100             92             94             29             51             72             29             15             15             88            105             33            102
                  56             41             81            114             33             71             71             51             52            123             72             94             42             51            119            112             72             82            106             23            105             46             78             72             94            102             68             37             52             33             23             33             82            109             31             87             94            114             51             42             74             82            102
                  57             65             42             29            124             97             46             92            102             94             55             21            115            129             21             37             37             21             72            119             92             71             68            100             29             23             78             72             51             82            102            108             33             11             73             72             61             65             61             81             65             60             52            100
                  59             31             71            104             37             72             61             52             55            114             62             84             41             52            109            102             62             73             97             29             96             42             74             65             86             94             60             33             42             31             21             31             72            100             21             78             84            104             46             41             65             78             92             11             91
                  62             23             62             97             37             84             52             65             68            100             51             78             33             46            105             94             55             72             84             33             82             51             82             51             88             94             46             41             37             42             15             23             65             96             15             65             72             92             52             52             52             84             81             23             88             15
                  63             72             33             31            124            138             42            127            136             41             41             37            106            119             51             21             46             65             23            122             46            105            115             73             82             78             55            100             65            109            102            104             37             52             82             37             23             11             96            114             42            108             11            112             55            102             92
                  65             52             92            122             41             62             82             42             41            136             84            102             55             62            126            122             81             87            119             31            119             43             73             86             96            105             82             37             61             29             37             46             92            116             42            100            106            126             51             37             87             80            114             15            106             23             37            124
                  66             33             72            106             29             82             62             62             65            109             61             87             31             42            114            104             65             80             94             23             91             52             84             58             94            101             55             42             46             41             11             21             74            105             23             74             82            102             55             51             62             87             92             15             96             11             11            102             29
                  67             78            101            114            104             11             94             23             29            159            102             96            112            122            106            119             86             68            137             94            146             33             21            129             62             72            114             42             73             41             92            102             94             97             74            124            122            137             37             31            110             31            122             72             87             71             82            130             65             81
                  68             43             33             42            102             82             31             74             84             91             41             23             94            108             42             46             21             11             68             96             84             52             58             84             31             33             62             51             29             61             80             86             23             33             51             62             55             65             42             62             51             51             51             78             23             68             65             58             84             73             73
                  69             23             23             60             74            102             15             86             94             65             11             43             60             73             72             55             23             52             46             72             51             65             87             42             72             74             21             58             23             65             52             55             29             65             33             29             33             52             60             72             15             84             41             62             60             52             41             51             74             51             96             42
                  71             46             46             55            101             68             42             62             72            105             52             37             96            110             51             60             33             11             82             94             97             41             43             92             23             29             71             42             33             52             80             88             37             41             51             74             68             80             31             51             62             37             65             73             31             65             65             72             78             72             60             15             51
                  72             78             43             11            136            119             51            114            124             81             58             23            124            138             11             21             46             42             62            132             84             92             91            102             51             43             80             92             65            102            114            119             37             15             87             68             55             51             82            102             65             82             42            116             23            106            100             41            124            109            109             41             65             52
                  73             11             42             78             55             91             33             73             80             82             31             60             43             58             88             74             37             60             65             52             65             55             82             42             78             82             29             46             23             51             33             37             46             80             15             46             52             72             52             60             33             81             61             42             72             33             21             71             55             31             87             51             21             55             82
                  75             55             55             88             74            136             52            119            124             51             42             78             52             61            105             80             62             92             46             78             31            100            126             11            112            114             21             91             62             96             60             55             65            100             60             29             43             60             97            105             33            124             58             80             97             72             58             65             94             65            132             82             41             92             96             46
                  77             71             31             21            126            132             41            123            132             51             42             29            109            123             41             11             42             58             33            124             55            100            108             80             73             68             60             97             62            106            104            106             33             42             81             43             29             21             91            109             46            101             15            112             46            102             92             11            122            102            124             51             52             65             31             72             72
                  79             52             92            126             21             82             82             62             61            129             81            106             37             42            132            124             84             96            114             11            109             60             91             73            108            116             74             51             65             46             23             29             94            123             42             94            102            122             65             55             82             96            112             15            114             23             31            122             21             21             84             91             71             88            129             51             82            122
                  83             62             23             15            119            119             33            109            119             62             37             15            105            119             33             11             31             43             41            116             62             87             94             80             60             55             58             84             51             94             97            100             21             31             72             46             33             33             78             97             43             86             21            102             33             92             84             23            112             94            110             37             46             51             23             65             73             15            114
                  85             21             21             55             78             94             11             80             88             72             15             37             65             80             65             52             15             42             51             74             60             58             78             52             62             65             31             51             15             60             55             60             23             58             31             37             37             55             51             65             23             74             42             61             51             51             42             52             72             52             88             33             11             41             60             23             51             51             72             42
                  86             82             51             61            122            158             58            144            152             11             51             65            102            112             81             51             65             91             15            124             23            122            138             62            109            106             52            116             80            124            104            102             60             82             91             33             29             21            115            130             46            132             33            119             84            109             97             31            132            106            151             82             60             96             71             78             52             41            126             52             65
                  87             58             91            127             15            112             82             92             92            112             78            110             11             11            138            123             88            108            102             23             92             84            116             52            124            130             62             74             72             72             23             15             96            130             51             82             94            114             87             82             74            119            106             41            122             42             37            116             52             33            112            101             68            102            132             51             62            119             33            114             73            112
                  88             51             87            123             11            102             78             81             82            114             74            105             15             21            132            119             82            101            102             15             94             74            106             55            116            122             61             65             65             62             15             11             91            124             43             81             92            112             78             72             72            109            104             31            116             33             29            114             42             23            102             94             65             94            127             46             65            116             23            109             68            112             11
                  90             29             65            100             33             94             55             74             78             97             52             82             23             37            110             97             60             80             82             31             78             61             92             43             96            102             42             51             43             52             11             15             68            102             23             62             71             92             62             62             51             94             82             29             94             23             11             92             43             15             92             72             42             73            105             23             51             94             33             87             46             94             29             23
                  91             60             52             51            115             74             51             71             81            109             61             37            110            124             42             58             41             11             87            108            104             52             46            104             11             15             82             55             46             65             94            102             42             33             65             82             74             82             42             62             71             37             68             88             23             80             80             73             91             86             65             21             62             15             46             68            102             65            102             51             52            100            116            108             88
                  94             23             62             92             51             65             52             46             51            110             55             72             52             65             97             92             51             60             91             43             94             31             62             68             72             80             58             21             31             23             33             42             61             87             15             73             78             97             33             33             60             65             84             23             78             15             21             94             31             23             62             55             46             51             94             29             73             92             37             81             42            105             55             46             31             65
                  95             15             52             82             58             68             42             51             58            102             46             62             55             68             87             81             41             51             82             51             86             33             61             65             65             72             51             23             21             29             37             46             51             78             11             65             68             87             31             37             51             62             74             33             68             23             23             84             41             29             65             46             37             43             84             23             68             82             46             71             33             96             60             51             33             58             11
                  97             52             60             68            102             55             55             51             61            119             65             51            100            114             62             73             46             23             96             94            109             33             29            102             23             33             82             37             41             46             82             91             51             52             55             87             82             94             23             42             74             23             80             72             42             65             68             86             73             73             46             29             62             15             65             62            102             80             86             65             52            110            105             96             78             21             51             46
                  98             43             33             65             81            124             31            108            115             46             21             55             62             74             82             58             41             71             31             82             29             88            109             29             92             92             11             80             46             86             62             61             42             78             51             11             23             42             82             94             11            106             37             78             74             68             55             46             91             65            119             61             23             72             73             37             23             51             84             51             33             42             72             71             52             81             65             58             84
                 100             33             60             96             41            106             51             87             91             84             46             80             23             37            108             91             58             82             71             42             65             72            102             29            100            105             31             62             46             65             23             21             65            101             31             51             62             82             71             74             42            102             74             43             94             37             23             84             58             29            104             73             37             78            102             23             37             87             46             82             43             82             33             31             15             91             42             41             84             41
                 101             78             72             65            130             71             71             74             84            129             81             55            127            141             51             73             61             31            106            122            124             60             41            124             11             15            102             65             65             73            110            119             62             43             82            102             94            100             51             68             92             31             87            101             37             94             96             91            102            102             61             41             82             33             58             87            122             82            115             68             72            119            132            124            105             21             80             73             29            102            109
                 102             60             52             82             84            141             51            124            130             41             41             74             62             71            100             73             61             92             37             87             21            105            129             21            112            112             23             96             65            102             68             65             62             97             65             23             37             51            100            110             31            126             51             88             94             80             65             58            102             73            136             81             42             92             91             51             11             65             91             68             52             42             72             74             60            102             80             73            104             21             46            122
                 103             11             31             65             68             88             21             72             80             80             23             46             58             72             73             62             23             46             60             65             65             51             74             51             65             68             33             43             11             51             46             51             33             65             21             43             46             65             46             58             29             72             52             51             58             41             33             62             62             42             82             37             15             42             68             15             52             61             62             52             11             73             65             60             37             55             33             23             51             37             37             74             55
                 104             86             65             42            144            102             68            102            112            112             78             42            137            151             23             52             60             37             92            138            112             84             72            123             31             21            100             87             72             97            122            129             55             21             94             94             82             82             74             94             87             62             71            119             23            110            108             72            123            116             92             43             82             46             33             94            119             62            132             51             73            102            144            137            115             33             96             88             52             97            116             33            116             80
                 107             74             94            105            106             21             88             29             37            152             96             88            112            124             97            110             80             60            130             97            141             31             11            126             52             62            109             41             68             42             92            102             86             87             72            119            116            129             33             33            105             21            115             74             78             72             81            122             68             82             11             65             91             51            100             84            129            116             87            102             82            144            114            104             92             55             61             62             37            114            102             51            132             78             82
                 108             33             43             80             61            114             37             96            102             65             29             65             42             55             94             73             46             74             51             62             46             78            104             21             94             97             11             68             41             73             42             41             51             88             37             31             42             62             74             82             23            102             55             60             82             51             37             65             73             46            109             65             23             72             86             23             23             68             65             65             33             62             52             51             33             84             51             46             81             21             21            104             29             31            105            106
                 109             68             94            109             94             15             86             15             23            151             94             91            102            112            104            114             80             65            129             84            138             23             23            119             61             71            105             33             65             31             81             92             88             94             65            116            115            130             29             21            102             33            116             62             84             61             72            124             55             71             11             68             88             55            106             78            123            119             74            105             80            144            102             92             82             62             52             55             42            110             94             62            127             73             92             15            100
                 110             72             52             37            130             94             55             92            102            104             65             31            122            137             23             46             46             23             82            124            102             72             65            109             23             15             87             74             58             84            108            115             42             15             80             82             71             74             62             82             74             55             62            105             11             96             94             65            109            102             84             29             68             33             29             80            106             55            119             42             60             94            129            122            101             21             82             73             41             84            102             29            104             65             15             74             91             82
                 111             37             23             41             96             88             21             78             87             82             31             21             86            101             46             42             11             21             60             91             74             55             65             74             41             42             52             52             23             62             73             80             15             37             46             52             46             58             46             65             41             60             43             74             29             65             60             51             82             68             80             11             33             23             42             43             72             46             87             33             23             73             94             88             65             31             52             42             37             51             65             51             71             29             51             72             55             73             37
                 112             80             62             46            137             92             65             92            102            114             74             41            130            144             29             55             55             29             92            130            112             74             62            119             21             11             97             78             65             87            115            122             52             23             86             92             81             84             65             84             84             52             72            110             21            102            101             74            114            108             82             37             78             37             37             88            116             65            124             52             68            104            137            129            108             23             88             80             42             94            110             23            114             73             11             72            100             81             11             46
                 113             37             68            105             31            104             60             84             87             94             55             88             15             29            116            100             65             88             81             33             74             71            102             37            105            110             41             61             51             62             15             11             73            108             33             61             72             92             72             72             52            104             84             37            101             33             21             94             51             23            102             80             46             82            110             29             46             97             37             91             51             92             23             21             11             96             41             42             87             51             11            114             55             43            122            102             31             92            108             72            116
                 117             88            116            132            102             11            108             23             21            172            115            114            114            122            126            136            102             87            151             92            159             43             41            136             82             92            124             51             86             46             94            104            110            116             82            137            137            152             51             37            122             51            138             72            106             74             87            146             61             84             21             91            108             78            129             96            141            141             81            127            101            165            112            102             97             84             68             73             65            130            109             81            146             94            112             31            119             23            104             96            102            106
                 118             78             43             51            122            151             51            138            146             21             46             55            102            114             71             41             58             82             11            122             29            116            130             65            100             97             51            110             73            119            102            102             51             72             87             31             23             11            108            124             42            124             23            116             74            106             94             21            129            104            144             73             55             88             61             74             55             31            124             42             60             11            112            112             92             91            100             91            102             41             81            109             46             68             92            137             61            137             84             65             94             92            159
                 119             51             65             78             96             46             60             41             51            124             68             60             97            109             72             82             51             33            102             88            114             23             23            102             33             42             84             29             42             37             78             87             58             62             52             91             88            101             15             33             78             21             86             65             52             60             65             94             65             68             37             37             65             23             74             61            104             88             80             73             55            116            100             91             74             31             46             42             11             87             82             37            106             52             62             29             82             33             51             43             52             84             55            108
                 120             55             80            116             37            124             72            104            106             92             65            101             15             21            129            110             80            105             84             43             71             92            122             31            123            127             46             81             68             82             33             23             86            122             52             65             78             97             92             92             60            124             91             55            116             52             41            100             68             42            122             96             58            100            122             46             41            105             51            102             65             92             23             29             31            114             61             62            106             55             23            132             51             60            138            122             37            112            124             88            132             21            126             94            104
                 121             23             37             73             62            105             29             88             94             68             23             58             46             60             86             68             37             65             52             61             51             68             94             31             84             87             15             60             31             65             41             42             43             80             29             33             41             61             65             73             21             92             52             55             73             46             33             62             68             42            100             55             15             62             80             15             33             65             62             60             23             65             55             52             31             74             43             37             71             23             23             94             37             21             96             97             11             91             82             46             91             33            110             62             72             43
                 124             23             37             61             80             72             29             60             68             94             37             41             73             88             65             62             23             29             72             73             82             37             55             71             46             51             52             33             11             42             58             65             33             55             29             60             58             73             29             46             46             52             60             55             46             46             43             68             62             51             65             23             33             23             62             33             72             65             68             52             23             86             80             72             51             37             33             23             31             55             55             55             74             21             65             60             51             58             51             21             58             60             80             80             33             78             41
                 125             42             65            102             42            116             58             97            100             82             51             86             21             33            115             96             65             91             72             46             62             82            112             23            109            114             33             72             55             74             29             23             72            108             41             52             65             84             81             84             46            112             78             51            102             46             33             87             65             37            114             82             43             87            108             33             33             91             51             88             51             81             31             33             23            100             52             51             94             42             11            119             42             46            124            112             23            104            110             73            119             15            119             82             92             15             29             65
                 126             37             74            102             55             52             65             33             37            124             68             81             61             72            104            102             62             65            105             46            108             23             55             82             73             82             72             15             42             11             41             51             72             94             29             88             91            109             29             21             73             60             97             23             84             21             33            106             23             31             51             62             60             55            102             43             88            104             37             92             55            119             62             52             42             68             15             23             51             80             55             80             94             46            100             52             65             41             87             61             91             52             55            114             43             72             58             41             65
                 127             11             42             72             65             73             33             58             65             94             37             52             60             73             78             71             31             43             73             60             80             37             62             62             60             65             46             29             11             37             43             51             41             68             15             58             60             78             33             43             43             61             65             42             60             33             29             74             51             37             68             37             29             37             74             21             65             72             55             61             23             88             65             58             37             51             21             11             42             51             42             68             68             15             80             65             42             60             65             33             72             46             80             82             41             65             33             15             52             33
                 128             82             71             60            137             81             72             84             94            126             82             52            132            146             43             68             62             33            104            129            122             68             51            126             15             11            104             73             68             82            116            124             61             37             88            102             92             97             60             78             92             41             84            108             33            101            102             87            110            108             71             42             84             37             51             91            124             78            122             65             74            116            138            130            110             23             86             80             37            102            114             11            122             78             23             61            106             72             23             52             15            119             92            106             46            136             97             60            123             88             73
                 129             29             65             92             60             55             55             37             43            116             60             71             62             74             94             92             52             55             96             51            101             21             52             78             65             73             65             11             33             15             42             52             62             84             23             80             82            100             23             23             65             55             87             29             74             23             31             97             33             33             52             52             51             46             92             37             82             94             43             82             46            110             65             55             41             60             11             15             43             72             52             72             88             37             91             51             60             42             78             51             82             51             60            105             37             71             51             31             62             11             23             80
                 130             65             51             78             94            146             52            130            137             31             42             72             72             81             97             68             62             92             29             97             11            110            132             31            112            112             29            102             68            108             78             74             61             94             72             21             33             43            105            116             33            129             46             96             92             88             73             51            110             82            141             82             46             94             87             58             21             60            100             65             55             33             82             84             68            102             86             80            106             23             55            122             11             60            114            136             37            132            102             72            112             65            152             37            109             61             43             78             52            101             73            122             94
                 131             51             92            124             31             72             81             52             51            132             82            104             46             52            129            122             82             91            116             21            114             51             82             80            102            110             78             43             62             37             29             37             92            119             41             97            104            124             58             46             84             88            112             11            109             21             33            122             11             23             74             87             72             82            126             52             88            122             11            112             71            129             42             33             37             96             33             42             80             87             51            108             96             61            127             78             68             65            114             84            119             43             71            126             72             60             65             65             58             29             52            116             37            105
                 132             46             84            119             15             92             74             71             72            116             72            100             23             31            127            116             78             94            102             11             97             65             97             60            108            115             62             55             60             52             11             15             87            119             37             82             92            112             68             62             71            100            102             21            110             23             23            112             33             15             92             88             62             86            123             42             68            114             15            106             65            114             21             11             21            101             37             43             88             72             33            116             78             55            130             94             52             82            116             82            122             23             92            112             82             37             51             65             37             42             51            122             46             87             23
                 133             52             15             37            104            122             23            110            119             46             21             31             87            100             55             29             29             55             23            102             41             88            102             58             74             72             37             82             46             91             82             84             23             52             62             23             11             23             80             96             23             96             11             92             51             82             71             21            104             81            115             46             31             60             46             51             51             23            102             23             33             37             97             94             72             65             74             65             73             29             65             84             46             42             72            108             46            108             61             37             71             74            130             29             80             82             42             51             68             87             55             82             78             42            102             92
