    #        ngroups         ntours         nspots
                  90             45             83

    #        spot_id         n_name         length              a              b
                   0         Spot_0            210              0           1440
                   1         Spot_1            150              0           1440
                   5         Spot_5             90              0           1440
                   6         Spot_6             60              0           1440
                   7         Spot_7             60              0           1440
                  10        Spot_10            120              0           1440
                  11        Spot_11            180              0           1440
                  13        Spot_13            120              0           1440
                  14        Spot_14            120              0           1440
                  15        Spot_15            210              0           1440
                  18        Spot_18            210              0           1440
                  19        Spot_19            150              0           1440
                  20        Spot_20            180              0           1440
                  21        Spot_21            180              0           1440
                  22        Spot_22            150              0           1440
                  25        Spot_25            180              0           1440
                  26        Spot_26            150              0           1440
                  27        Spot_27             90              0           1440
                  28        Spot_28            180              0           1440
                  29        Spot_29             60              0           1440
                  32        Spot_32            150              0           1440
                  33        Spot_33            210              0           1440
                  34        Spot_34            120              0           1440
                  35        Spot_35            150              0           1440
                  37        Spot_37             60              0           1440
                  40        Spot_40             60              0           1440
                  42        Spot_42             60              0           1440
                  43        Spot_43            210              0           1440
                  45        Spot_45            120              0           1440
                  46        Spot_46             60              0           1440
                  47        Spot_47            120              0           1440
                  49        Spot_49             60              0           1440
                  50        Spot_50            210              0           1440
                  51        Spot_51             60              0           1440
                  52        Spot_52             90              0           1440
                  53        Spot_53            150              0           1440
                  55        Spot_55             60              0           1440
                  56        Spot_56            180              0           1440
                  57        Spot_57             90              0           1440
                  58        Spot_58            180              0           1440
                  65        Spot_65             90              0           1440
                  66        Spot_66            120              0           1440
                  67        Spot_67             60              0           1440
                  68        Spot_68            210              0           1440
                  69        Spot_69            120              0           1440
                  72        Spot_72             60              0           1440
                  73        Spot_73            180              0           1440
                  76        Spot_76             90              0           1440
                  77        Spot_77            150              0           1440
                  78        Spot_78             90              0           1440
                  82        Spot_82            150              0           1440
                  86        Spot_86            180              0           1440
                  87        Spot_87             60              0           1440
                  88        Spot_88            210              0           1440
                  89        Spot_89            120              0           1440
                  91        Spot_91            210              0           1440
                  92        Spot_92            180              0           1440
                  96        Spot_96            180              0           1440
                  97        Spot_97             60              0           1440
                 100       Spot_100             90              0           1440
                 101       Spot_101             60              0           1440
                 103       Spot_103            120              0           1440
                 104       Spot_104            210              0           1440
                 106       Spot_106            180              0           1440
                 108       Spot_108             90              0           1440
                 114       Spot_114             60              0           1440
                 115       Spot_115            210              0           1440
                 116       Spot_116            150              0           1440
                 117       Spot_117             60              0           1440
                 119       Spot_119            120              0           1440
                 120       Spot_120            180              0           1440
                 121       Spot_121             90              0           1440
                 123       Spot_123            210              0           1440
                 124      Hotel_124              0              0           1440
                 125      Hotel_125              0              0           1440
                 126      Hotel_126              0              0           1440
                 127      Hotel_127              0              0           1440
                 128      Hotel_128              0              0           1440
                 129      Hotel_129              0              0           1440
                 130      Hotel_130              0              0           1440
                 131      Hotel_131              0              0           1440
                 132      Hotel_132              0              0           1440
                 133      Hotel_133              0              0           1440

    #          tr_id        tr_name          nspot            seq
                  27        Tour_27              3             43             51             67
                  62        Tour_62              2             15            119
                  59        Tour_59              3            119             34             72
                  56        Tour_56              2            117             13
                  68        Tour_68              2            106             53
                   3         Tour_3              2             96            114
                  60        Tour_60              2             26            106
                  32        Tour_32              2             45             67
                   5         Tour_5              2             88             68
                  86        Tour_86              1             91
                  30        Tour_30              2            121             55
                  46        Tour_46              2            120             28
                  95        Tour_95              2             28             15
                  43        Tour_43              2             14             35
                   9         Tour_9              3              7             43             32
                  54        Tour_54              3             69            100             82
                  33        Tour_33              3             50             51            100
                  47        Tour_47              1             56
                  97        Tour_97              3             45             19              1
                  57        Tour_57              2             46            115
                  25        Tour_25              2             58             21
                  91        Tour_91              2            104             22
                  17        Tour_17              3             34            108             49
                  21        Tour_21              3            100             78             18
                  23        Tour_23              3             76             89            120
                  34        Tour_34              2            101             10
                  10        Tour_10              2             18             92
                  99        Tour_99              3             67             13             57
                  82        Tour_82              4             40             29             33              6
                  18        Tour_18              2             11             47
                  53        Tour_53              4             66             65             10            101
                  55        Tour_55              3             47             46            103
                   4         Tour_4              3             73              0              5
                  13        Tour_13              3             97             21            117
                  51        Tour_51              2             20             25
                  66        Tour_66              3             68             87             47
                  72        Tour_72              3             66             27            123
                  45        Tour_45              2              6             88
                  20        Tour_20              2             35             86
                  87        Tour_87              2            114             33
                  50        Tour_50              3            116             40             87
                  22        Tour_22              1             88
                  19        Tour_19              3             52             29             77
                  83        Tour_83              2             52             88
                  44        Tour_44              3             25             42             37

    #          gr_id        gr_size          tr_id         origin
                   0              4             27            126
                   1              5             62            132
                   2              7             59            130
                   3              6             56            126
                   4              9             68            129
                   5              8              3            132
                   6              4             60            129
                   7              8             32            126
                   8              7              5            127
                   9              3             86            130
                  10              1             30            125
                  11              1             46            125
                  12              2             95            127
                  13              7             43            132
                  14              2              9            131
                  15              2             54            124
                  16              4             33            125
                  17              6             47            129
                  18              9             97            128
                  19              1             57            133
                  20              4             25            127
                  21              3             91            131
                  22              8             17            126
                  23              3             21            129
                  24              5             23            125
                  25              1             34            128
                  26              2             10            129
                  27              8             99            131
                  28              3             82            125
                  29              7             18            124
                  30              5             53            133
                  31              8             55            126
                  32              1              4            127
                  33              5             13            132
                  34              5             51            133
                  35              9             66            128
                  36              8             72            127
                  37              9             45            132
                  38              6             20            130
                  39              6             87            127
                  40              7             50            129
                  41              1             22            126
                  42              3             19            124
                  43              5             83            130
                  44              8             44            124
                  45              8              4            130
                  46              2              4            128
                  47              7             17            127
                  48              7              5            131
                  49              4             59            131
                  50              2             86            129
                  51              3             95            132
                  52              1             62            133
                  53              4             33            127
                  54              6             87            132
                  55              3              9            132
                  56              9             83            128
                  57              5             44            130
                  58              6             33            125
                  59              1             43            125
                  60              9             10            132
                  61              2             86            130
                  62              2             59            132
                  63              2             25            133
                  64              7             47            125
                  65              5              5            128
                  66              4              9            124
                  67              8             32            129
                  68              3             86            124
                  69              6             43            128
                  70              1             87            124
                  71              5             91            129
                  72              8             60            126
                  73              9             17            127
                  74              3             46            133
                  75              1             18            124
                  76              3             91            133
                  77              4             86            128
                  78              2             83            126
                  79              5             66            127
                  80              1             87            125
                  81              8             50            133
                  82              4             25            126
                  83              5             68            130
                  84              4             23            131
                  85              7             23            130
                  86              8             13            124
                  87              4             57            131
                  88              7             13            131
                  89              2             23            128

    #            o/d              0              1              5              6              7             10             11             13             14             15             18             19             20             21             22             25             26             27             28             29             32             33             34             35             37             40             42             43             45             46             47             49             50             51             52             53             55             56             57             58             65             66             67             68             69             72             73             76             77             78             82             86             87             88             89             91             92             96             97            100            101            103            104            106            108            114            115            116            117            119            120            121            123            124            125            126            127            128            129            130            131            132            133
                   1             73
                   5             60             92
                   6             82             11            102
                   7             31             94             87            101
                  10             72             15             81             23             96
                  11             88            158            124            165             65            159
                  13             33            101             84            108             11            102             58
                  14             55            100            114            105             29            106             74             37
                  15             51            102             23            112             73             94            102             68            102
                  18             23             80             82             86             15             82             80             23             33             72
                  19             42            114             62            123             46            110             62             37             73             41             52
                  20             82            114            141            116             58            122             92             65             29            130             60            102
                  21             72            123            129            127             42            129             61             46             23            114             51             80             31
                  22             33             88             91             94             11             91             73             21             23             80             11             55             51             41
                  25             68            137            112            144             43            138             23             37             52             92             58             52             72             42             51
                  26             80            102            138            104             60            112            102             68             33            129             58            105             15             42             51             81
                  27             55             82             11             92             84             71            126             82            109             29             78             65            136            126             87            112            132
                  28             72            144            104            152             55            144             21             46             71             82             68             42             94             65             65             23            102            106
                  29             46             29             78             37             65             33            129             72             74             82             51             87             92             97             60            108             82             68            116
                  32             52            123             65            132             55            119             61             46             82             42             62             11            110             86             65             55            114             68             41             97
                  33             68             71            122             72             61             82            119             71             46            119             52            104             46             65             51             97             33            115            114             55            114
                  34             60             33             61             42             87             21            146             91            102             74             74             94            122            124             84            127            114             51            130             33            102             87
                  35             73             81            129             82             62             92            116             72             42            124             55            106             37             60             52             94             23            122            112             65            116             11             97
                  37             37            110             71            119             33            108             55             23             60             52             41             15             88             65             42             41             91             72             37             82             23             92             94             94
                  40             43             33             65             42             68             29            130             73             82             71             55             82            102            104             65            110             94             55            115             15             91             68             21             78             80
                  42             43             92             21            102             68             84            104             65             96             11             65             42            124            109             73             92            122             23             84             72             46            110             65            116             51             61
                  43             42             96            100            102             15            100             68             23             15             88             21             60             43             31             11             46             46             97             62             68             68             52             94             51             46             74             82
                  45             65            137            102            144             46            137             23             37             61             81             60             41             84             55             55             15             92            104             11            108             42            104            124            102             33            108             82             52
                  46             11             68             51             78             41             65             96             42             65             46             33             46             91             82             42             78             88             46             80             42             55             73             51             80             43             37             37             52             73
                  47             51            122             92            130             33            122             37             23             52             72             46             33             78             51             42             21             84             92             23             94             37             92            110             92             21             94             71             41             15             60
                  49             74            138            122            144             46            141             31             42             46            104             60             65             61             31             51             15             72            122             37            110             68             91            132             87             52            114            102             43             29             84             33
                  50             42             37             82             43             58             42            122             65             65             84             43             84             81             87             51            101             72             73            110             11             94             46             42             55             78             23             74             60            102             41             88            102
                  51             51             23             74             33             73             23            137             80             84             81             60             91            102            106             68            116             92             65            122             11            100             65             23             74             88             11             71             78            115             46            101            119             21
                  52             37            108             82            116             21            108             51             11             46             65             33             29             73             51             31             33             78             81             37             80             37             81             96             82             15             80             62             33             29             46             15             41             73             86
                  53             71             42            114             41             78             55            141             87             72            116             65            112             78             94             68            119             65            105            132             37            122             33             65             42            104             51            106             73            123             72            109            116             33             43             97
                  55             55             42             51             52             84             31            141             87            102             65             72             86            124            122             82            123            116             41            124             37             94             91             11            100             88             23             55             92            119             46            105            129             46             29             91             72
                  56             41             61             33             71             71             52            123             72             94             42             62             65            119            112             72            106            114             23            105             46             72             94             33            102             68             33             33             82            100             31             87            114             51             42             74             82             23
                  57             65             94            124             97             46            102             94             55             21            115             43             91             21             37             37             72             15            119             92             71            100             29            102             23             78             82            108             33             81             73             72             65             61             81             65             60            104            100
                  58             60            112             29            122             80            104            102             73            108             11             80             42            137            119             86             94            137             37             81             92             41            127             84            132             55             81             21             94             82             55             74            106             94             92             68            126             74             52            122
                  65             52             52             41             62             82             41            136             84            102             55             71             80            126            122             81            119            119             31            119             43             86             96             21            105             82             29             46             92            114             42            100            126             51             37             87             80             11             15            106             65
                  66             33             72             29             82             62             65            109             61             87             31             55             51            114            104             65             94            110             23             91             52             58             94             46            101             55             41             21             74             87             23             74            102             55             51             62             87             37             15             96             41             29
                  67             78             15            104             11             94             29            159            102             96            112             80            119            106            119             86            137             94             94            146             33            129             62             46             72            114             41            102             94            138             74            124            137             37             31            110             31             55             72             87            122             65             81
                  68             43             78            102             82             31             84             91             41             23             94             23             74             42             46             21             68             37             96             84             52             84             31             81             33             62             61             86             23             74             51             62             65             42             62             51             51             82             78             23            102             84             73             73
                  69             23             94             74            102             15             94             65             11             43             60             21             33             72             55             23             46             73             72             51             65             42             72             82             74             21             65             55             29             43             33             29             52             60             72             15             84             78             62             60             65             74             51             96             42
                  72             78            116            136            119             51            124             81             58             23            124             55             94             11             21             46             62             23            132             84             92            102             51            122             43             80            102            119             37             74             87             68             51             82            102             65             82            122            116             23            130            124            109            109             41             65
                  73             11             82             55             91             33             80             82             31             60             43             29             33             88             74             37             65             86             52             65             55             42             78             65             82             29             51             37             46             60             15             46             72             52             60             33             81             60             42             72             51             55             31             87             51             21             82
                  76             55             62            108             65             52             71            114             62             43            105             41             92             52             65             42             91             41            101            106             42            102             15             74             23             81             55             96             46             97             60             84             88             33             52             72             29             78             80             33            114             82             80             55             23             61             55             65
                  77             71            127            126            132             41            132             51             42             29            109             52             73             41             11             42             33             52            124             55            100             80             73            126             68             60            106            106             33             46             81             43             21             91            109             46            101            124            112             46            114            122            102            124             51             52             31             72             72
                  78             33             43             73             51             51             46            115             58             62             74             37             74             82             84             46             94             74             65            102             15             84             51             41             60             68             21             65             55             94             31             80             96             11             23             65             42             42             43             62             84             46             46             46             41             51             81             42             37             87
                  82             65             61            116             62             62             72            123             72             51            114             51            102             55             72             52            100             42            108            116             46            112             11             78             21             92             60            105             55            106             68             94             96             37             55             82             23             82             86             37            123             88             88             52             33             71             60             74             11             80             43
                  86             82            151            122            158             58            152             11             51             65            102             72             61             81             51             65             15             92            124             23            122             62            109            141            106             52            124            102             60             21             91             33             21            115            130             46            132            136            119             84            102            132            106            151             82             60             71             78            105             41            108            114
                  87             58            102             15            112             82             92            112             78            110             11             80             51            138            123             88            102            137             23             92             84             52            124             72            130             62             72             15             96             92             51             82            114             87             82             74            119             62             41            122             15             52             33            112            101             68            132             51            110            119             78            119            112
                  88             51             92             11            102             78             82            114             74            105             15             73             52            132            119             82            102            130             15             94             74             55            116             62            122             61             62             11             91             92             43             81            112             78             72             72            109             52             31            116             23             42             23            102             94             65            127             46            102            116             68            110            112             11
                  89             80            151            114            159             60            151             11             51             72             92             73             52             92             62             68             21            102            116             11            122             51            116            138            114             46            122             94             65             15             88             29             33            116            129             43            136            132            114             92             92            127            100            152             87             58             82             73            109             52            108            119             15            102            104
                  91             60             72            115             74             51             81            109             61             37            110             42             94             42             58             41             87             31            108            104             52            104             11             84             15             82             65            102             42             94             65             82             82             42             62             71             37             87             88             23            119             91             86             65             21             62             46             68             11             65             46             15            100            116            108            106
                  92             58            130             92            138             42            129             33             33             62             71             55             31             87             60             52             23             94             94             15            102             33            102            116            102             23            101             72             51             11             65             11             37             96            108             23            119            110             91             82             72            105             78            132             72             37             78             51             94             51             88            104             31             81             82             23             92
                  96             65             82            122             84             52             92            106             62             33            116             46             97             33             51             42             84             21            116            102             62            106             15             94             11             84             74            108             41             92             72             81             78             52             72             72             46             97             96             15            124            100             94             74             23             65             37             73             21             60             55             23             97            122            115            104             11             92
                  97             52             52            102             55             55             61            119             65             51            100             42             92             62             73             46             96             51             94            109             33            102             23             65             33             82             46             91             51            100             55             87             94             23             42             74             23             68             72             42            109             73             73             46             29             62             65             62             11             80             29             15            110            105             96            114             21             97             31
                 100             33             97             41            106             51             91             84             46             80             23             51             23            108             91             58             71            108             42             65             72             29            100             73            105             31             65             21             65             62             31             51             82             71             74             42            102             65             43             94             29             58             29            104             73             37            102             23             87             87             61             97             82             33             31             74             91             52             96             84
                 101             78             72            130             71             71             84            129             81             55            127             62            114             51             73             61            106             37            122            124             60            124             11             91             15            102             73            119             62            114             82            102            100             51             68             92             31             96            101             37            136            102            102             61             41             82             58             87             23             82             58             15            119            132            124            126             21            112             23             29            109
                 103             11             80             68             88             21             80             80             23             46             58             15             41             73             62             23             60             72             65             65             51             51             65             68             68             33             51             51             33             58             21             43             65             46             58             29             72             65             51             58             65             62             42             82             37             15             68             15             52             61             37             62             73             65             60             72             55             51             60             51             37             74
                 104             86            102            144            102             68            112            112             78             42            137             65            114             23             52             60             92             11            138            112             84            123             31            116             21            100             97            129             55            102             94             94             82             74             94             87             62            119            119             23            144            123            116             92             43             82             33             94             42             62             78             41            102            144            137            112             33            104             23             52            116             33             80
                 106             52            105            109            110             23            109             65             29             11             96             31             65             37             21             21             42             42            106             61             78             73             55            104             52             51             84             91             11             51             62             42             37             68             87             37             80            102             92             31            102            102             84            102             29             37             29             55             51             23             65             60             55            105            100             62             46             52             42             58             73             65             42             52
                 108             33            105             61            114             37            102             65             29             65             42             42             11             94             73             46             51             96             62             46             78             21             94             86             97             11             73             41             51             42             37             31             62             74             82             23            102             80             60             82             46             73             46            109             65             23             86             23             82             68             65             92             62             52             51             55             84             33             87             81             21            104             31            105             58
                 114             62             31            100             33             73             42            138             82             73            104             60            104             84             96             65            116             72             91            127             23            114             41             51             51             97             37             94             72            119             61            105            115             21             29             91             15             58             68             65            114             65             74             23             51             78             87             72             33            102             31             31            130            106             97            132             42            114             52             23             92             42             65             71             80             94
                 115             65             23             71             33             91             11            152             96            104             84             78            102            122            126             87            132            112             61            137             31            110             84             11             94            101             23             74             97            130             58            116            136             41             21            102             60             21             42            102             94             31             55             37             82             88            122             72             72            129             42             74            146             82             72            144             82            122             92             62             82             87             73            114            106             94             46
                 116             15             88             65             96             23             86             73             21             51             51             23             31             80             65             29             55             80             62             58             60             41             74             73             78             23             58             46             37             51             23             37             62             55             65             23             82             68             52             65             58             65             41             91             46             11             73             11             62             62             46             72             68             60             55             65             65             43             68             61             29             84             11             88             46             21             74             80
                 117             88             15            102             11            108             21            172            115            114            114             94            127            126            136            102            151            114             92            159             43            136             82             41             92            124             46            104            110            151             82            137            152             51             37            122             51             51             72            106            124             61             84             21             91            108            129             96             74            141             58             72            165            112            102            165             84            144             94             65            109             81             94            112            119            119             42             31            102
                 119             51             42             96             46             60             51            124             68             60             97             46             92             72             82             51            102             61             88            114             23            102             33             55             42             84             37             87             58            105             52             91            101             15             33             78             21             60             65             52            106             65             68             37             37             65             74             61             21             88             23             23            116            100             91            119             31            100             41             11             82             37             52             62             65             82             15             52             62             55
                 120             55            114             37            124             72            106             92             65            101             15             73             33            129            110             80             84            130             43             71             92             31            123             87            127             46             82             23             86             72             52             65             97             92             92             60            124             78             55            116             11             68             42            122             96             58            122             46            109            105             82            119             92             23             29             81            114             62            119            106             23            132             60            138             94             37            112             97             51            126            104
                 121             23             96             62            105             29             94             68             23             58             46             33             21             86             68             37             52             88             61             51             68             31             84             80             87             15             65             42             43             46             29             33             61             65             73             21             92             73             55             73             51             68             42            100             55             15             80             15             72             65             55             82             65             55             52             60             74             37             78             71             23             94             21             96             51             11             84             86             11            110             72             43
                 123             52             33             91             37             65             41            130             73             68             94             51             94             82             91             58            108             71             82            119             15            104             42             46             52             87             29             84             65            110             51             96            108             11             23             82             23             51             60             62            104             58             65             29             46             68             84             62             31             96             21             33            122             97             87            124             41            105             51             21             81             46             55             72             73             84             11             42             65             46             11            102             74
                 124             23             65             80             72             29             68             94             37             41             73             15             61             65             62             23             72             60             73             82             37             71             46             62             51             52             42             65             33             73             29             60             73             29             46             46             52             61             55             46             82             62             51             65             23             33             62             33             33             65             23             42             86             80             72             88             37             68             43             31             55             55             21             65             42             51             46             65             31             80             33             78             41             37
                 125             42            106             42            116             58            100             82             51             86             21             60             21            115             96             65             72            116             46             62             82             23            109             82            114             33             74             23             72             61             41             52             84             81             84             46            112             73             51            102             23             65             37            114             82             43            108             33             97             91             71            106             81             31             33             72            100             51            105             94             11            119             46            124             80             23            102             91             37            119             92             15             29             92             65
                 126             37             42             55             52             65             37            124             68             81             61             52             73            104            102             62            105             97             46            108             23             82             73             23             82             72             11             51             72            102             29             88            109             29             21             73             60             21             23             84             71             23             31             51             62             60            102             43             60            104             23             65            119             62             52            116             68             94             78             51             55             80             46            100             82             65             46             29             51             55             43             72             58             37             41             65
                 127             11             65             65             73             33             65             94             37             52             60             21             52             78             71             31             73             73             60             80             37             62             60             55             65             46             37             51             41             72             15             58             78             33             43             43             61             52             42             60             68             51             37             68             37             29             74             21             46             72             23             55             88             65             58             86             51             65             58             42             42             68             15             80             51             42             52             60             23             80             41             65             33             42             15             52             33
                 128             82             82            137             81             72             94            126             82             52            132             65            116             43             68             62            104             29            129            122             68            126             15            100             11            104             82            124             61            112             88            102             97             60             78             92             41            105            108             33            141            110            108             71             42             84             51             91             29             78             65             23            116            138            130            124             23            112             21             37            114             11             78             23             62            106             52             97             87             92             46            136             97             55             60            123             88             73
                 129             29             46             60             55             55             43            116             60             71             62             42             68             94             92             52             96             87             51            101             21             78             65             33             73             65             15             52             62             94             23             80            100             23             23             65             55             31             29             74             72             33             33             52             52             51             92             37             51             94             15             58            110             65             55            108             60             86             68             43             52             72             37             91             72             60             42             37             43             60             37             71             51             33             31             62             11             23             80
                 130             65            138             94            146             52            137             31             42             72             72             65             33             97             68             62             29            104             97             11            110             31            112            122            112             29            108             74             61             15             72             21             43            105            116             33            129            116             96             92             71            110             82            141             82             46             87             58            104             60             96            114             33             82             84             21            102             11            102            106             55            122             60            114             62             37            123            129             51            152            109             61             43            114             78             52            101             73            122             94
                 131             51             62             31             72             81             51            132             82            104             46             72             73            129            122             82            116            123             21            114             51             80            102             31            110             78             37             37             92            109             41             97            124             58             46             84             88             21             11            109             55             11             23             74             87             72            126             52             88            122             51             94            129             42             33            123             96            100            105             80             51            108             61            127            102             68             73             41             62             71             72             60             65             65             65             58             29             52            116             37            105
                 132             46             81             15             92             74             72            116             72            100             23             68             55            127            116             78            102            124             11             97             65             60            108             52            115             62             52             15             87             94             37             82            112             68             62             71            100             42             21            110             33             33             15             92             88             62            123             42             94            114             60            102            114             21             11            106            101             84            108             88             33            116             55            130             97             52             87             62             52             92             82             37             51             78             65             37             42             51            122             46             87             23
                 133             52            116            104            122             23            119             46             21             31             87             37             51             55             29             29             23             62            102             41             88             58             74            109             72             37             91             84             23             31             62             23             23             80             96             23             96            106             92             51             91            104             81            115             46             31             46             51             68             23             73             78             37             97             94             42             65             33             62             73             65             84             42             72             21             46             94            114             41            130             80             82             42             86             51             68             87             55             82             78             42            102             92
