    #        ngroups         ntours         nspots
                  10              8             23

    #        spot_id         n_name         length              a              b
                  10        Spot_10            120              0           1440
                  11        Spot_11            180              0           1440
                  15        Spot_15            210              0           1440
                  21        Spot_21            180              0           1440
                  23        Spot_23            210              0           1440
                  35        Spot_35            150              0           1440
                  44        Spot_44            150              0           1440
                  57        Spot_57             90              0           1440
                  58        Spot_58            180              0           1440
                  65        Spot_65             90              0           1440
                  85        Spot_85             90              0           1440
                  86        Spot_86            180              0           1440
                  88        Spot_88            210              0           1440
                 101       Spot_101             60              0           1440
                 119       Spot_119            120              0           1440
                 124      Hotel_124              0              0           1440
                 125      Hotel_125              0              0           1440
                 126      Hotel_126              0              0           1440
                 127      Hotel_127              0              0           1440
                 128      Hotel_128              0              0           1440
                 129      Hotel_129              0              0           1440
                 132      Hotel_132              0              0           1440
                 133      Hotel_133              0              0           1440

    #          tr_id        tr_name          nspot            seq
                  49        Tour_49              4             57            101             44             65
                  34        Tour_34              2            101             10
                  14        Tour_14              2             88             85
                  20        Tour_20              2             35             86
                  62        Tour_62              2             15            119
                  25        Tour_25              2             58             21
                  70        Tour_70              1             11
                  92        Tour_92              2             23             85

    #          gr_id        gr_size          tr_id         origin
                   0              4             49            132
                   1              2             34            125
                   2              3             14            125
                   3              8             20            128
                   4              2             62            126
                   5              7             25            124
                   6              9             70            133
                   7              2             92            127
                   8              6             14            129
                   9              7             49            127

    #            o/d             10             11             15             21             23             35             44             57             58             65             85             86             88            101            119            124            125            126            127            128            129            132            133
                  11            159
                  15             94            102
                  21            129             61            114
                  23             33            144            102            105
                  35             92            116            124             60             61
                  44            112             92            122             33             84             29
                  57            102             94            115             37             74             23             11
                  58            104            102             11            119            112            132            129            122
                  65             41            136             55            122             60            105            116            106             65
                  85             88             72             65             52             73             65             58             51             72             72
                  86            152             11            102             51            137            106             82             84            102            132             65
                  88             82            114             15            119             94            122            124            116             23             42             68            112
                 101             84            129            127             73             52             15             43             37            136            102             72            119            124
                 119             51            124             97             82             23             42             62             52            106             65             55            116             91             37
                 124             68             94             73             62             51             51             55             46             82             62             23             86             72             55             33
                 125            100             82             21             96            102            114            108            102             23             65             51             81             33            119             92             65
                 126             37            124             61            102             42             82             94             84             71             23             55            119             52             80             43             41             65
                 127             65             94             60             71             55             65             68             60             68             51             23             88             58             68             41             15             52             33
                 128             94            126            132             68             62             11             37             33            141            110             74            116            130             11             46             60            123             88             73
                 129             43            116             62             92             41             73             84             74             72             33             46            110             55             72             37             31             62             11             23             80
                 132             72            116             23            116             84            115            119            110             33             33             65            114             11            116             82             65             37             42             51            122             46
                 133            119             46             87             29            101             72             52             51             91            104             33             37             94             84             80             51             68             87             55             82             78             92
