    #        ngroups         ntours         nspots
                  10              8             29

    #        spot_id         n_name         length              a              b
                   6         Spot_6             60              0           1440
                   7         Spot_7             60              0           1440
                  11        Spot_11            180              0           1440
                  18        Spot_18            210              0           1440
                  25        Spot_25            180              0           1440
                  29        Spot_29             60              0           1440
                  32        Spot_32            150              0           1440
                  33        Spot_33            210              0           1440
                  40        Spot_40             60              0           1440
                  43        Spot_43            210              0           1440
                  44        Spot_44            150              0           1440
                  57        Spot_57             90              0           1440
                  63        Spot_63            120              0           1440
                  65        Spot_65             90              0           1440
                  75        Spot_75            120              0           1440
                  78        Spot_78             90              0           1440
                  90        Spot_90            180              0           1440
                  96        Spot_96            180              0           1440
                 100       Spot_100             90              0           1440
                 101       Spot_101             60              0           1440
                 114       Spot_114             60              0           1440
                 124      Hotel_124              0              0           1440
                 126      Hotel_126              0              0           1440
                 127      Hotel_127              0              0           1440
                 128      Hotel_128              0              0           1440
                 129      Hotel_129              0              0           1440
                 130      Hotel_130              0              0           1440
                 131      Hotel_131              0              0           1440
                 133      Hotel_133              0              0           1440

    #          tr_id        tr_name          nspot            seq
                  70        Tour_70              1             11
                  94        Tour_94              3             63             90             75
                  21        Tour_21              3            100             78             18
                  77        Tour_77              1             25
                  82        Tour_82              4             40             29             33              6
                   9         Tour_9              3              7             43             32
                   3         Tour_3              2             96            114
                  49        Tour_49              4             57            101             44             65

    #          gr_id        gr_size          tr_id         origin
                   0              3             70            129
                   1              3             94            130
                   2              5             21            131
                   3              4             77            127
                   4              9             82            126
                   5              4              9            124
                   6              9              3            133
                   7              8             49            128
                   8              6             70            124
                   9              7             94            133

    #            o/d              6              7             11             18             25             29             32             33             40             43             44             57             63             65             75             78             90             96            100            101            114            124            126            127            128            129            130            131            133
                   7            101
                  11            165             65
                  18             86             15             80
                  25            144             43             23             58
                  29             37             65            129             51            108
                  32            132             55             61             62             55             97
                  33             72             61            119             52             97             55            114
                  40             42             68            130             55            110             15             91             68
                  43            102             15             68             21             46             68             68             52             74
                  44            106             51             92             51             71             81            105             37             92             37
                  57             97             46             94             43             72             71            100             29             82             33             11
                  63            138             42             41             55             23            105             73             82            109             37             52             55
                  65             62             82            136             71            119             43             86             96             29             92            116            106            124
                  75            136             52             51             61             46            100             11            112             96             65            100             97             65             94
                  78             51             51            115             37             94             15             84             51             21             55             72             62             91             46             87
                  90             94             55             97             51             82             61             43             96             52             68            102             94             92             43             51             52
                  96             84             52            106             46             84             62            106             15             74             41             23             15             68            100            104             55             94
                 100            106             51             84             51             71             72             29            100             65             65            101             94             84             58             37             61             15             96
                 101             71             71            129             62            106             60            124             11             73             62             43             37             91            102            122             58            105             23            109
                 114             33             73            138             60            116             23            114             41             37             72             74             65            108             65            116             31             82             52             92             42
                 124             72             29             94             15             72             37             71             46             42             33             55             46             68             62             72             23             51             43             55             55             46
                 126             52             65            124             52            105             23             82             73             11             72             94             84            106             23             88             23             42             78             55             80             46             41
                 127             73             33             94             21             73             37             62             60             37             41             68             60             74             51             65             23             37             58             42             68             52             15             33
                 128             81             72            126             65            104             68            126             15             82             61             37             33             87            110            124             65            110             21            114             11             52             60             88             73
                 129             55             55            116             42             96             21             78             65             15             62             84             74             97             33             82             15             41             68             52             72             42             31             11             23             80
                 130            146             52             31             65             29            110             31            112            108             61             94             92             51            110             21             96             68            102             55            122            123             78            101             73            122             94
                 131             72             81            132             72            116             51             80            102             37             92            119            109            122             11             88             51             37            105             51            108             73             65             29             52            116             37            105
                 133            122             23             46             37             23             88             58             74             91             23             52             51             21            104             51             73             72             62             65             84             94             51             87             55             82             78             42            102
