    #        ngroups         ntours         nspots
                  10              8             23

    #        spot_id         n_name         length              a              b
                  13        Spot_13            120              0           1440
                  15        Spot_15            210              0           1440
                  26        Spot_26            150              0           1440
                  34        Spot_34            120              0           1440
                  43        Spot_43            210              0           1440
                  45        Spot_45            120              0           1440
                  51        Spot_51             60              0           1440
                  53        Spot_53            150              0           1440
                  67        Spot_67             60              0           1440
                  72        Spot_72             60              0           1440
                  96        Spot_96            180              0           1440
                 106       Spot_106            180              0           1440
                 114       Spot_114             60              0           1440
                 117       Spot_117             60              0           1440
                 119       Spot_119            120              0           1440
                 125      Hotel_125              0              0           1440
                 126      Hotel_126              0              0           1440
                 127      Hotel_127              0              0           1440
                 128      Hotel_128              0              0           1440
                 129      Hotel_129              0              0           1440
                 130      Hotel_130              0              0           1440
                 132      Hotel_132              0              0           1440
                 133      Hotel_133              0              0           1440

    #          tr_id        tr_name          nspot            seq
                  27        Tour_27              3             43             51             67
                  62        Tour_62              2             15            119
                  59        Tour_59              3            119             34             72
                  56        Tour_56              2            117             13
                  68        Tour_68              2            106             53
                   3         Tour_3              2             96            114
                  60        Tour_60              2             26            106
                  32        Tour_32              2             45             67

    #          gr_id        gr_size          tr_id         origin
                   0              2             27            126
                   1              7             62            132
                   2              4             59            129
                   3              7             56            133
                   4              7             68            130
                   5              4              3            125
                   6              3             60            127
                   7              4             32            130
                   8              7             32            128
                   9              9             59            125

    #            o/d             13             15             26             34             43             45             51             53             67             72             96            106            114            117            119            125            126            127            128            129            130            132            133
                  15             68
                  26             68            129
                  34             91             74            114
                  43             23             88             46             94
                  45             37             81             92            124             52
                  51             80             81             92             23             78            115
                  53             87            116             65             65             73            123             43
                  67            102            112             94             46             94            138             31             31
                  72             58            124             23            122             37             74            102             82            109
                  96             62            116             21             94             41             92             72             46             74             37
                 106             29             96             42            104             11             51             87             80            102             29             42
                 114             82            104             72             51             72            119             29             15             23             87             52             80
                 117            115            114            114             41            110            151             37             51             21            129             94            119             42
                 119             68             97             61             55             58            105             33             21             37             74             41             65             15             55
                 125             51             21            116             82             72             61             84            112            114            108            105             80            102            119             92
                 126             68             61             97             23             72            102             21             60             51            102             78             82             46             55             43             65
                 127             37             60             73             55             41             72             43             61             68             74             58             51             52             80             41             52             33
                 128             82            132             29            100             61            112             78             41             71             51             21             62             52             92             46            123             88             73
                 129             60             62             87             33             62             94             23             55             52             92             68             72             42             60             37             62             11             23             80
                 130             42             72            104            122             61             15            116            129            141             87            102             62            123            152            109             52            101             73            122             94
                 132             72             23            124             52             87             94             62            100             92            123            108             97             87             92             82             37             42             51            122             46             87
                 133             21             87             62            109             23             31             96             96            115             46             62             21             94            130             80             68             87             55             82             78             42             92
