    #        ngroups         ntours         nspots
                  20             15             42

    #        spot_id         n_name         length              a              b
                   8         Spot_8            120              0           1440
                  10        Spot_10            120              0           1440
                  13        Spot_13            120              0           1440
                  15        Spot_15            210              0           1440
                  20        Spot_20            180              0           1440
                  21        Spot_21            180              0           1440
                  28        Spot_28            180              0           1440
                  30        Spot_30             60              0           1440
                  45        Spot_45            120              0           1440
                  46        Spot_46             60              0           1440
                  47        Spot_47            120              0           1440
                  49        Spot_49             60              0           1440
                  50        Spot_50            210              0           1440
                  53        Spot_53            150              0           1440
                  58        Spot_58            180              0           1440
                  63        Spot_63            120              0           1440
                  65        Spot_65             90              0           1440
                  66        Spot_66            120              0           1440
                  67        Spot_67             60              0           1440
                  69        Spot_69            120              0           1440
                  75        Spot_75            120              0           1440
                  82        Spot_82            150              0           1440
                  83        Spot_83             60              0           1440
                  84        Spot_84            210              0           1440
                  90        Spot_90            180              0           1440
                  91        Spot_91            210              0           1440
                  94        Spot_94            210              0           1440
                  97        Spot_97             60              0           1440
                 100       Spot_100             90              0           1440
                 101       Spot_101             60              0           1440
                 113       Spot_113            210              0           1440
                 117       Spot_117             60              0           1440
                 124      Hotel_124              0              0           1440
                 125      Hotel_125              0              0           1440
                 126      Hotel_126              0              0           1440
                 127      Hotel_127              0              0           1440
                 128      Hotel_128              0              0           1440
                 129      Hotel_129              0              0           1440
                 130      Hotel_130              0              0           1440
                 131      Hotel_131              0              0           1440
                 132      Hotel_132              0              0           1440
                 133      Hotel_133              0              0           1440

    #          tr_id        tr_name          nspot            seq
                  32        Tour_32              2             45             67
                  25        Tour_25              2             58             21
                  56        Tour_56              2            117             13
                  54        Tour_54              3             69            100             82
                  86        Tour_86              1             91
                  73        Tour_73              2             46            113
                  34        Tour_34              2            101             10
                  53        Tour_53              4             66             65             10            101
                  13        Tour_13              3             97             21            117
                  94        Tour_94              3             63             90             75
                   2         Tour_2              3             84             30              8
                  84        Tour_84              3             49             69             47
                  71        Tour_71              3             94             83             20
                  12        Tour_12              2             50             53
                  95        Tour_95              2             28             15

    #          gr_id        gr_size          tr_id         origin
                   0              8             32            133
                   1              3             25            126
                   2              6             56            125
                   3              6             54            131
                   4              3             86            129
                   5              1             73            132
                   6              5             34            130
                   7              2             53            133
                   8              7             13            125
                   9              3             94            128
                  10              3              2            131
                  11              1             84            127
                  12              7             71            130
                  13              1             12            128
                  14              3             95            124
                  15              8             34            129
                  16              6             73            124
                  17              4             86            132
                  18              5             34            127
                  19              8             34            126

    #            o/d              8             10             13             15             20             21             28             30             45             46             47             49             50             53             58             63             65             66             67             69             75             82             83             84             90             91             94             97            100            101            113            117            124            125            126            127            128            129            130            131            132            133
                  10             11
                  13             94            102
                  15             92             94             68
                  20            112            122             65            130
                  21            119            129             46            114             31
                  28            137            144             46             82             94             65
                  30             37             46             91            114             87            102            136
                  45            129            137             37             81             84             55             11            127
                  46             60             65             42             46             91             82             80             71             73
                  47            115            122             23             72             78             51             23            114             15             60
                  49            132            141             42            104             61             31             37            122             29             84             33
                  50             33             42             65             84             81             87            110             31            102             41             88            102
                  53             46             55             87            116             78             94            132             11            123             72            109            116             33
                  58            102            104             73             11            137            119             81            124             82             55             74            106             94            126
                  63            127            136             41            106             51             21             46            115             37             82             37             11             96            108            109
                  65             42             41             84             55            126            122            119             73            114             42            100            126             51             80             65            124
                  66             62             65             61             31            114            104             91             84             87             23             74            102             55             87             41            102             29
                  67             23             29            102            112            106            119            146             21            138             74            124            137             37             31            122            130             65             81
                  69             86             94             11             60             72             55             51             87             43             33             29             52             60             84             65             51             74             51             96
                  75            119            124             42             52            105             80             31            126             33             60             29             60             97            124             51             65             94             65            132             41
                  82             62             72             72            114             55             72            116             33            106             68             94             96             37             23            123             88             88             88             52             71            112
                  83            109            119             37            105             33             11             62             94             52             72             46             33             78             86            110             23            112             94            110             46             73             65
                  84             87             97             33             94             37             33             72             72             62             55             51             51             55             65            101             43             92             78             88             37             74             46             23
                  90             74             78             52             23            110             97             78             92             74             23             62             92             62             94             33             92             43             15             92             42             51             91             87             73
                  91             71             81             61            110             42             58            104             46             94             65             82             82             42             37            119             73             91             86             65             62            102             15             51             33             88
                  94             46             51             55             52             97             92             94             62             88             15             73             97             33             65             62             94             31             23             62             46             73             65             81             62             31             65
                  97             51             61             65            100             62             73            109             29            100             55             87             94             23             23            109             86             73             73             46             62            102             15             65             43             78             21             51
                 100             87             91             46             23            108             91             65            102             62             31             51             82             71            102             29             84             58             29            104             37             37             97             82             72             15             91             42             84
                 101             74             84             81            127             51             73            124             41            114             82            102            100             51             31            136             91            102            102             61             82            122             15             68             52            105             21             80             29            109
                 113             84             87             55             15            116            100             74            102             72             33             61             92             72            104             23             94             51             23            102             46             46            100             91             80             11             96             41             87             11            114
                 117             23             21            115            114            126            136            159             41            151             82            137            152             51             51            124            146             61             84             21            108            141             72            127            105             97             84             68             65            109             81            106
                 124             60             68             37             73             65             62             82             55             73             29             60             73             29             52             82             68             62             51             65             33             72             42             52             31             51             37             33             31             55             55             60             80
                 125             97            100             51             21            115             96             62            112             61             41             52             84             81            112             23             87             65             37            114             43             33            106             88             80             23            100             52             94             11            119             15            119             65
                 126             33             37             68             61            104            102            108             55            102             29             88            109             29             60             71            106             23             31             51             60             88             65             92             71             42             68             15             51             55             80             52             55             41             65
                 127             58             65             37             60             78             71             80             62             72             15             58             78             33             61             68             74             51             37             68             29             65             55             61             42             37             51             21             42             42             68             46             80             15             52             33
                 128             84             94             82            132             43             68            122             51            112             88            102             97             60             41            141             87            110            108             71             84            124             23             65             51            110             23             86             37            114             11            119             92             60            123             88             73
                 129             37             43             60             62             94             92            101             52             94             23             80            100             23             55             72             97             33             33             52             51             82             58             82             61             41             60             11             43             52             72             51             60             31             62             11             23             80
                 130            130            137             42             72             97             68             11            132             15             72             21             43            105            129             71             51            110             82            141             46             21            114             65             71             68            102             86            106             55            122             65            152             78             52            101             73            122             94
                 131             52             51             82             46            129            122            114             82            109             41             97            124             58             88             55            122             11             23             74             72             88             94            112             94             37             96             33             80             51            108             43             71             65             58             29             52            116             37            105
                 132             71             72             72             23            127            116             97             97             94             37             82            112             68            100             33            112             33             15             92             62             68            102            106             91             21            101             37             88             33            116             23             92             65             37             42             51            122             46             87             23
                 133            110            119             21             87             55             29             41            102             31             62             23             23             80             96             91             21            104             81            115             31             51             78             23             33             72             65             74             73             65             84             74            130             51             68             87             55             82             78             42            102             92
