    #        ngroups         ntours         nspots
                  30             23             51

    #        spot_id         n_name         length              a              b
                   1         Spot_1            150              0           1440
                   7         Spot_7             60              0           1440
                  13        Spot_13            120              0           1440
                  14        Spot_14            120              0           1440
                  15        Spot_15            210              0           1440
                  19        Spot_19            150              0           1440
                  21        Spot_21            180              0           1440
                  22        Spot_22            150              0           1440
                  26        Spot_26            150              0           1440
                  28        Spot_28            180              0           1440
                  32        Spot_32            150              0           1440
                  34        Spot_34            120              0           1440
                  35        Spot_35            150              0           1440
                  43        Spot_43            210              0           1440
                  45        Spot_45            120              0           1440
                  46        Spot_46             60              0           1440
                  49        Spot_49             60              0           1440
                  50        Spot_50            210              0           1440
                  51        Spot_51             60              0           1440
                  53        Spot_53            150              0           1440
                  55        Spot_55             60              0           1440
                  56        Spot_56            180              0           1440
                  58        Spot_58            180              0           1440
                  67        Spot_67             60              0           1440
                  68        Spot_68            210              0           1440
                  69        Spot_69            120              0           1440
                  72        Spot_72             60              0           1440
                  82        Spot_82            150              0           1440
                  88        Spot_88            210              0           1440
                  91        Spot_91            210              0           1440
                  96        Spot_96            180              0           1440
                 100       Spot_100             90              0           1440
                 104       Spot_104            210              0           1440
                 106       Spot_106            180              0           1440
                 108       Spot_108             90              0           1440
                 114       Spot_114             60              0           1440
                 115       Spot_115            210              0           1440
                 117       Spot_117             60              0           1440
                 119       Spot_119            120              0           1440
                 120       Spot_120            180              0           1440
                 121       Spot_121             90              0           1440
                 124      Hotel_124              0              0           1440
                 125      Hotel_125              0              0           1440
                 126      Hotel_126              0              0           1440
                 127      Hotel_127              0              0           1440
                 128      Hotel_128              0              0           1440
                 129      Hotel_129              0              0           1440
                 130      Hotel_130              0              0           1440
                 131      Hotel_131              0              0           1440
                 132      Hotel_132              0              0           1440
                 133      Hotel_133              0              0           1440

    #          tr_id        tr_name          nspot            seq
                  27        Tour_27              3             43             51             67
                  62        Tour_62              2             15            119
                  59        Tour_59              3            119             34             72
                  56        Tour_56              2            117             13
                  68        Tour_68              2            106             53
                   3         Tour_3              2             96            114
                  60        Tour_60              2             26            106
                  32        Tour_32              2             45             67
                   5         Tour_5              2             88             68
                  86        Tour_86              1             91
                  30        Tour_30              2            121             55
                  46        Tour_46              2            120             28
                  95        Tour_95              2             28             15
                  43        Tour_43              2             14             35
                   9         Tour_9              3              7             43             32
                  54        Tour_54              3             69            100             82
                  33        Tour_33              3             50             51            100
                  47        Tour_47              1             56
                  97        Tour_97              3             45             19              1
                  57        Tour_57              2             46            115
                  25        Tour_25              2             58             21
                  91        Tour_91              2            104             22
                  17        Tour_17              3             34            108             49

    #          gr_id        gr_size          tr_id         origin
                   0              9             27            126
                   1              7             62            132
                   2              7             59            127
                   3              2             56            126
                   4              4             68            130
                   5              2              3            127
                   6              9             60            133
                   7              6             32            130
                   8              2              5            128
                   9              4             86            125
                  10              9             30            125
                  11              7             46            132
                  12              1             95            127
                  13              3             43            133
                  14              1              9            133
                  15              7             54            126
                  16              7             33            130
                  17              9             47            131
                  18              8             97            128
                  19              5             57            124
                  20              7             25            124
                  21              1             91            131
                  22              7             17            129
                  23              8             57            129
                  24              5             25            126
                  25              1             32            128
                  26              9              3            129
                  27              6             43            125
                  28              3             86            130
                  29              5             33            124

    #            o/d              1              7             13             14             15             19             21             22             26             28             32             34             35             43             45             46             49             50             51             53             55             56             58             67             68             69             72             82             88             91             96            100            104            106            108            114            115            117            119            120            121            124            125            126            127            128            129            130            131            132            133
                   7             94
                  13            101             11
                  14            100             29             37
                  15            102             73             68            102
                  19            114             46             37             73             41
                  21            123             42             46             23            114             80
                  22             88             11             21             23             80             55             41
                  26            102             60             68             33            129            105             42             51
                  28            144             55             46             71             82             42             65             65            102
                  32            123             55             46             82             42             11             86             65            114             41
                  34             33             87             91            102             74             94            124             84            114            130            102
                  35             81             62             72             42            124            106             60             52             23            112            116             97
                  43             96             15             23             15             88             60             31             11             46             62             68             94             51
                  45            137             46             37             61             81             41             55             55             92             11             42            124            102             52
                  46             68             41             42             65             46             46             82             42             88             80             55             51             80             52             73
                  49            138             46             42             46            104             65             31             51             72             37             68            132             87             43             29             84
                  50             37             58             65             65             84             84             87             51             72            110             94             42             55             60            102             41            102
                  51             23             73             80             84             81             91            106             68             92            122            100             23             74             78            115             46            119             21
                  53             42             78             87             72            116            112             94             68             65            132            122             65             42             73            123             72            116             33             43
                  55             42             84             87            102             65             86            122             82            116            124             94             11            100             92            119             46            129             46             29             72
                  56             61             71             72             94             42             65            112             72            114            105             72             33            102             82            100             31            114             51             42             82             23
                  58            112             80             73            108             11             42            119             86            137             81             41             84            132             94             82             55            106             94             92            126             74             52
                  67             15             94            102             96            112            119            119             86             94            146            129             46             72             94            138             74            137             37             31             31             55             72            122
                  68             78             31             41             23             94             74             46             21             37             84             84             81             33             23             74             51             65             42             62             51             82             78            102             73
                  69             94             15             11             43             60             33             55             23             73             51             42             82             74             29             43             33             52             60             72             84             78             62             65             96             42
                  72            116             51             58             23            124             94             21             46             23             84            102            122             43             37             74             87             51             82            102             82            122            116            130            109             41             65
                  82             61             62             72             51            114            102             72             52             42            116            112             78             21             55            106             68             96             37             55             23             82             86            123             52             33             71             60
                  88             92             78             74            105             15             52            119             82            130             94             55             62            122             91             92             43            112             78             72            109             52             31             23            102             94             65            127            110
                  91             72             51             61             37            110             94             58             41             31            104            104             84             15             42             94             65             82             42             62             37             87             88            119             65             21             62             46             15            108
                  96             82             52             62             33            116             97             51             42             21            102            106             94             11             41             92             72             78             52             72             46             97             96            124             74             23             65             37             23            115             11
                 100             97             51             46             80             23             23             91             58            108             65             29             73            105             65             62             31             82             71             74            102             65             43             29            104             73             37            102             97             31             91             96
                 104            102             68             78             42            137            114             52             60             11            112            123            116             21             55            102             94             82             74             94             62            119            119            144             92             43             82             33             41            137             33             23            116
                 106            105             23             29             11             96             65             21             21             42             61             73            104             52             11             51             62             37             68             87             80            102             92            102            102             29             37             29             60            100             46             42             73             52
                 108            105             37             29             65             42             11             73             46             96             46             21             86             97             51             42             37             62             74             82            102             80             60             46            109             65             23             86             92             51             84             87             21            105             58
                 114             31             73             82             73            104            104             96             65             72            127            114             51             51             72            119             61            115             21             29             15             58             68            114             23             51             78             87             31             97             42             52             92             71             80             94
                 115             23             91             96            104             84            102            126             87            112            137            110             11             94             97            130             58            136             41             21             60             21             42             94             37             82             88            122             74             72             82             92             82            114            106             94             46
                 117             15            108            115            114            114            127            136            102            114            159            136             41             92            110            151             82            152             51             37             51             51             72            124             21             91            108            129             72            102             84             94            109            112            119            119             42             31
                 119             42             60             68             60             97             92             82             51             61            114            102             55             42             58            105             52            101             15             33             21             60             65            106             37             37             65             74             23             91             31             41             82             62             65             82             15             52             55
                 120            114             72             65            101             15             33            110             80            130             71             31             87            127             86             72             52             97             92             92            124             78             55             11            122             96             58            122            119             29            114            119             23            138             94             37            112             97            126            104
                 121             96             29             23             58             46             21             68             37             88             51             31             80             87             43             46             29             61             65             73             92             73             55             51            100             55             15             80             82             52             74             78             23             96             51             11             84             86            110             72             43
                 124             65             29             37             41             73             61             62             23             60             82             71             62             51             33             73             29             73             29             46             52             61             55             82             65             23             33             62             42             72             37             43             55             65             42             51             46             65             80             33             78             41
                 125            106             58             51             86             21             21             96             65            116             62             23             82            114             72             61             41             84             81             84            112             73             51             23            114             82             43            108            106             33            100            105             11            124             80             23            102             91            119             92             15             29             65
                 126             42             65             68             81             61             73            102             62             97            108             82             23             82             72            102             29            109             29             21             60             21             23             71             51             62             60            102             65             52             68             78             55            100             82             65             46             29             55             43             72             58             41             65
                 127             65             33             37             52             60             52             71             31             73             80             62             55             65             41             72             15             78             33             43             61             52             42             68             68             37             29             74             55             58             51             58             42             80             51             42             52             60             80             41             65             33             15             52             33
                 128             82             72             82             52            132            116             68             62             29            122            126            100             11             61            112             88             97             60             78             41            105            108            141             71             42             84             51             23            130             23             21            114             23             62            106             52             97             92             46            136             97             60            123             88             73
                 129             46             55             60             71             62             68             92             52             87            101             78             33             73             62             94             23            100             23             23             55             31             29             72             52             52             51             92             58             55             60             68             52             91             72             60             42             37             60             37             71             51             31             62             11             23             80
                 130            138             52             42             72             72             33             68             62            104             11             31            122            112             61             15             72             43            105            116            129            116             96             71            141             82             46             87            114             84            102            102             55            114             62             37            123            129            152            109             61             43             78             52            101             73            122             94
                 131             62             81             82            104             46             73            122             82            123            114             80             31            110             92            109             41            124             58             46             88             21             11             55             74             87             72            126             94             33             96            105             51            127            102             68             73             41             71             72             60             65             65             58             29             52            116             37            105
                 132             81             74             72            100             23             55            116             78            124             97             60             52            115             87             94             37            112             68             62            100             42             21             33             92             88             62            123            102             11            101            108             33            130             97             52             87             62             92             82             37             51             65             37             42             51            122             46             87             23
                 133            116             23             21             31             87             51             29             29             62             41             58            109             72             23             31             62             23             80             96             96            106             92             91            115             46             31             46             78             94             65             62             65             72             21             46             94            114            130             80             82             42             51             68             87             55             82             78             42            102             92
