    #        ngroups         ntours         nspots
                  40             30             63

    #        spot_id         n_name         length              a              b
                   3         Spot_3            210              0           1440
                   4         Spot_4            150              0           1440
                   5         Spot_5             90              0           1440
                   7         Spot_7             60              0           1440
                   9         Spot_9            150              0           1440
                  13        Spot_13            120              0           1440
                  25        Spot_25            180              0           1440
                  27        Spot_27             90              0           1440
                  31        Spot_31             90              0           1440
                  32        Spot_32            150              0           1440
                  34        Spot_34            120              0           1440
                  35        Spot_35            150              0           1440
                  37        Spot_37             60              0           1440
                  41        Spot_41             60              0           1440
                  42        Spot_42             60              0           1440
                  46        Spot_46             60              0           1440
                  47        Spot_47            120              0           1440
                  48        Spot_48            150              0           1440
                  49        Spot_49             60              0           1440
                  51        Spot_51             60              0           1440
                  52        Spot_52             90              0           1440
                  53        Spot_53            150              0           1440
                  55        Spot_55             60              0           1440
                  56        Spot_56            180              0           1440
                  57        Spot_57             90              0           1440
                  66        Spot_66            120              0           1440
                  67        Spot_67             60              0           1440
                  69        Spot_69            120              0           1440
                  71        Spot_71            180              0           1440
                  72        Spot_72             60              0           1440
                  76        Spot_76             90              0           1440
                  79        Spot_79             60              0           1440
                  81        Spot_81             60              0           1440
                  82        Spot_82            150              0           1440
                  86        Spot_86            180              0           1440
                  88        Spot_88            210              0           1440
                  89        Spot_89            120              0           1440
                  91        Spot_91            210              0           1440
                  94        Spot_94            210              0           1440
                  96        Spot_96            180              0           1440
                 100       Spot_100             90              0           1440
                 101       Spot_101             60              0           1440
                 108       Spot_108             90              0           1440
                 112       Spot_112            210              0           1440
                 113       Spot_113            210              0           1440
                 114       Spot_114             60              0           1440
                 115       Spot_115            210              0           1440
                 118       Spot_118            210              0           1440
                 119       Spot_119            120              0           1440
                 120       Spot_120            180              0           1440
                 121       Spot_121             90              0           1440
                 122       Spot_122             60              0           1440
                 123       Spot_123            210              0           1440
                 124      Hotel_124              0              0           1440
                 125      Hotel_125              0              0           1440
                 126      Hotel_126              0              0           1440
                 127      Hotel_127              0              0           1440
                 128      Hotel_128              0              0           1440
                 129      Hotel_129              0              0           1440
                 130      Hotel_130              0              0           1440
                 131      Hotel_131              0              0           1440
                 132      Hotel_132              0              0           1440
                 133      Hotel_133              0              0           1440

    #          tr_id        tr_name          nspot            seq
                  31        Tour_31              3             86              4              7
                  48        Tour_48              3            122             86             42
                  57        Tour_57              2             46            115
                  73        Tour_73              2             46            113
                  15        Tour_15              2             53             32
                   7         Tour_7              3            100            112              9
                  42        Tour_42              2            118             51
                  36        Tour_36              2             31             53
                  83        Tour_83              2             52             88
                  81        Tour_81              2            118             71
                  98        Tour_98              3              7             53             48
                  26        Tour_26              2            113             91
                  72        Tour_72              3             66             27            123
                   3         Tour_3              2             96            114
                  61        Tour_61              2             34             48
                  79        Tour_79              2             79             91
                  28        Tour_28              2             91             81
                   1         Tour_1              2            121             56
                   8         Tour_8              2              9             79
                  30        Tour_30              2            121             55
                  59        Tour_59              3            119             34             72
                  23        Tour_23              3             76             89            120
                  44        Tour_44              3             25             42             37
                  89        Tour_89              2             41              3
                  99        Tour_99              3             67             13             57
                  54        Tour_54              3             69            100             82
                  84        Tour_84              3             49             69             47
                  80        Tour_80              2            101              5
                  85        Tour_85              3             94             35            114
                  17        Tour_17              3             34            108             49

    #          gr_id        gr_size          tr_id         origin
                   0              6             31            126
                   1              7             48            127
                   2              3             57            130
                   3              7             73            124
                   4              6             15            131
                   5              1              7            130
                   6              3             42            131
                   7              4             36            133
                   8              6             83            127
                   9              8             81            126
                  10              4             98            128
                  11              4             26            125
                  12              9             72            126
                  13              8              3            128
                  14              9             61            133
                  15              9             79            125
                  16              6             28            131
                  17              1              1            128
                  18              9              8            133
                  19              7             30            126
                  20              8             59            124
                  21              6             23            129
                  22              3             44            132
                  23              1             89            130
                  24              9             99            132
                  25              8             54            132
                  26              8             84            129
                  27              4             80            132
                  28              8             85            125
                  29              5             17            133
                  30              2             36            124
                  31              3             85            131
                  32              9             30            130
                  33              1             99            124
                  34              1             59            127
                  35              3             31            129
                  36              8              7            128
                  37              7             54            127
                  38              9             59            125
                  39              9             44            129

    #            o/d              3              4              5              7              9             13             25             27             31             32             34             35             37             41             42             46             47             48             49             51             52             53             55             56             57             66             67             69             71             72             76             79             81             82             86             88             89             91             94             96            100            101            108            112            113            114            115            118            119            120            121            122            123            124            125            126            127            128            129            130            131            132            133
                   4             37
                   5             97            132
                   7             11             46             87
                   9             31             33            110             33
                  13             15             51             84             11             42
                  25             37             52            112             43             65             37
                  27             94            129             11             84            105             82            112
                  31             21             51             92             23             51             15             23             92
                  32             60             94             65             55             87             46             55             68             43
                  34             97            122             61             87             92             91            127             51            105            102
                  35             61             51            129             62             31             72             94            122             81            116             97
                  37             37             72             71             33             65             23             41             72             23             23             94             94
                  41             74            109             23             65             88             62             92             21             71             51             55            108             52
                  42             78            114             21             68             94             65             92             23             72             46             65            116             51             11
                  46             51             84             51             41             60             42             78             46             55             55             51             80             43             29             37
                  47             31             60             92             33             61             23             21             92             11             37            110             92             21             72             71             60
                  48             23             46            102             29             52             23             15            102             11             51            114             82             33             81             82             65             15
                  49             37             41            122             46             60             42             15            122             31             68            132             87             52            102            102             84             33             21
                  51             82            104             74             73             72             80            116             65             94            100             23             74             88             61             71             46            101            102            119
                  52             23             58             82             21             52             11             33             81             11             37             96             82             15             61             62             46             15             21             41             86
                  53             82             88            114             78             58             87            119            105            100            122             65             42            104             97            106             72            109            105            116             43             97
                  55             94            122             51             84             92             87            123             41            100             94             11            100             88             46             55             46            105            109            129             29             91             72
                  56             81            114             33             71             87             72            106             23             84             72             33            102             68             23             33             31             87             94            114             42             74             82             23
                  57             42             29            124             46             15             55             72            119             62            100            102             23             78            102            108             73             72             61             65             81             65             60            104            100
                  66             72            106             29             62             82             61             94             23             72             58             46            101             55             11             21             23             74             82            102             51             62             87             37             15             96
                  67            101            114            104             94             82            102            137             94            116            129             46             72            114             92            102             74            124            122            137             31            110             31             55             72             87             81
                  69             23             60             74             15             46             11             46             72             23             42             82             74             21             52             55             33             29             33             52             72             15             84             78             62             60             51             96
                  71             46             55            101             42             23             52             82             94             65             92             72             29             71             80             88             51             74             68             80             51             62             37             74             73             31             72             60             51
                  72             43             11            136             51             31             58             62            132             60            102            122             43             80            114            119             87             68             55             51            102             65             82            122            116             23            109            109             65             52
                  76             55             60            108             52             29             62             91            101             74            102             74             23             81             88             96             60             84             78             88             52             72             29             78             80             33             80             55             61             11             55
                  79             92            126             21             82            100             81            114             11             92             73             41            116             74             23             29             42             94            102            122             55             82             96             31             15            114             21             84             71             88            129             94
                  81             78             80            119             74             51             84            114            110             97            122             73             33            102            100            109             74            106            100            110             51             94             11             80             88             51             91             41             82             33             73             23            102
                  82             65             65            116             62             37             72            100            108             84            112             78             21             92             96            105             68             94             87             96             55             82             23             82             86             37             88             52             71             21             60             11            101             15
                  86             51             61            122             58             78             51             15            124             37             62            141            106             52            104            102             91             33             29             21            130             46            132            136            119             84            106            151             60             96             71            105            126            127            114
                  88             87            123             11             78            102             74            102             15             82             55             62            122             61             15             11             43             81             92            112             72             72            109             52             31            116             23            102             65             94            127            102             23            114            110            112
                  89             55             72            114             60             84             51             21            116             37             51            138            114             46             97             94             88             29             33             33            129             43            136            132            114             92            100            152             58            100             82            109            119            132            119             15            104
                  91             52             51            115             51             23             61             87            108             72            104             84             15             82             94            102             65             82             74             82             62             71             37             87             88             23             86             65             62             15             46             11            102             29             15            100            108            106
                  94             62             92             51             52             65             55             91             43             68             68             37             80             58             33             42             15             73             78             97             33             60             65             33             23             78             23             62             46             51             94             58             37             68             65            105             46            102             65
                  96             51             43            122             52             21             62             84            116             71            106             94             11             84            101            108             72             81             72             78             72             72             46             97             96             15             94             74             65             23             37             21            110             37             23             97            115            104             11             73
                 100             60             96             41             51             80             46             71             42             52             29             73            105             31             23             21             31             51             62             82             74             42            102             65             43             94             29            104             37             78            102             87             46            104             97             82             31             74             91             42             96
                 101             72             65            130             71             42             81            106            122             92            124             91             15            102            110            119             82            102             94            100             68             92             31             96            101             37            102             61             82             33             58             23            115             21             15            119            124            126             21             80             23            109
                 108             43             80             61             37             68             29             51             62             33             21             86             97             11             42             41             37             31             42             62             82             23            102             80             60             82             46            109             23             72             86             82             65            102             92             62             51             55             84             51             87             21            104
                 112             62             46            137             65             33             74             92            130             82            119            106             11             97            115            122             86             92             81             84             84             84             52            109            110             21            108             82             78             37             37             33            124             42             31            104            129            112             23             88             15            110             23            100
                 113             68            105             31             60             86             55             81             33             62             37             68            110             41             15             11             33             61             72             92             72             52            104             60             37            101             23            102             46             82            110             91             37            106            100             92             21             84             96             41            102             11            114             31            116
                 114             80             91            100             73             60             82            116             91             96            114             51             51             97             84             94             61            105            102            115             29             91             15             58             68             65             74             23             78             37             87             33             82             23             31            130             97            132             42             52             52             92             42             94             61             92
                 115            100            124             71             91             92             96            132             61            110            110             11             94            101             65             74             58            116            119            136             21            102             60             21             42            102             55             37             88             71            122             72             51             68             74            146             72            144             82             43             92             82             87             94            104             78             46
                 118             43             51            122             51             68             46             11            122             33             65            136             97             51            102            102             87             31             23             11            124             42            124            132            116             74            104            144             55             88             61             96            124            119            105             11            112             23             91            100             87             81            109             61             94             92            122            141
                 119             65             78             96             60             46             68            102             88             82            102             55             42             84             78             87             52             91             88            101             33             78             21             60             65             52             68             37             65             23             74             21             80             23             23            116             91            119             31             46             41             82             37             82             52             84             15             52            108
                 120             80            116             37             72            102             65             84             43             68             31             87            127             46             33             23             52             65             78             97             92             60            124             78             55            116             42            122             58            100            122            109             51            126            119             92             29             81            114             61            119             23            132             37            132             21            112             97             94            104
                 121             37             73             62             29             60             23             52             61             31             31             80             87             15             41             42             29             33             41             61             73             21             92             73             55             73             42            100             15             62             80             72             62             92             82             65             52             60             74             43             78             23             94             11             91             33             84             86             62             72             43
                 122             21             23            116             31             37             33             31            114             29             72            116             65             51             94             97             71             37             23             23            100             37             94            114            102             42             92            116             42             58             33             65            112             88             73             42            106             51             60             82             55             78             78             60             62             87             94            119             33             80             96             55
                 123             72             87             91             65             55             73            108             82             88            104             46             52             87             74             84             51             96             94            108             23             82             23             51             60             62             65             29             68             33             84             31             73             29             33            122             87            124             41             42             51             81             46             84             62             82             11             42            115             11            102             74             88
                 124             37             61             80             29             33             37             72             73             51             71             62             51             52             58             65             29             60             58             73             46             46             52             61             55             46             51             65             33             23             62             33             68             51             42             86             72             88             37             33             43             55             55             51             58             60             46             65             80             33             78             41             55             37
                 125             65            102             42             58             88             51             72             46             55             23             82            114             33             29             23             41             52             65             84             84             46            112             73             51            102             37            114             43             87            108             97             51            114            106             81             33             72            100             52            105             11            119             23            119             15            102             91             82             92             15             29             82             92             65
                 126             74            102             55             65             72             68            105             46             82             82             23             82             72             41             51             29             88             91            109             21             73             60             21             23             84             31             51             60             55            102             60             37             65             65            119             52            116             68             15             78             55             80             65             91             52             46             29            114             43             72             58             94             37             41             65
                 127             42             72             65             33             46             37             73             60             51             62             55             65             46             43             51             15             58             60             78             43             43             61             52             42             60             37             68             29             37             74             46             55             62             55             88             58             86             51             21             58             42             68             42             72             46             52             60             82             41             65             33             62             42             15             52             33
                 128             71             60            137             72             41             82            104            129             92            126            100             11            104            116            124             88            102             92             97             78             92             41            105            108             33            108             71             84             37             51             29            122             31             23            116            130            124             23             86             21            114             11            106             15            119             52             97            106             46            136             97             74             55             60            123             88             73
                 129             65             92             60             55             62             60             96             51             73             78             33             73             65             42             52             23             80             82            100             23             65             55             31             29             74             33             52             51             46             92             51             43             60             58            110             55            108             60             11             68             52             72             60             82             51             42             37            105             37             71             51             84             33             31             62             11             23             80
                 130             51             78             94             52             81             42             29             97             31             31            122            112             29             78             74             72             21             33             43            116             33            129            116             96             92             82            141             46             94             87            104            100            126            114             33             84             21            102             86            102             55            122             37            112             65            123            129             37            109             61             43             55            114             78             52            101             73            122             94
                 131             92            124             31             81             97             82            116             21             94             80             31            110             78             29             37             41             97            104            124             46             84             88             21             11            109             23             74             72             82            126             88             11             94             94            129             33            123             96             33            105             51            108             68            119             43             73             41            126             72             60             65            112             65             65             58             29             52            116             37            105
                 132             84            119             15             74             96             72            102             11             81             60             52            115             62             11             15             37             82             92            112             62             71            100             42             21            110             15             92             62             86            123             94             15            105            102            114             11            106            101             37            108             33            116             52            122             23             87             62            112             82             37             51            104             78             65             37             42             51            122             46             87             23
                 133             15             37            104             23             42             21             23            102             15             58            109             72             37             82             84             62             23             11             23             96             23             96            106             92             51             81            115             31             60             46             68            102             91             78             37             94             42             65             74             62             65             84             46             71             74             94            114             29             80             82             42             15             86             51             68             87             55             82             78             42            102             92
