    #        ngroups         ntours         nspots
                   5              4             15

    #        spot_id         n_name         length              a              b
                  18        Spot_18            210              0           1440
                  36        Spot_36            120              0           1440
                  39        Spot_39             90              0           1440
                  47        Spot_47            120              0           1440
                  49        Spot_49             60              0           1440
                  52        Spot_52             90              0           1440
                  69        Spot_69            120              0           1440
                  77        Spot_77            150              0           1440
                  78        Spot_78             90              0           1440
                  88        Spot_88            210              0           1440
                 100       Spot_100             90              0           1440
                 127      Hotel_127              0              0           1440
                 129      Hotel_129              0              0           1440
                 130      Hotel_130              0              0           1440
                 132      Hotel_132              0              0           1440

    #          tr_id        tr_name          nspot            seq
                  84        Tour_84              3             49             69             47
                  21        Tour_21              3            100             78             18
                  83        Tour_83              2             52             88
                  88        Tour_88              3             39             36             77

    #          gr_id        gr_size          tr_id         origin
                   0              7             84            127
                   1              7             21            129
                   2              4             83            130
                   3              7             88            132
                   4              1             83            132

    #            o/d             18             36             39             47             49             52             69             77             78             88            100            127            129            130            132
                  36             80
                  39             11             86
                  47             46            106             51
                  49             60             92             68             33
                  52             33            100             37             15             41
                  69             21             96             23             29             52             15
                  77             52             71             62             43             21             46             52
                  78             37             91             29             80             96             65             51             87
                  88             73            151             65             81            112             72             65            116             68
                 100             51            130             46             51             82             42             37             87             61             31
                 127             21             94             11             58             78             43             29             72             23             58             42
                 129             42            105             33             80            100             65             51             94             15             55             52             23
                 130             65            126             68             21             43             33             46             60             96             84             55             73             94
                 132             68            144             60             82            112             71             62            114             60             11             33             51             46             87
