    #        ngroups         ntours         nspots
                   5              4             15

    #        spot_id         n_name         length              a              b
                   8         Spot_8            120              0           1440
                  20        Spot_20            180              0           1440
                  28        Spot_28            180              0           1440
                  29        Spot_29             60              0           1440
                  63        Spot_63            120              0           1440
                  75        Spot_75            120              0           1440
                  81        Spot_81             60              0           1440
                  83        Spot_83             60              0           1440
                  90        Spot_90            180              0           1440
                  94        Spot_94            210              0           1440
                 102       Spot_102            150              0           1440
                 128      Hotel_128              0              0           1440
                 131      Hotel_131              0              0           1440
                 132      Hotel_132              0              0           1440
                 133      Hotel_133              0              0           1440

    #          tr_id        tr_name          nspot            seq
                  94        Tour_94              3             63             90             75
                  78        Tour_78              2            102              8
                  38        Tour_38              3             81             28             29
                  71        Tour_71              3             94             83             20

    #          gr_id        gr_size          tr_id         origin
                   0              8             94            133
                   1              3             78            128
                   2              4             38            132
                   3              5             71            131
                   4              8             71            133

    #            o/d              8             20             28             29             63             75             81             83             90             94            102            128            131            132            133
                  20            112
                  28            137             94
                  29             23             92            116
                  63            127             51             46            105
                  75            119            105             31            100             65
                  81             55             68            129             43            102            122
                  83            109             33             62             87             23             73             80
                  90             74            110             78             61             92             51             97             87
                  94             46             97             94             31             94             73             68             81             31
                 102            124            100             21            105             58             11            124             68             60             80
                 128             84             43            122             68             87            124             31             65            110             86            122
                 131             52            129            114             51            122             88             94            112             37             33             96            116
                 132             71            127             97             65            112             68            105            106             21             37             78            122             23
                 133            110             55             41             88             21             51             91             23             72             74             46             82            102             92
