    #        ngroups         ntours         nspots
                   5              4             13

    #        spot_id         n_name         length              a              b
                  11        Spot_11            180              0           1440
                  18        Spot_18            210              0           1440
                  25        Spot_25            180              0           1440
                  63        Spot_63            120              0           1440
                  75        Spot_75            120              0           1440
                  78        Spot_78             90              0           1440
                  90        Spot_90            180              0           1440
                 100       Spot_100             90              0           1440
                 126      Hotel_126              0              0           1440
                 127      Hotel_127              0              0           1440
                 129      Hotel_129              0              0           1440
                 130      Hotel_130              0              0           1440
                 131      Hotel_131              0              0           1440

    #          tr_id        tr_name          nspot            seq
                  70        Tour_70              1             11
                  94        Tour_94              3             63             90             75
                  21        Tour_21              3            100             78             18
                  77        Tour_77              1             25

    #          gr_id        gr_size          tr_id         origin
                   0              3             70            129
                   1              3             94            130
                   2              5             21            131
                   3              9             77            127
                   4              9             70            126

    #            o/d             11             18             25             63             75             78             90            100            126            127            129            130            131
                  18             80
                  25             23             58
                  63             41             55             23
                  75             51             61             46             65
                  78            115             37             94             91             87
                  90             97             51             82             92             51             52
                 100             84             51             71             84             37             61             15
                 126            124             52            105            106             88             23             42             55
                 127             94             21             73             74             65             23             37             42             33
                 129            116             42             96             97             82             15             41             52             11             23
                 130             31             65             29             51             21             96             68             55            101             73             94
                 131            132             72            116            122             88             51             37             51             29             52             37            105
