    #        ngroups         ntours         nspots
                   5              4             13

    #        spot_id         n_name         length              a              b
                   4         Spot_4            150              0           1440
                   7         Spot_7             60              0           1440
                  42        Spot_42             60              0           1440
                  46        Spot_46             60              0           1440
                  86        Spot_86            180              0           1440
                 113       Spot_113            210              0           1440
                 115       Spot_115            210              0           1440
                 122       Spot_122             60              0           1440
                 124      Hotel_124              0              0           1440
                 128      Hotel_128              0              0           1440
                 130      Hotel_130              0              0           1440
                 131      Hotel_131              0              0           1440
                 132      Hotel_132              0              0           1440

    #          tr_id        tr_name          nspot            seq
                  31        Tour_31              3             86              4              7
                  48        Tour_48              3            122             86             42
                  57        Tour_57              2             46            115
                  73        Tour_73              2             46            113

    #          gr_id        gr_size          tr_id         origin
                   0              5             31            128
                   1              7             48            132
                   2              5             57            130
                   3              8             73            124
                   4              7             57            131

    #            o/d              4              7             42             46             86            113            115            122            124            128            130            131            132
                   7             46
                  42            114             68
                  46             84             41             37
                  86             61             58            102             91
                 113            105             60             11             33             92
                 115            124             91             74             58            146             78
                 122             23             31             97             71             42             87            119
                 124             61             29             65             29             86             60             65             55
                 128             60             72            124             88            116            119             97             74             60
                 130             78             52             74             72             33             65            129             55             78            122
                 131            124             81             37             41            129             43             41            112             65            116            105
                 132            119             74             15             37            114             23             62            104             65            122             87             23
