    #        ngroups         ntours         nspots
                   5              4             14

    #        spot_id         n_name         length              a              b
                  13        Spot_13            120              0           1440
                  21        Spot_21            180              0           1440
                  45        Spot_45            120              0           1440
                  58        Spot_58            180              0           1440
                  67        Spot_67             60              0           1440
                  69        Spot_69            120              0           1440
                  82        Spot_82            150              0           1440
                 100       Spot_100             90              0           1440
                 117       Spot_117             60              0           1440
                 125      Hotel_125              0              0           1440
                 126      Hotel_126              0              0           1440
                 129      Hotel_129              0              0           1440
                 131      Hotel_131              0              0           1440
                 133      Hotel_133              0              0           1440

    #          tr_id        tr_name          nspot            seq
                  32        Tour_32              2             45             67
                  25        Tour_25              2             58             21
                  56        Tour_56              2            117             13
                  54        Tour_54              3             69            100             82

    #          gr_id        gr_size          tr_id         origin
                   0              8             32            133
                   1              3             25            126
                   2              6             56            125
                   3              5             54            131
                   4              3             25            129

    #            o/d             13             21             45             58             67             69             82            100            117            125            126            129            131            133
                  21             46
                  45             37             55
                  58             73            119             82
                  67            102            119            138            122
                  69             11             55             43             65             96
                  82             72             72            106            123             52             71
                 100             46             91             62             29            104             37             97
                 117            115            136            151            124             21            108             72            109
                 125             51             96             61             23            114             43            106             11            119
                 126             68            102            102             71             51             60             65             55             55             65
                 129             60             92             94             72             52             51             58             52             60             62             11
                 131             82            122            109             55             74             72             94             51             71             58             29             37
                 133             21             29             31             91            115             31             78             65            130             68             87             78            102
