96
1
EMPL 50
1 24 52 
5 0 1 3 5 9 
1 24 52 
5 0 2 3 4 5 
1 24 52 
5 0 2 3 4 5 
1 24 52 
5 0 1 2 3 4 
1 24 52 
5 0 3 4 5 6 
1 24 52 
5 0 1 3 6 7 
1 24 52 
5 0 1 2 3 6 
1 24 52 
5 0 1 2 3 4 
1 24 52 
5 0 1 2 3 8 
1 24 52 
5 0 1 2 3 6 
1 24 52 
5 0 1 3 4 9 
1 24 52 
5 0 1 2 3 9 
1 24 52 
5 0 1 2 3 6 
1 24 52 
5 0 1 2 3 7 
1 24 52 
5 0 1 3 4 5 
1 24 52 
5 0 1 2 3 8 
1 24 52 
5 0 1 2 4 7 
1 24 52 
5 0 1 3 5 6 
1 24 52 
5 0 1 2 3 4 
1 24 52 
5 0 1 3 4 9 
1 24 52 
5 0 1 2 3 4 
1 24 52 
5 0 1 2 3 5 
1 24 52 
5 0 1 2 6 8 
1 24 52 
5 0 2 3 6 7 
1 24 52 
5 0 1 3 8 9 
1 24 52 
5 0 1 2 3 4 
1 24 52 
5 0 1 2 3 9 
1 24 52 
5 0 1 2 3 5 
1 24 52 
5 0 1 2 3 6 
1 24 52 
5 0 1 2 3 5 
1 24 52 
5 0 1 2 3 5 
1 24 52 
5 0 1 3 5 9 
1 24 52 
5 0 1 2 3 5 
1 24 52 
5 0 1 2 3 5 
1 24 52 
5 0 1 2 5 7 
1 24 52 
5 0 1 3 5 6 
1 24 52 
5 0 1 2 3 4 
1 24 52 
5 0 1 2 3 5 
1 24 52 
5 0 1 2 3 6 
1 24 52 
5 0 1 5 7 8 
1 24 52 
5 0 1 2 3 4 
1 24 52 
5 0 1 2 3 7 
1 24 52 
5 0 2 3 5 6 
1 24 52 
5 0 1 2 3 7 
1 24 52 
5 0 1 2 3 9 
1 24 52 
5 0 1 2 3 4 
1 24 52 
5 0 1 2 3 8 
1 24 52 
5 0 1 2 3 7 
1 24 52 
5 0 1 2 3 7 
1 24 52 
5 0 2 3 7 9 
ACT 5
2 16
0 0 0 0 0 0 0 0 0 0 0 0 0 0 0 0 0 0 0 0 0 0 0 0 0 4 5 6 7 10 10 8 9 8 8 11 11 15 16 16 14 11 10 12 11 11 13 16 15 19 19 17 17 16 15 16 17 18 17 18 17 12 11 10 8 5 6 6 5 1 0 0 0 0 0 0 0 0 0 0 0 0 0 0 0 0 0 0 0 0 0 0 0 0 0 0 
10 10 10 10 10 10 10 10 10 10 10 10 10 10 10 10 10 10 10 10 10 10 10 10 10 10 10 10 10 10 10 10 10 10 10 10 10 10 10 10 10 10 10 10 10 10 10 10 10 10 10 10 10 10 10 10 10 10 10 10 10 10 10 10 10 10 10 10 10 10 10 10 10 10 10 10 10 10 10 10 10 10 10 10 10 10 10 10 10 10 10 10 10 10 10 10 
100 100 100 100 100 100 100 100 100 100 100 100 100 100 100 100 100 100 100 100 100 100 100 100 100 100 100 100 100 100 100 100 100 100 100 100 100 100 100 100 100 100 100 100 100 100 100 100 100 100 100 100 100 100 100 100 100 100 100 100 100 100 100 100 100 100 100 100 100 100 100 100 100 100 100 100 100 100 100 100 100 100 100 100 100 100 100 100 100 100 100 100 100 100 100 100 
2 16
0 0 0 0 0 0 0 0 0 0 0 0 0 0 0 0 0 0 0 0 0 0 0 0 0 1 2 3 4 5 4 5 4 5 5 7 8 6 6 10 8 7 5 5 5 4 4 6 7 5 4 7 7 6 5 4 4 5 8 8 11 13 12 12 10 6 4 4 1 3 3 2 1 1 0 0 0 0 0 0 0 0 0 0 0 0 0 0 0 0 0 0 0 0 0 0 
10 10 10 10 10 10 10 10 10 10 10 10 10 10 10 10 10 10 10 10 10 10 10 10 10 10 10 10 10 10 10 10 10 10 10 10 10 10 10 10 10 10 10 10 10 10 10 10 10 10 10 10 10 10 10 10 10 10 10 10 10 10 10 10 10 10 10 10 10 10 10 10 10 10 10 10 10 10 10 10 10 10 10 10 10 10 10 10 10 10 10 10 10 10 10 10 
100 100 100 100 100 100 100 100 100 100 100 100 100 100 100 100 100 100 100 100 100 100 100 100 100 100 100 100 100 100 100 100 100 100 100 100 100 100 100 100 100 100 100 100 100 100 100 100 100 100 100 100 100 100 100 100 100 100 100 100 100 100 100 100 100 100 100 100 100 100 100 100 100 100 100 100 100 100 100 100 100 100 100 100 100 100 100 100 100 100 100 100 100 100 100 100 
2 16
0 0 0 0 0 0 0 0 0 0 0 0 0 0 0 0 0 0 0 0 0 0 0 0 1 2 3 4 5 8 8 7 7 8 9 9 10 9 9 9 9 10 11 11 9 6 5 4 5 5 4 2 3 5 7 7 7 6 9 11 12 9 8 4 4 3 3 4 2 2 2 2 3 2 0 0 0 0 0 0 0 0 0 0 0 0 0 0 0 0 0 0 0 0 0 0 
10 10 10 10 10 10 10 10 10 10 10 10 10 10 10 10 10 10 10 10 10 10 10 10 10 10 10 10 10 10 10 10 10 10 10 10 10 10 10 10 10 10 10 10 10 10 10 10 10 10 10 10 10 10 10 10 10 10 10 10 10 10 10 10 10 10 10 10 10 10 10 10 10 10 10 10 10 10 10 10 10 10 10 10 10 10 10 10 10 10 10 10 10 10 10 10 
100 100 100 100 100 100 100 100 100 100 100 100 100 100 100 100 100 100 100 100 100 100 100 100 100 100 100 100 100 100 100 100 100 100 100 100 100 100 100 100 100 100 100 100 100 100 100 100 100 100 100 100 100 100 100 100 100 100 100 100 100 100 100 100 100 100 100 100 100 100 100 100 100 100 100 100 100 100 100 100 100 100 100 100 100 100 100 100 100 100 100 100 100 100 100 100 
2 16
0 0 0 0 0 0 0 0 0 0 0 0 0 0 0 0 0 0 0 0 0 0 0 0 0 1 2 3 4 5 5 7 11 13 13 11 12 13 14 14 14 11 10 5 5 10 12 10 11 12 12 12 11 10 9 12 13 16 14 12 9 7 5 5 5 8 9 7 9 8 7 6 4 1 1 0 0 0 0 0 0 0 0 0 0 0 0 0 0 0 0 0 0 0 0 0 
10 10 10 10 10 10 10 10 10 10 10 10 10 10 10 10 10 10 10 10 10 10 10 10 10 10 10 10 10 10 10 10 10 10 10 10 10 10 10 10 10 10 10 10 10 10 10 10 10 10 10 10 10 10 10 10 10 10 10 10 10 10 10 10 10 10 10 10 10 10 10 10 10 10 10 10 10 10 10 10 10 10 10 10 10 10 10 10 10 10 10 10 10 10 10 10 
100 100 100 100 100 100 100 100 100 100 100 100 100 100 100 100 100 100 100 100 100 100 100 100 100 100 100 100 100 100 100 100 100 100 100 100 100 100 100 100 100 100 100 100 100 100 100 100 100 100 100 100 100 100 100 100 100 100 100 100 100 100 100 100 100 100 100 100 100 100 100 100 100 100 100 100 100 100 100 100 100 100 100 100 100 100 100 100 100 100 100 100 100 100 100 100 
2 16
0 0 0 0 0 0 0 0 0 0 0 0 0 0 0 0 0 0 0 0 0 0 0 0 0 0 0 0 0 0 0 0 0 0 0 0 0 1 1 1 1 0 0 0 0 0 0 0 0 0 0 0 0 0 0 0 0 0 0 0 0 0 0 2 2 0 0 0 0 0 0 0 0 0 0 0 0 0 0 0 0 0 0 0 0 0 0 0 0 0 0 0 0 0 0 0 
10 10 10 10 10 10 10 10 10 10 10 10 10 10 10 10 10 10 10 10 10 10 10 10 10 10 10 10 10 10 10 10 10 10 10 10 10 10 10 10 10 10 10 10 10 10 10 10 10 10 10 10 10 10 10 10 10 10 10 10 10 10 10 10 10 10 10 10 10 10 10 10 10 10 10 10 10 10 10 10 10 10 10 10 10 10 10 10 10 10 10 10 10 10 10 10 
100 100 100 100 100 100 100 100 100 100 100 100 100 100 100 100 100 100 100 100 100 100 100 100 100 100 100 100 100 100 100 100 100 100 100 100 100 100 100 100 100 100 100 100 100 100 100 100 100 100 100 100 100 100 100 100 100 100 100 100 100 100 100 100 100 100 100 100 100 100 100 100 100 100 100 100 100 100 100 100 100 100 100 100 100 100 100 100 100 100 100 100 100 100 100 100 
TASK 5
8 80 800
46 27
1 8 
10 100 1000
16 66
1 5 
8 80 800
45 20
1 9 
12 120 1200
3 93
0 
11 110 1100
13 83
0 
