96
1
EMPL 50
1 24 52 
5 0 1 2 3 9 
1 24 52 
5 0 1 2 6 8 
1 24 52 
5 0 1 2 3 6 
1 24 52 
5 0 1 2 3 7 
1 24 52 
5 0 1 2 3 6 
1 24 52 
5 0 1 2 3 6 
1 24 52 
5 0 1 2 4 9 
1 24 52 
5 0 1 2 3 9 
1 24 52 
5 0 1 3 8 9 
1 24 52 
5 0 1 2 3 8 
1 24 52 
5 0 1 2 3 5 
1 24 52 
5 0 1 2 3 4 
1 24 52 
5 0 1 2 3 4 
1 24 52 
5 0 1 2 3 6 
1 24 52 
5 0 1 2 3 9 
1 24 52 
5 0 1 2 3 9 
1 24 52 
5 0 1 2 5 7 
1 24 52 
5 0 1 3 5 8 
1 24 52 
5 0 1 2 3 7 
1 24 52 
5 0 1 2 3 7 
1 24 52 
5 0 1 2 3 6 
1 24 52 
5 1 2 3 8 9 
1 24 52 
5 0 1 2 3 5 
1 24 52 
5 0 1 2 3 7 
1 24 52 
5 0 1 2 3 6 
1 24 52 
5 0 2 4 7 9 
1 24 52 
5 0 1 2 3 8 
1 24 52 
5 0 1 2 3 4 
1 24 52 
5 0 1 2 3 5 
1 24 52 
5 0 1 2 3 7 
1 24 52 
5 0 1 2 7 9 
1 24 52 
5 0 1 2 5 9 
1 24 52 
5 0 1 2 3 6 
1 24 52 
5 0 1 2 3 8 
1 24 52 
5 0 2 3 7 8 
1 24 52 
5 0 1 2 3 5 
1 24 52 
5 0 1 2 3 7 
1 24 52 
5 0 1 2 3 4 
1 24 52 
5 0 1 2 3 4 
1 24 52 
5 0 1 2 3 7 
1 24 52 
5 0 1 2 3 4 
1 24 52 
5 0 1 2 3 6 
1 24 52 
5 0 1 2 3 5 
1 24 52 
5 1 2 3 4 9 
1 24 52 
5 0 1 2 3 5 
1 24 52 
6 0 1 2 3 4 7 
1 24 52 
5 0 1 2 3 6 
1 24 52 
5 0 1 3 5 8 
1 24 52 
5 0 1 3 5 8 
1 24 52 
5 1 3 4 6 9 
ACT 5
2 16
0 0 0 0 0 0 0 0 0 0 0 0 0 0 0 0 0 0 0 0 0 0 0 0 1 2 3 6 8 8 11 14 15 15 15 15 17 12 16 17 18 14 12 9 6 5 6 9 8 11 10 13 13 12 11 12 12 12 13 16 14 14 12 10 9 6 6 3 2 3 3 5 4 2 0 0 0 0 0 0 0 0 0 0 0 0 0 0 0 0 0 0 0 0 0 0 
10 10 10 10 10 10 10 10 10 10 10 10 10 10 10 10 10 10 10 10 10 10 10 10 10 10 10 10 10 10 10 10 10 10 10 10 10 10 10 10 10 10 10 10 10 10 10 10 10 10 10 10 10 10 10 10 10 10 10 10 10 10 10 10 10 10 10 10 10 10 10 10 10 10 10 10 10 10 10 10 10 10 10 10 10 10 10 10 10 10 10 10 10 10 10 10 
100 100 100 100 100 100 100 100 100 100 100 100 100 100 100 100 100 100 100 100 100 100 100 100 100 100 100 100 100 100 100 100 100 100 100 100 100 100 100 100 100 100 100 100 100 100 100 100 100 100 100 100 100 100 100 100 100 100 100 100 100 100 100 100 100 100 100 100 100 100 100 100 100 100 100 100 100 100 100 100 100 100 100 100 100 100 100 100 100 100 100 100 100 100 100 100 
2 16
0 0 0 0 0 0 0 0 0 0 0 0 0 0 0 0 0 0 0 0 0 0 0 0 0 1 3 4 4 3 3 5 6 6 5 5 5 9 10 10 11 8 5 7 6 6 8 7 6 6 6 7 9 9 8 9 9 11 13 13 12 11 9 8 11 12 9 7 3 3 4 2 1 0 0 0 0 0 0 0 0 0 0 0 0 0 0 0 0 0 0 0 0 0 0 0 
10 10 10 10 10 10 10 10 10 10 10 10 10 10 10 10 10 10 10 10 10 10 10 10 10 10 10 10 10 10 10 10 10 10 10 10 10 10 10 10 10 10 10 10 10 10 10 10 10 10 10 10 10 10 10 10 10 10 10 10 10 10 10 10 10 10 10 10 10 10 10 10 10 10 10 10 10 10 10 10 10 10 10 10 10 10 10 10 10 10 10 10 10 10 10 10 
100 100 100 100 100 100 100 100 100 100 100 100 100 100 100 100 100 100 100 100 100 100 100 100 100 100 100 100 100 100 100 100 100 100 100 100 100 100 100 100 100 100 100 100 100 100 100 100 100 100 100 100 100 100 100 100 100 100 100 100 100 100 100 100 100 100 100 100 100 100 100 100 100 100 100 100 100 100 100 100 100 100 100 100 100 100 100 100 100 100 100 100 100 100 100 100 
2 16
0 0 0 0 0 0 0 0 0 0 0 0 0 0 0 0 0 0 0 0 0 0 0 0 0 0 0 0 0 1 3 3 5 6 8 10 11 13 13 13 10 14 14 12 12 13 10 9 9 7 7 8 7 7 8 8 10 11 12 15 15 12 11 9 6 8 8 4 5 4 4 3 2 3 2 0 0 0 0 0 0 0 0 0 0 0 0 0 0 0 0 0 0 0 0 0 
10 10 10 10 10 10 10 10 10 10 10 10 10 10 10 10 10 10 10 10 10 10 10 10 10 10 10 10 10 10 10 10 10 10 10 10 10 10 10 10 10 10 10 10 10 10 10 10 10 10 10 10 10 10 10 10 10 10 10 10 10 10 10 10 10 10 10 10 10 10 10 10 10 10 10 10 10 10 10 10 10 10 10 10 10 10 10 10 10 10 10 10 10 10 10 10 
100 100 100 100 100 100 100 100 100 100 100 100 100 100 100 100 100 100 100 100 100 100 100 100 100 100 100 100 100 100 100 100 100 100 100 100 100 100 100 100 100 100 100 100 100 100 100 100 100 100 100 100 100 100 100 100 100 100 100 100 100 100 100 100 100 100 100 100 100 100 100 100 100 100 100 100 100 100 100 100 100 100 100 100 100 100 100 100 100 100 100 100 100 100 100 100 
2 16
0 0 0 0 0 0 0 0 0 0 0 0 0 0 0 0 0 0 0 0 0 0 0 0 1 2 3 3 4 5 5 7 7 6 7 9 8 6 5 8 9 7 10 8 10 12 11 7 6 6 12 14 14 14 12 9 9 7 7 5 4 7 8 9 8 7 4 4 6 5 2 1 2 3 2 0 0 0 0 0 0 0 0 0 0 0 0 0 0 0 0 0 0 0 0 0 
10 10 10 10 10 10 10 10 10 10 10 10 10 10 10 10 10 10 10 10 10 10 10 10 10 10 10 10 10 10 10 10 10 10 10 10 10 10 10 10 10 10 10 10 10 10 10 10 10 10 10 10 10 10 10 10 10 10 10 10 10 10 10 10 10 10 10 10 10 10 10 10 10 10 10 10 10 10 10 10 10 10 10 10 10 10 10 10 10 10 10 10 10 10 10 10 
100 100 100 100 100 100 100 100 100 100 100 100 100 100 100 100 100 100 100 100 100 100 100 100 100 100 100 100 100 100 100 100 100 100 100 100 100 100 100 100 100 100 100 100 100 100 100 100 100 100 100 100 100 100 100 100 100 100 100 100 100 100 100 100 100 100 100 100 100 100 100 100 100 100 100 100 100 100 100 100 100 100 100 100 100 100 100 100 100 100 100 100 100 100 100 100 
2 16
0 0 0 0 0 0 0 0 0 0 0 0 0 0 0 0 0 0 0 0 0 0 0 0 0 0 0 0 0 0 0 0 0 0 1 0 0 0 0 0 0 0 0 0 0 1 1 1 0 1 1 0 0 0 0 0 0 0 0 0 0 0 0 0 0 0 1 1 0 1 1 0 0 0 0 0 0 0 0 0 0 0 0 0 0 0 0 0 0 0 0 0 0 0 0 0 
10 10 10 10 10 10 10 10 10 10 10 10 10 10 10 10 10 10 10 10 10 10 10 10 10 10 10 10 10 10 10 10 10 10 10 10 10 10 10 10 10 10 10 10 10 10 10 10 10 10 10 10 10 10 10 10 10 10 10 10 10 10 10 10 10 10 10 10 10 10 10 10 10 10 10 10 10 10 10 10 10 10 10 10 10 10 10 10 10 10 10 10 10 10 10 10 
100 100 100 100 100 100 100 100 100 100 100 100 100 100 100 100 100 100 100 100 100 100 100 100 100 100 100 100 100 100 100 100 100 100 100 100 100 100 100 100 100 100 100 100 100 100 100 100 100 100 100 100 100 100 100 100 100 100 100 100 100 100 100 100 100 100 100 100 100 100 100 100 100 100 100 100 100 100 100 100 100 100 100 100 100 100 100 100 100 100 100 100 100 100 100 100 
TASK 5
6 60 600
4 83
1 6 
10 100 1000
32 64
0 
5 50 500
16 80
1 9 
4 40 400
9 77
1 9 
8 80 800
14 82
0 
