96
1
EMPL 50
1 24 52 
5 0 1 2 3 5 
1 24 52 
5 0 1 2 3 7 
1 24 52 
5 0 1 2 6 8 
1 24 52 
5 0 1 3 6 8 
1 24 52 
5 0 1 2 3 9 
1 24 52 
5 0 1 2 3 8 
1 24 52 
5 0 2 3 4 7 
1 24 52 
5 0 1 3 6 8 
1 24 52 
5 0 1 2 3 5 
1 24 52 
5 0 1 2 3 5 
1 24 52 
5 0 1 2 3 5 
1 24 52 
5 0 4 5 6 9 
1 24 52 
5 0 1 3 5 8 
1 24 52 
5 0 1 2 3 7 
1 24 52 
5 0 1 2 3 6 
1 24 52 
5 0 1 2 3 7 
1 24 52 
5 0 1 3 5 6 
1 24 52 
5 0 2 3 8 9 
1 24 52 
5 0 1 2 3 7 
1 24 52 
5 0 1 2 3 5 
1 24 52 
5 0 2 3 4 5 
1 24 52 
5 0 1 2 3 5 
1 24 52 
5 0 1 2 5 9 
1 24 52 
5 0 1 3 7 9 
1 24 52 
5 0 1 2 3 6 
1 24 52 
5 1 2 3 5 6 
1 24 52 
5 0 1 3 4 6 
1 24 52 
5 0 1 2 3 6 
1 24 52 
5 0 1 3 4 9 
1 24 52 
5 0 2 3 7 9 
1 24 52 
5 0 1 2 3 4 
1 24 52 
5 0 1 2 3 6 
1 24 52 
5 0 1 2 3 4 
1 24 52 
5 0 1 3 6 9 
1 24 52 
5 0 1 2 3 7 
1 24 52 
5 0 1 3 8 9 
1 24 52 
5 0 1 2 3 7 
1 24 52 
5 0 1 2 3 8 
1 24 52 
5 0 1 2 3 5 
1 24 52 
7 0 1 2 3 4 8 9 
1 24 52 
5 0 1 2 4 8 
1 24 52 
5 0 1 2 3 6 
1 24 52 
5 0 1 2 3 6 
1 24 52 
5 0 1 2 3 5 
1 24 52 
5 0 1 2 3 8 
1 24 52 
5 0 1 2 3 5 
1 24 52 
5 0 1 2 6 8 
1 24 52 
5 0 1 2 3 6 
1 24 52 
5 0 1 2 3 4 
1 24 52 
5 0 1 2 3 4 
ACT 5
2 16
0 0 0 0 0 0 0 0 0 0 0 0 0 0 0 0 0 0 0 0 0 0 0 0 1 1 6 6 6 5 6 8 8 9 10 10 12 10 11 12 13 12 11 12 14 14 17 15 15 18 18 20 17 16 14 14 16 18 20 17 17 16 17 13 13 12 12 10 10 7 6 2 2 2 0 0 0 0 0 0 0 0 0 0 0 0 0 0 0 0 0 0 0 0 0 0 
10 10 10 10 10 10 10 10 10 10 10 10 10 10 10 10 10 10 10 10 10 10 10 10 10 10 10 10 10 10 10 10 10 10 10 10 10 10 10 10 10 10 10 10 10 10 10 10 10 10 10 10 10 10 10 10 10 10 10 10 10 10 10 10 10 10 10 10 10 10 10 10 10 10 10 10 10 10 10 10 10 10 10 10 10 10 10 10 10 10 10 10 10 10 10 10 
100 100 100 100 100 100 100 100 100 100 100 100 100 100 100 100 100 100 100 100 100 100 100 100 100 100 100 100 100 100 100 100 100 100 100 100 100 100 100 100 100 100 100 100 100 100 100 100 100 100 100 100 100 100 100 100 100 100 100 100 100 100 100 100 100 100 100 100 100 100 100 100 100 100 100 100 100 100 100 100 100 100 100 100 100 100 100 100 100 100 100 100 100 100 100 100 
2 16
0 0 0 0 0 0 0 0 0 0 0 0 0 0 0 0 0 0 0 0 0 0 0 0 0 0 1 1 2 4 4 5 5 6 6 7 6 5 6 7 10 10 7 8 11 9 7 7 5 4 6 11 11 8 5 5 7 6 5 9 9 9 9 10 10 11 9 10 6 4 5 5 3 1 0 0 0 0 0 0 0 0 0 0 0 0 0 0 0 0 0 0 0 0 0 0 
10 10 10 10 10 10 10 10 10 10 10 10 10 10 10 10 10 10 10 10 10 10 10 10 10 10 10 10 10 10 10 10 10 10 10 10 10 10 10 10 10 10 10 10 10 10 10 10 10 10 10 10 10 10 10 10 10 10 10 10 10 10 10 10 10 10 10 10 10 10 10 10 10 10 10 10 10 10 10 10 10 10 10 10 10 10 10 10 10 10 10 10 10 10 10 10 
100 100 100 100 100 100 100 100 100 100 100 100 100 100 100 100 100 100 100 100 100 100 100 100 100 100 100 100 100 100 100 100 100 100 100 100 100 100 100 100 100 100 100 100 100 100 100 100 100 100 100 100 100 100 100 100 100 100 100 100 100 100 100 100 100 100 100 100 100 100 100 100 100 100 100 100 100 100 100 100 100 100 100 100 100 100 100 100 100 100 100 100 100 100 100 100 
2 16
0 0 0 0 0 0 0 0 0 0 0 0 0 0 0 0 0 0 0 0 0 0 0 0 1 1 1 1 2 2 2 2 2 2 3 4 7 9 8 8 6 7 8 8 9 6 9 10 8 8 7 4 3 4 5 6 8 9 9 9 9 10 6 6 7 7 7 6 5 7 7 6 2 1 0 0 0 0 0 0 0 0 0 0 0 0 0 0 0 0 0 0 0 0 0 0 
10 10 10 10 10 10 10 10 10 10 10 10 10 10 10 10 10 10 10 10 10 10 10 10 10 10 10 10 10 10 10 10 10 10 10 10 10 10 10 10 10 10 10 10 10 10 10 10 10 10 10 10 10 10 10 10 10 10 10 10 10 10 10 10 10 10 10 10 10 10 10 10 10 10 10 10 10 10 10 10 10 10 10 10 10 10 10 10 10 10 10 10 10 10 10 10 
100 100 100 100 100 100 100 100 100 100 100 100 100 100 100 100 100 100 100 100 100 100 100 100 100 100 100 100 100 100 100 100 100 100 100 100 100 100 100 100 100 100 100 100 100 100 100 100 100 100 100 100 100 100 100 100 100 100 100 100 100 100 100 100 100 100 100 100 100 100 100 100 100 100 100 100 100 100 100 100 100 100 100 100 100 100 100 100 100 100 100 100 100 100 100 100 
2 16
0 0 0 0 0 0 0 0 0 0 0 0 0 0 0 0 0 0 0 0 0 0 0 0 1 1 1 1 1 3 4 5 8 9 7 9 12 16 20 21 16 15 14 11 7 8 8 8 8 6 6 4 5 6 6 6 8 9 13 14 10 10 9 12 10 5 5 3 3 5 3 3 4 3 2 0 0 0 0 0 0 0 0 0 0 0 0 0 0 0 0 0 0 0 0 0 
10 10 10 10 10 10 10 10 10 10 10 10 10 10 10 10 10 10 10 10 10 10 10 10 10 10 10 10 10 10 10 10 10 10 10 10 10 10 10 10 10 10 10 10 10 10 10 10 10 10 10 10 10 10 10 10 10 10 10 10 10 10 10 10 10 10 10 10 10 10 10 10 10 10 10 10 10 10 10 10 10 10 10 10 10 10 10 10 10 10 10 10 10 10 10 10 
100 100 100 100 100 100 100 100 100 100 100 100 100 100 100 100 100 100 100 100 100 100 100 100 100 100 100 100 100 100 100 100 100 100 100 100 100 100 100 100 100 100 100 100 100 100 100 100 100 100 100 100 100 100 100 100 100 100 100 100 100 100 100 100 100 100 100 100 100 100 100 100 100 100 100 100 100 100 100 100 100 100 100 100 100 100 100 100 100 100 100 100 100 100 100 100 
2 16
0 0 0 0 0 0 0 0 0 0 0 0 0 0 0 0 0 0 0 0 0 0 0 0 0 0 0 0 0 0 0 0 0 0 0 0 0 0 0 0 0 0 0 0 0 0 0 0 0 0 2 0 0 0 0 0 1 0 0 0 1 2 0 0 0 0 0 0 0 0 1 0 0 0 0 0 0 0 0 0 0 0 0 0 0 0 0 0 0 0 0 0 0 0 0 0 
10 10 10 10 10 10 10 10 10 10 10 10 10 10 10 10 10 10 10 10 10 10 10 10 10 10 10 10 10 10 10 10 10 10 10 10 10 10 10 10 10 10 10 10 10 10 10 10 10 10 10 10 10 10 10 10 10 10 10 10 10 10 10 10 10 10 10 10 10 10 10 10 10 10 10 10 10 10 10 10 10 10 10 10 10 10 10 10 10 10 10 10 10 10 10 10 
100 100 100 100 100 100 100 100 100 100 100 100 100 100 100 100 100 100 100 100 100 100 100 100 100 100 100 100 100 100 100 100 100 100 100 100 100 100 100 100 100 100 100 100 100 100 100 100 100 100 100 100 100 100 100 100 100 100 100 100 100 100 100 100 100 100 100 100 100 100 100 100 100 100 100 100 100 100 100 100 100 100 100 100 100 100 100 100 100 100 100 100 100 100 100 100 
TASK 5
10 100 1000
36 23
0 
8 80 800
14 71
0 
8 80 800
13 83
0 
4 40 400
2 86
0 
7 70 700
42 54
1 5 
