96
1
EMPL 50
1 24 52 
5 0 1 2 3 4 
1 24 52 
5 0 1 2 3 5 
1 24 52 
5 0 2 3 6 8 
1 24 52 
5 0 1 2 3 4 
1 24 52 
5 0 1 3 6 9 
1 24 52 
5 0 2 3 7 8 
1 24 52 
5 0 1 2 3 6 
1 24 52 
5 0 1 2 3 8 
1 24 52 
5 0 1 2 3 5 
1 24 52 
5 0 1 2 3 5 
1 24 52 
5 0 1 2 3 6 
1 24 52 
5 0 1 2 3 4 
1 24 52 
5 0 1 3 4 7 
1 24 52 
5 0 1 2 3 7 
1 24 52 
5 0 1 2 3 9 
1 24 52 
5 0 3 6 7 8 
1 24 52 
5 0 1 2 3 6 
1 24 52 
5 0 1 2 3 7 
1 24 52 
5 0 1 2 7 8 
1 24 52 
5 0 1 2 3 6 
1 24 52 
5 0 1 2 3 6 
1 24 52 
5 0 2 3 8 9 
1 24 52 
5 0 1 2 3 6 
1 24 52 
5 0 1 2 3 7 
1 24 52 
5 0 1 2 3 8 
1 24 52 
5 0 1 2 4 7 
1 24 52 
5 0 1 2 7 9 
1 24 52 
5 0 1 2 3 6 
1 24 52 
5 0 1 2 3 4 
1 24 52 
5 0 1 2 6 7 
1 24 52 
5 0 1 3 5 9 
1 24 52 
5 0 1 2 3 5 
1 24 52 
5 0 1 2 3 4 
1 24 52 
5 0 1 2 3 4 
1 24 52 
5 0 1 2 3 9 
1 24 52 
5 0 1 2 3 5 
1 24 52 
5 0 1 2 3 4 
1 24 52 
5 0 1 2 3 4 
1 24 52 
5 0 1 2 3 7 
1 24 52 
5 0 1 2 3 8 
1 24 52 
5 0 1 2 3 5 
1 24 52 
5 0 1 2 3 9 
1 24 52 
5 0 1 2 6 7 
1 24 52 
5 0 1 3 5 6 
1 24 52 
5 0 1 2 4 5 
1 24 52 
5 0 1 2 3 9 
1 24 52 
5 0 1 2 3 4 
1 24 52 
5 0 1 2 3 4 
1 24 52 
5 0 1 2 3 6 
1 24 52 
5 0 1 3 5 6 
ACT 5
2 16
0 0 0 0 0 0 0 0 0 0 0 0 0 0 0 0 0 0 0 0 0 0 0 0 2 4 5 5 6 9 9 8 8 11 12 14 9 11 10 11 10 14 9 8 10 10 9 8 7 7 8 10 14 15 17 15 15 18 19 20 16 10 7 8 5 6 5 2 3 3 2 2 0 1 1 0 0 0 0 0 0 0 0 0 0 0 0 0 0 0 0 0 0 0 0 0 
10 10 10 10 10 10 10 10 10 10 10 10 10 10 10 10 10 10 10 10 10 10 10 10 10 10 10 10 10 10 10 10 10 10 10 10 10 10 10 10 10 10 10 10 10 10 10 10 10 10 10 10 10 10 10 10 10 10 10 10 10 10 10 10 10 10 10 10 10 10 10 10 10 10 10 10 10 10 10 10 10 10 10 10 10 10 10 10 10 10 10 10 10 10 10 10 
100 100 100 100 100 100 100 100 100 100 100 100 100 100 100 100 100 100 100 100 100 100 100 100 100 100 100 100 100 100 100 100 100 100 100 100 100 100 100 100 100 100 100 100 100 100 100 100 100 100 100 100 100 100 100 100 100 100 100 100 100 100 100 100 100 100 100 100 100 100 100 100 100 100 100 100 100 100 100 100 100 100 100 100 100 100 100 100 100 100 100 100 100 100 100 100 
2 16
0 0 0 0 0 0 0 0 0 0 0 0 0 0 0 0 0 0 0 0 0 0 0 0 0 1 5 5 7 6 6 7 7 8 9 8 13 15 16 18 14 16 19 15 13 9 9 11 9 7 7 6 5 7 6 8 9 9 11 12 12 15 12 10 9 7 6 8 6 4 3 3 4 3 3 0 0 0 0 0 0 0 0 0 0 0 0 0 0 0 0 0 0 0 0 0 
10 10 10 10 10 10 10 10 10 10 10 10 10 10 10 10 10 10 10 10 10 10 10 10 10 10 10 10 10 10 10 10 10 10 10 10 10 10 10 10 10 10 10 10 10 10 10 10 10 10 10 10 10 10 10 10 10 10 10 10 10 10 10 10 10 10 10 10 10 10 10 10 10 10 10 10 10 10 10 10 10 10 10 10 10 10 10 10 10 10 10 10 10 10 10 10 
100 100 100 100 100 100 100 100 100 100 100 100 100 100 100 100 100 100 100 100 100 100 100 100 100 100 100 100 100 100 100 100 100 100 100 100 100 100 100 100 100 100 100 100 100 100 100 100 100 100 100 100 100 100 100 100 100 100 100 100 100 100 100 100 100 100 100 100 100 100 100 100 100 100 100 100 100 100 100 100 100 100 100 100 100 100 100 100 100 100 100 100 100 100 100 100 
2 16
0 0 0 0 0 0 0 0 0 0 0 0 0 0 0 0 0 0 0 0 0 0 0 0 1 1 2 3 4 6 6 8 8 8 9 9 11 9 9 10 10 6 5 7 6 8 9 9 11 11 11 10 9 8 8 6 7 5 5 7 6 7 7 5 4 5 5 8 7 6 4 3 1 1 0 0 0 0 0 0 0 0 0 0 0 0 0 0 0 0 0 0 0 0 0 0 
10 10 10 10 10 10 10 10 10 10 10 10 10 10 10 10 10 10 10 10 10 10 10 10 10 10 10 10 10 10 10 10 10 10 10 10 10 10 10 10 10 10 10 10 10 10 10 10 10 10 10 10 10 10 10 10 10 10 10 10 10 10 10 10 10 10 10 10 10 10 10 10 10 10 10 10 10 10 10 10 10 10 10 10 10 10 10 10 10 10 10 10 10 10 10 10 
100 100 100 100 100 100 100 100 100 100 100 100 100 100 100 100 100 100 100 100 100 100 100 100 100 100 100 100 100 100 100 100 100 100 100 100 100 100 100 100 100 100 100 100 100 100 100 100 100 100 100 100 100 100 100 100 100 100 100 100 100 100 100 100 100 100 100 100 100 100 100 100 100 100 100 100 100 100 100 100 100 100 100 100 100 100 100 100 100 100 100 100 100 100 100 100 
2 16
0 0 0 0 0 0 0 0 0 0 0 0 0 0 0 0 0 0 0 0 0 0 0 0 1 1 1 2 2 1 1 1 6 5 6 7 7 7 7 8 8 5 3 4 5 8 12 12 11 9 9 8 8 8 9 8 10 10 10 11 11 10 8 11 12 9 9 5 4 4 4 3 4 2 1 0 0 0 0 0 0 0 0 0 0 0 0 0 0 0 0 0 0 0 0 0 
10 10 10 10 10 10 10 10 10 10 10 10 10 10 10 10 10 10 10 10 10 10 10 10 10 10 10 10 10 10 10 10 10 10 10 10 10 10 10 10 10 10 10 10 10 10 10 10 10 10 10 10 10 10 10 10 10 10 10 10 10 10 10 10 10 10 10 10 10 10 10 10 10 10 10 10 10 10 10 10 10 10 10 10 10 10 10 10 10 10 10 10 10 10 10 10 
100 100 100 100 100 100 100 100 100 100 100 100 100 100 100 100 100 100 100 100 100 100 100 100 100 100 100 100 100 100 100 100 100 100 100 100 100 100 100 100 100 100 100 100 100 100 100 100 100 100 100 100 100 100 100 100 100 100 100 100 100 100 100 100 100 100 100 100 100 100 100 100 100 100 100 100 100 100 100 100 100 100 100 100 100 100 100 100 100 100 100 100 100 100 100 100 
2 16
0 0 0 0 0 0 0 0 0 0 0 0 0 0 0 0 0 0 0 0 0 0 0 0 0 0 0 0 0 0 0 0 0 0 0 0 0 1 1 1 0 0 0 0 0 0 0 1 1 2 2 1 1 1 1 0 0 0 0 0 0 0 0 0 0 0 2 2 0 0 0 0 0 0 0 0 0 0 0 0 0 0 0 0 0 0 0 0 0 0 0 0 0 0 0 0 
10 10 10 10 10 10 10 10 10 10 10 10 10 10 10 10 10 10 10 10 10 10 10 10 10 10 10 10 10 10 10 10 10 10 10 10 10 10 10 10 10 10 10 10 10 10 10 10 10 10 10 10 10 10 10 10 10 10 10 10 10 10 10 10 10 10 10 10 10 10 10 10 10 10 10 10 10 10 10 10 10 10 10 10 10 10 10 10 10 10 10 10 10 10 10 10 
100 100 100 100 100 100 100 100 100 100 100 100 100 100 100 100 100 100 100 100 100 100 100 100 100 100 100 100 100 100 100 100 100 100 100 100 100 100 100 100 100 100 100 100 100 100 100 100 100 100 100 100 100 100 100 100 100 100 100 100 100 100 100 100 100 100 100 100 100 100 100 100 100 100 100 100 100 100 100 100 100 100 100 100 100 100 100 100 100 100 100 100 100 100 100 100 
TASK 5
5 50 500
33 46
1 7 
11 110 1100
21 75
0 
7 70 700
32 64
0 
10 100 1000
47 13
1 6 
5 50 500
18 47
1 6 
