96
1
EMPL 50
1 24 52 
5 0 1 3 5 8 
1 24 52 
5 0 1 2 3 7 
1 24 52 
5 0 1 2 3 7 
1 24 52 
5 0 1 3 4 6 
1 24 52 
5 0 1 2 3 4 
1 24 52 
5 0 1 2 3 9 
1 24 52 
5 0 1 2 6 9 
1 24 52 
5 0 1 2 3 4 
1 24 52 
5 0 2 3 4 9 
1 24 52 
5 0 1 2 6 7 
1 24 52 
5 0 1 2 3 5 
1 24 52 
5 0 1 2 3 4 
1 24 52 
5 0 1 2 3 6 
1 24 52 
5 0 1 2 3 9 
1 24 52 
5 0 1 2 3 9 
1 24 52 
5 0 1 2 6 9 
1 24 52 
5 0 1 2 3 8 
1 24 52 
5 0 1 2 3 6 
1 24 52 
5 0 1 2 3 4 
1 24 52 
5 0 1 2 7 9 
1 24 52 
5 0 1 2 3 7 
1 24 52 
5 0 1 2 3 5 
1 24 52 
5 0 1 2 3 5 
1 24 52 
5 0 1 2 3 4 
1 24 52 
5 0 1 2 3 4 
1 24 52 
5 0 1 3 4 9 
1 24 52 
5 0 1 2 3 7 
1 24 52 
5 0 2 3 6 9 
1 24 52 
5 0 1 2 6 7 
1 24 52 
5 0 1 2 7 8 
1 24 52 
5 0 1 2 3 9 
1 24 52 
5 0 1 3 7 9 
1 24 52 
5 0 1 2 3 9 
1 24 52 
5 0 1 2 3 4 
1 24 52 
5 0 1 2 5 6 
1 24 52 
5 0 1 2 3 7 
1 24 52 
5 0 1 2 3 5 
1 24 52 
5 0 1 2 3 9 
1 24 52 
5 0 1 2 3 4 
1 24 52 
5 0 1 2 3 8 
1 24 52 
5 0 2 3 6 7 
1 24 52 
5 0 1 5 6 9 
1 24 52 
5 0 2 3 5 8 
1 24 52 
5 0 1 2 7 9 
1 24 52 
5 0 1 2 3 4 
1 24 52 
5 0 1 2 3 4 
1 24 52 
5 0 1 2 3 6 
1 24 52 
5 0 1 3 8 9 
1 24 52 
5 0 1 2 3 9 
1 24 52 
5 0 2 3 4 6 
ACT 5
2 16
0 0 0 0 0 0 0 0 0 0 0 0 0 0 0 0 0 0 0 0 0 0 0 0 0 2 4 4 4 3 3 7 9 11 14 14 14 15 16 16 14 10 10 9 13 12 9 11 12 11 7 6 6 10 13 10 13 13 17 17 16 14 14 12 12 11 11 10 8 10 9 5 3 1 0 0 0 0 0 0 0 0 0 0 0 0 0 0 0 0 0 0 0 0 0 0 
10 10 10 10 10 10 10 10 10 10 10 10 10 10 10 10 10 10 10 10 10 10 10 10 10 10 10 10 10 10 10 10 10 10 10 10 10 10 10 10 10 10 10 10 10 10 10 10 10 10 10 10 10 10 10 10 10 10 10 10 10 10 10 10 10 10 10 10 10 10 10 10 10 10 10 10 10 10 10 10 10 10 10 10 10 10 10 10 10 10 10 10 10 10 10 10 
100 100 100 100 100 100 100 100 100 100 100 100 100 100 100 100 100 100 100 100 100 100 100 100 100 100 100 100 100 100 100 100 100 100 100 100 100 100 100 100 100 100 100 100 100 100 100 100 100 100 100 100 100 100 100 100 100 100 100 100 100 100 100 100 100 100 100 100 100 100 100 100 100 100 100 100 100 100 100 100 100 100 100 100 100 100 100 100 100 100 100 100 100 100 100 100 
2 16
0 0 0 0 0 0 0 0 0 0 0 0 0 0 0 0 0 0 0 0 0 0 0 0 2 3 4 4 3 5 6 4 5 7 9 11 12 13 14 14 15 12 9 8 6 8 9 10 10 10 10 9 11 8 11 16 15 17 13 13 12 11 10 11 9 8 9 7 6 3 1 2 3 3 1 0 0 0 0 0 0 0 0 0 0 0 0 0 0 0 0 0 0 0 0 0 
10 10 10 10 10 10 10 10 10 10 10 10 10 10 10 10 10 10 10 10 10 10 10 10 10 10 10 10 10 10 10 10 10 10 10 10 10 10 10 10 10 10 10 10 10 10 10 10 10 10 10 10 10 10 10 10 10 10 10 10 10 10 10 10 10 10 10 10 10 10 10 10 10 10 10 10 10 10 10 10 10 10 10 10 10 10 10 10 10 10 10 10 10 10 10 10 
100 100 100 100 100 100 100 100 100 100 100 100 100 100 100 100 100 100 100 100 100 100 100 100 100 100 100 100 100 100 100 100 100 100 100 100 100 100 100 100 100 100 100 100 100 100 100 100 100 100 100 100 100 100 100 100 100 100 100 100 100 100 100 100 100 100 100 100 100 100 100 100 100 100 100 100 100 100 100 100 100 100 100 100 100 100 100 100 100 100 100 100 100 100 100 100 
2 16
0 0 0 0 0 0 0 0 0 0 0 0 0 0 0 0 0 0 0 0 0 0 0 0 0 0 0 1 3 4 4 5 4 4 6 7 8 7 7 11 11 12 12 10 10 14 15 13 11 11 11 10 9 8 7 5 4 6 5 7 6 6 7 7 7 8 6 8 7 3 2 2 0 0 0 0 0 0 0 0 0 0 0 0 0 0 0 0 0 0 0 0 0 0 0 0 
10 10 10 10 10 10 10 10 10 10 10 10 10 10 10 10 10 10 10 10 10 10 10 10 10 10 10 10 10 10 10 10 10 10 10 10 10 10 10 10 10 10 10 10 10 10 10 10 10 10 10 10 10 10 10 10 10 10 10 10 10 10 10 10 10 10 10 10 10 10 10 10 10 10 10 10 10 10 10 10 10 10 10 10 10 10 10 10 10 10 10 10 10 10 10 10 
100 100 100 100 100 100 100 100 100 100 100 100 100 100 100 100 100 100 100 100 100 100 100 100 100 100 100 100 100 100 100 100 100 100 100 100 100 100 100 100 100 100 100 100 100 100 100 100 100 100 100 100 100 100 100 100 100 100 100 100 100 100 100 100 100 100 100 100 100 100 100 100 100 100 100 100 100 100 100 100 100 100 100 100 100 100 100 100 100 100 100 100 100 100 100 100 
2 16
0 0 0 0 0 0 0 0 0 0 0 0 0 0 0 0 0 0 0 0 0 0 0 0 1 1 2 4 5 5 5 4 4 7 6 5 5 7 6 7 4 6 8 7 7 4 6 4 5 5 5 8 7 8 7 6 8 9 12 11 10 10 7 6 7 5 3 3 3 3 1 2 3 2 1 0 0 0 0 0 0 0 0 0 0 0 0 0 0 0 0 0 0 0 0 0 
10 10 10 10 10 10 10 10 10 10 10 10 10 10 10 10 10 10 10 10 10 10 10 10 10 10 10 10 10 10 10 10 10 10 10 10 10 10 10 10 10 10 10 10 10 10 10 10 10 10 10 10 10 10 10 10 10 10 10 10 10 10 10 10 10 10 10 10 10 10 10 10 10 10 10 10 10 10 10 10 10 10 10 10 10 10 10 10 10 10 10 10 10 10 10 10 
100 100 100 100 100 100 100 100 100 100 100 100 100 100 100 100 100 100 100 100 100 100 100 100 100 100 100 100 100 100 100 100 100 100 100 100 100 100 100 100 100 100 100 100 100 100 100 100 100 100 100 100 100 100 100 100 100 100 100 100 100 100 100 100 100 100 100 100 100 100 100 100 100 100 100 100 100 100 100 100 100 100 100 100 100 100 100 100 100 100 100 100 100 100 100 100 
2 16
0 0 0 0 0 0 0 0 0 0 0 0 0 0 0 0 0 0 0 0 0 0 0 0 0 0 0 0 0 0 0 0 0 0 0 0 0 0 1 1 2 2 0 0 0 1 1 3 3 1 0 0 1 1 0 0 0 0 0 1 2 2 1 0 0 0 0 0 1 1 1 1 1 0 0 0 0 0 0 0 0 0 0 0 0 0 0 0 0 0 0 0 0 0 0 0 
10 10 10 10 10 10 10 10 10 10 10 10 10 10 10 10 10 10 10 10 10 10 10 10 10 10 10 10 10 10 10 10 10 10 10 10 10 10 10 10 10 10 10 10 10 10 10 10 10 10 10 10 10 10 10 10 10 10 10 10 10 10 10 10 10 10 10 10 10 10 10 10 10 10 10 10 10 10 10 10 10 10 10 10 10 10 10 10 10 10 10 10 10 10 10 10 
100 100 100 100 100 100 100 100 100 100 100 100 100 100 100 100 100 100 100 100 100 100 100 100 100 100 100 100 100 100 100 100 100 100 100 100 100 100 100 100 100 100 100 100 100 100 100 100 100 100 100 100 100 100 100 100 100 100 100 100 100 100 100 100 100 100 100 100 100 100 100 100 100 100 100 100 100 100 100 100 100 100 100 100 100 100 100 100 100 100 100 100 100 100 100 100 
TASK 5
11 110 1100
28 68
0 
4 40 400
25 71
1 5 
4 40 400
30 66
1 8 
9 90 900
2 94
0 
9 90 900
55 41
1 5 
