96
1
EMPL 50
1 24 52 
5 0 1 2 3 8 
1 24 52 
5 0 1 2 3 8 
1 24 52 
5 0 1 2 3 9 
1 24 52 
5 0 1 2 3 5 
1 24 52 
5 1 2 3 6 9 
1 24 52 
5 0 1 2 3 7 
1 24 52 
5 0 1 2 3 9 
1 24 52 
5 0 1 2 4 8 
1 24 52 
5 0 1 2 3 6 
1 24 52 
5 0 1 3 4 6 
1 24 52 
5 0 1 2 3 9 
1 24 52 
5 0 2 3 4 7 
1 24 52 
5 1 2 3 4 9 
1 24 52 
5 0 1 2 3 9 
1 24 52 
5 0 1 2 3 9 
1 24 52 
5 0 1 3 6 7 
1 24 52 
5 0 1 3 7 9 
1 24 52 
5 0 1 3 5 6 
1 24 52 
5 0 1 3 4 5 
1 24 52 
5 0 1 2 7 8 
1 24 52 
5 0 2 3 7 9 
1 24 52 
5 0 1 2 3 6 
1 24 52 
5 0 1 2 3 8 
1 24 52 
5 0 2 3 4 9 
1 24 52 
5 0 1 2 3 4 
1 24 52 
5 0 1 2 3 9 
1 24 52 
5 0 1 2 3 7 
1 24 52 
5 0 1 2 3 9 
1 24 52 
5 1 2 3 6 8 
1 24 52 
5 0 1 2 4 6 
1 24 52 
5 0 1 2 8 9 
1 24 52 
5 1 2 3 4 9 
1 24 52 
5 0 1 2 3 5 
1 24 52 
5 0 1 3 6 9 
1 24 52 
5 0 1 2 8 9 
1 24 52 
5 0 1 2 3 5 
1 24 52 
5 0 1 2 3 5 
1 24 52 
5 1 2 3 8 9 
1 24 52 
5 0 1 2 3 9 
1 24 52 
5 1 2 3 4 8 
1 24 52 
5 0 1 4 8 9 
1 24 52 
5 0 1 2 3 5 
1 24 52 
5 0 1 2 3 9 
1 24 52 
5 0 1 2 3 6 
1 24 52 
5 0 1 2 3 5 
1 24 52 
5 0 1 3 6 9 
1 24 52 
5 0 1 2 4 9 
1 24 52 
5 0 1 2 3 4 
1 24 52 
5 0 1 2 4 9 
1 24 52 
5 0 1 2 3 5 
ACT 5
2 16
0 0 0 0 0 0 0 0 0 0 0 0 0 0 0 0 0 0 0 0 0 0 0 0 0 2 2 3 3 5 6 6 7 9 9 8 10 11 12 15 16 18 17 15 13 13 11 17 15 13 13 12 15 16 17 18 18 17 18 19 18 16 12 11 10 9 9 9 6 6 4 2 0 0 0 0 0 0 0 0 0 0 0 0 0 0 0 0 0 0 0 0 0 0 0 0 
10 10 10 10 10 10 10 10 10 10 10 10 10 10 10 10 10 10 10 10 10 10 10 10 10 10 10 10 10 10 10 10 10 10 10 10 10 10 10 10 10 10 10 10 10 10 10 10 10 10 10 10 10 10 10 10 10 10 10 10 10 10 10 10 10 10 10 10 10 10 10 10 10 10 10 10 10 10 10 10 10 10 10 10 10 10 10 10 10 10 10 10 10 10 10 10 
100 100 100 100 100 100 100 100 100 100 100 100 100 100 100 100 100 100 100 100 100 100 100 100 100 100 100 100 100 100 100 100 100 100 100 100 100 100 100 100 100 100 100 100 100 100 100 100 100 100 100 100 100 100 100 100 100 100 100 100 100 100 100 100 100 100 100 100 100 100 100 100 100 100 100 100 100 100 100 100 100 100 100 100 100 100 100 100 100 100 100 100 100 100 100 100 
2 16
0 0 0 0 0 0 0 0 0 0 0 0 0 0 0 0 0 0 0 0 0 0 0 0 0 0 0 1 1 2 2 2 3 5 3 6 7 8 12 12 11 12 13 11 11 13 16 12 10 9 8 6 7 7 7 9 10 11 14 15 16 15 16 12 10 7 6 6 7 4 3 4 2 2 2 0 0 0 0 0 0 0 0 0 0 0 0 0 0 0 0 0 0 0 0 0 
10 10 10 10 10 10 10 10 10 10 10 10 10 10 10 10 10 10 10 10 10 10 10 10 10 10 10 10 10 10 10 10 10 10 10 10 10 10 10 10 10 10 10 10 10 10 10 10 10 10 10 10 10 10 10 10 10 10 10 10 10 10 10 10 10 10 10 10 10 10 10 10 10 10 10 10 10 10 10 10 10 10 10 10 10 10 10 10 10 10 10 10 10 10 10 10 
100 100 100 100 100 100 100 100 100 100 100 100 100 100 100 100 100 100 100 100 100 100 100 100 100 100 100 100 100 100 100 100 100 100 100 100 100 100 100 100 100 100 100 100 100 100 100 100 100 100 100 100 100 100 100 100 100 100 100 100 100 100 100 100 100 100 100 100 100 100 100 100 100 100 100 100 100 100 100 100 100 100 100 100 100 100 100 100 100 100 100 100 100 100 100 100 
2 16
0 0 0 0 0 0 0 0 0 0 0 0 0 0 0 0 0 0 0 0 0 0 0 0 0 1 1 3 3 4 4 5 4 4 6 6 5 6 4 7 9 10 7 8 8 5 3 5 5 4 5 5 5 6 7 3 3 5 7 8 8 5 5 6 7 10 11 9 8 6 5 2 3 2 1 0 0 0 0 0 0 0 0 0 0 0 0 0 0 0 0 0 0 0 0 0 
10 10 10 10 10 10 10 10 10 10 10 10 10 10 10 10 10 10 10 10 10 10 10 10 10 10 10 10 10 10 10 10 10 10 10 10 10 10 10 10 10 10 10 10 10 10 10 10 10 10 10 10 10 10 10 10 10 10 10 10 10 10 10 10 10 10 10 10 10 10 10 10 10 10 10 10 10 10 10 10 10 10 10 10 10 10 10 10 10 10 10 10 10 10 10 10 
100 100 100 100 100 100 100 100 100 100 100 100 100 100 100 100 100 100 100 100 100 100 100 100 100 100 100 100 100 100 100 100 100 100 100 100 100 100 100 100 100 100 100 100 100 100 100 100 100 100 100 100 100 100 100 100 100 100 100 100 100 100 100 100 100 100 100 100 100 100 100 100 100 100 100 100 100 100 100 100 100 100 100 100 100 100 100 100 100 100 100 100 100 100 100 100 
2 16
0 0 0 0 0 0 0 0 0 0 0 0 0 0 0 0 0 0 0 0 0 0 0 0 0 0 3 4 5 5 5 6 9 13 14 16 16 15 14 15 12 5 7 5 6 6 8 7 7 6 6 6 6 6 6 7 9 8 6 8 8 11 11 10 11 8 7 8 4 2 3 4 4 3 2 0 0 0 0 0 0 0 0 0 0 0 0 0 0 0 0 0 0 0 0 0 
10 10 10 10 10 10 10 10 10 10 10 10 10 10 10 10 10 10 10 10 10 10 10 10 10 10 10 10 10 10 10 10 10 10 10 10 10 10 10 10 10 10 10 10 10 10 10 10 10 10 10 10 10 10 10 10 10 10 10 10 10 10 10 10 10 10 10 10 10 10 10 10 10 10 10 10 10 10 10 10 10 10 10 10 10 10 10 10 10 10 10 10 10 10 10 10 
100 100 100 100 100 100 100 100 100 100 100 100 100 100 100 100 100 100 100 100 100 100 100 100 100 100 100 100 100 100 100 100 100 100 100 100 100 100 100 100 100 100 100 100 100 100 100 100 100 100 100 100 100 100 100 100 100 100 100 100 100 100 100 100 100 100 100 100 100 100 100 100 100 100 100 100 100 100 100 100 100 100 100 100 100 100 100 100 100 100 100 100 100 100 100 100 
0 0
0 0 0 0 0 0 0 0 0 0 0 0 0 0 0 0 0 0 0 0 0 0 0 0 0 0 0 0 0 0 0 0 0 0 0 0 0 0 0 0 0 0 0 0 0 1 0 0 1 0 0 0 0 0 0 0 0 0 0 0 0 0 0 0 0 0 0 0 0 0 0 0 0 0 0 0 0 0 0 0 0 0 0 0 0 0 0 0 0 0 0 0 0 0 0 0 
10 10 10 10 10 10 10 10 10 10 10 10 10 10 10 10 10 10 10 10 10 10 10 10 10 10 10 10 10 10 10 10 10 10 10 10 10 10 10 10 10 10 10 10 10 10 10 10 10 10 10 10 10 10 10 10 10 10 10 10 10 10 10 10 10 10 10 10 10 10 10 10 10 10 10 10 10 10 10 10 10 10 10 10 10 10 10 10 10 10 10 10 10 10 10 10 
100 100 100 100 100 100 100 100 100 100 100 100 100 100 100 100 100 100 100 100 100 100 100 100 100 100 100 100 100 100 100 100 100 100 100 100 100 100 100 100 100 100 100 100 100 100 100 100 100 100 100 100 100 100 100 100 100 100 100 100 100 100 100 100 100 100 100 100 100 100 100 100 100 100 100 100 100 100 100 100 100 100 100 100 100 100 100 100 100 100 100 100 100 100 100 100 
TASK 5
6 60 600
14 82
1 8 
12 120 1200
30 66
1 9 
4 40 400
23 28
0 
10 100 1000
26 19
0 
5 50 500
33 18
0 
