    #        ngroups         ntours         nspots
                  10              1             10

    #        spot_id         n_name         length              a              b
                  59        Spot_59            180              0           1440
                  69        Spot_69            120              0           1440
                 109       Spot_109            120              0           1440
                 124      Hotel_124              0              0           1440
                 125      Hotel_125              0              0           1440
                 126      Hotel_126              0              0           1440
                 127      Hotel_127              0              0           1440
                 128      Hotel_128              0              0           1440
                 132      Hotel_132              0              0           1440
                 133      Hotel_133              0              0           1440

    #          tr_id        tr_name          nspot            seq
                  65        Tour_65              3             59            109             69

    #          gr_id        gr_size          tr_id         origin
                   0              3             65            128
                   1              7             65            125
                   2              3             65            126
                   3              2             65            133
                   4              1             65            128
                   5              8             65            127
                   6              2             65            127
                   7              6             65            124
                   8              1             65            132
                   9              5             65            124

    #            o/d             59             69            109            124            125            126            127            128            132            133
                  69             52
                 109             61             88
                 124             46             33             58
                 125             46             43            104             65
                 126             21             60             41             41             65
                 127             33             29             60             15             52             33
                 128            101             84             72             60            123             88             73
                 132             23             62             82             65             37             42             51            122
                 133             82             31            108             51             68             87             55             82             92
