    #        ngroups         ntours         nspots
                  10              1             11

    #        spot_id         n_name         length              a              b
                  43        Spot_43            210              0           1440
                  51        Spot_51             60              0           1440
                  67        Spot_67             60              0           1440
                 125      Hotel_125              0              0           1440
                 126      Hotel_126              0              0           1440
                 127      Hotel_127              0              0           1440
                 128      Hotel_128              0              0           1440
                 129      Hotel_129              0              0           1440
                 130      Hotel_130              0              0           1440
                 132      Hotel_132              0              0           1440
                 133      Hotel_133              0              0           1440

    #          tr_id        tr_name          nspot            seq
                  27        Tour_27              3             43             51             67

    #          gr_id        gr_size          tr_id         origin
                   0              2             27            126
                   1              7             27            132
                   2              4             27            129
                   3              7             27            133
                   4              7             27            130
                   5              4             27            125
                   6              3             27            127
                   7              1             27            130
                   8              1             27            128
                   9              4             27            125

    #            o/d             43             51             67            125            126            127            128            129            130            132            133
                  51             78
                  67             94             31
                 125             72             84            114
                 126             72             21             51             65
                 127             41             43             68             52             33
                 128             61             78             71            123             88             73
                 129             62             23             52             62             11             23             80
                 130             61            116            141             52            101             73            122             94
                 132             87             62             92             37             42             51            122             46             87
                 133             23             96            115             68             87             55             82             78             42             92
