    #        ngroups         ntours         nspots
                 100              1             13

    #        spot_id         n_name         length              a              b
                  63        Spot_63            120              0           1440
                  75        Spot_75            120              0           1440
                  90        Spot_90            180              0           1440
                 124      Hotel_124              0              0           1440
                 125      Hotel_125              0              0           1440
                 126      Hotel_126              0              0           1440
                 127      Hotel_127              0              0           1440
                 128      Hotel_128              0              0           1440
                 129      Hotel_129              0              0           1440
                 130      Hotel_130              0              0           1440
                 131      Hotel_131              0              0           1440
                 132      Hotel_132              0              0           1440
                 133      Hotel_133              0              0           1440

    #          tr_id        tr_name          nspot            seq
                  94        Tour_94              3             63             90             75

    #          gr_id        gr_size          tr_id         origin
                   0              9             94            132
                   1              7             94            130
                   2              1             94            128
                   3              5             94            132
                   4              7             94            131
                   5              3             94            132
                   6              2             94            131
                   7              2             94            126
                   8              4             94            125
                   9              5             94            125
                  10              4             94            133
                  11              6             94            127
                  12              4             94            130
                  13              9             94            128
                  14              8             94            132
                  15              4             94            129
                  16              4             94            124
                  17              9             94            130
                  18              2             94            126
                  19              2             94            126
                  20              5             94            131
                  21              7             94            130
                  22              9             94            130
                  23              8             94            131
                  24              5             94            130
                  25              1             94            133
                  26              5             94            125
                  27              3             94            132
                  28              3             94            129
                  29              8             94            131
                  30              1             94            125
                  31              6             94            127
                  32              2             94            128
                  33              3             94            126
                  34              4             94            130
                  35              1             94            126
                  36              2             94            128
                  37              7             94            128
                  38              1             94            126
                  39              3             94            130
                  40              7             94            133
                  41              5             94            125
                  42              4             94            126
                  43              3             94            127
                  44              5             94            133
                  45              2             94            124
                  46              7             94            127
                  47              8             94            132
                  48              3             94            132
                  49              5             94            128
                  50              1             94            132
                  51              4             94            131
                  52              8             94            128
                  53              9             94            133
                  54              6             94            127
                  55              5             94            133
                  56              7             94            129
                  57              8             94            133
                  58              3             94            129
                  59              1             94            130
                  60              6             94            130
                  61              8             94            124
                  62              9             94            129
                  63              4             94            129
                  64              8             94            131
                  65              4             94            133
                  66              6             94            126
                  67              9             94            129
                  68              8             94            125
                  69              1             94            129
                  70              7             94            124
                  71              9             94            125
                  72              7             94            128
                  73              1             94            124
                  74              4             94            128
                  75              2             94            127
                  76              8             94            124
                  77              2             94            124
                  78              9             94            133
                  79              3             94            129
                  80              1             94            125
                  81              6             94            129
                  82              6             94            127
                  83              8             94            131
                  84              4             94            132
                  85              1             94            133
                  86              4             94            127
                  87              9             94            125
                  88              6             94            127
                  89              8             94            131
                  90              8             94            131
                  91              7             94            126
                  92              3             94            127
                  93              4             94            132
                  94              1             94            124
                  95              7             94            124
                  96              5             94            128
                  97              1             94            125
                  98              4             94            126
                  99              7             94            124

    #            o/d             63             75             90            124            125            126            127            128            129            130            131            132            133
                  75             65
                  90             92             51
                 124             68             72             51
                 125             87             33             23             65
                 126            106             88             42             41             65
                 127             74             65             37             15             52             33
                 128             87            124            110             60            123             88             73
                 129             97             82             41             31             62             11             23             80
                 130             51             21             68             78             52            101             73            122             94
                 131            122             88             37             65             58             29             52            116             37            105
                 132            112             68             21             65             37             42             51            122             46             87             23
                 133             21             51             72             51             68             87             55             82             78             42            102             92
