    #        ngroups         ntours         nspots
                  10              1             10

    #        spot_id         n_name         length              a              b
                  47        Spot_47            120              0           1440
                  49        Spot_49             60              0           1440
                  69        Spot_69            120              0           1440
                 126      Hotel_126              0              0           1440
                 127      Hotel_127              0              0           1440
                 128      Hotel_128              0              0           1440
                 129      Hotel_129              0              0           1440
                 130      Hotel_130              0              0           1440
                 131      Hotel_131              0              0           1440
                 132      Hotel_132              0              0           1440

    #          tr_id        tr_name          nspot            seq
                  84        Tour_84              3             49             69             47

    #          gr_id        gr_size          tr_id         origin
                   0              7             84            127
                   1              7             84            129
                   2              4             84            130
                   3              5             84            132
                   4              4             84            132
                   5              6             84            131
                   6              7             84            130
                   7              7             84            129
                   8              6             84            128
                   9              4             84            126

    #            o/d             47             49             69            126            127            128            129            130            131            132
                  49             33
                  69             29             52
                 126             88            109             60
                 127             58             78             29             33
                 128            102             97             84             88             73
                 129             80            100             51             11             23             80
                 130             21             43             46            101             73            122             94
                 131             97            124             72             29             52            116             37            105
                 132             82            112             62             42             51            122             46             87             23
