    #        ngroups         ntours         nspots
                  10              1             10

    #        spot_id         n_name         length              a              b
                   4         Spot_4            150              0           1440
                   7         Spot_7             60              0           1440
                  86        Spot_86            180              0           1440
                 124      Hotel_124              0              0           1440
                 127      Hotel_127              0              0           1440
                 128      Hotel_128              0              0           1440
                 129      Hotel_129              0              0           1440
                 130      Hotel_130              0              0           1440
                 131      Hotel_131              0              0           1440
                 132      Hotel_132              0              0           1440

    #          tr_id        tr_name          nspot            seq
                  31        Tour_31              3             86              4              7

    #          gr_id        gr_size          tr_id         origin
                   0              5             31            128
                   1              7             31            132
                   2              5             31            130
                   3              9             31            124
                   4              1             31            131
                   5              3             31            129
                   6              8             31            131
                   7              2             31            129
                   8              5             31            127
                   9              3             31            127

    #            o/d              4              7             86            124            127            128            129            130            131            132
                   7             46
                  86             61             58
                 124             61             29             86
                 127             72             33             88             15
                 128             60             72            116             60             73
                 129             92             55            110             31             23             80
                 130             78             52             33             78             73            122             94
                 131            124             81            129             65             52            116             37            105
                 132            119             74            114             65             51            122             46             87             23
