    #        ngroups         ntours         nspots
                  10              1             10

    #        spot_id         n_name         length              a              b
                  45        Spot_45            120              0           1440
                  67        Spot_67             60              0           1440
                 125      Hotel_125              0              0           1440
                 126      Hotel_126              0              0           1440
                 128      Hotel_128              0              0           1440
                 129      Hotel_129              0              0           1440
                 130      Hotel_130              0              0           1440
                 131      Hotel_131              0              0           1440
                 132      Hotel_132              0              0           1440
                 133      Hotel_133              0              0           1440

    #          tr_id        tr_name          nspot            seq
                  32        Tour_32              2             45             67

    #          gr_id        gr_size          tr_id         origin
                   0              8             32            133
                   1              3             32            126
                   2              6             32            125
                   3              6             32            131
                   4              3             32            129
                   5              1             32            132
                   6              5             32            130
                   7              2             32            133
                   8              7             32            125
                   9              3             32            128

    #            o/d             45             67            125            126            128            129            130            131            132            133
                  67            138
                 125             61            114
                 126            102             51             65
                 128            112             71            123             88
                 129             94             52             62             11             80
                 130             15            141             52            101            122             94
                 131            109             74             58             29            116             37            105
                 132             94             92             37             42            122             46             87             23
                 133             31            115             68             87             82             78             42            102             92
