    #        ngroups         ntours         nspots
                  10              1              9

    #        spot_id         n_name         length              a              b
                  11        Spot_11            180              0           1440
                 124      Hotel_124              0              0           1440
                 126      Hotel_126              0              0           1440
                 127      Hotel_127              0              0           1440
                 128      Hotel_128              0              0           1440
                 129      Hotel_129              0              0           1440
                 130      Hotel_130              0              0           1440
                 131      Hotel_131              0              0           1440
                 133      Hotel_133              0              0           1440

    #          tr_id        tr_name          nspot            seq
                  70        Tour_70              1             11

    #          gr_id        gr_size          tr_id         origin
                   0              3             70            129
                   1              3             70            130
                   2              5             70            131
                   3              4             70            127
                   4              9             70            126
                   5              4             70            124
                   6              9             70            133
                   7              1             70            128
                   8              3             70            124
                   9              3             70            133

    #            o/d             11            124            126            127            128            129            130            131            133
                 124             94
                 126            124             41
                 127             94             15             33
                 128            126             60             88             73
                 129            116             31             11             23             80
                 130             31             78            101             73            122             94
                 131            132             65             29             52            116             37            105
                 133             46             51             87             55             82             78             42            102
