    #        ngroups         ntours         nspots
                  20              1             11

    #        spot_id         n_name         length              a              b
                  11        Spot_11            180              0           1440
                 124      Hotel_124              0              0           1440
                 125      Hotel_125              0              0           1440
                 126      Hotel_126              0              0           1440
                 127      Hotel_127              0              0           1440
                 128      Hotel_128              0              0           1440
                 129      Hotel_129              0              0           1440
                 130      Hotel_130              0              0           1440
                 131      Hotel_131              0              0           1440
                 132      Hotel_132              0              0           1440
                 133      Hotel_133              0              0           1440

    #          tr_id        tr_name          nspot            seq
                  70        Tour_70              1             11

    #          gr_id        gr_size          tr_id         origin
                   0              3             70            129
                   1              3             70            130
                   2              5             70            131
                   3              4             70            127
                   4              9             70            126
                   5              4             70            124
                   6              9             70            133
                   7              1             70            128
                   8              3             70            124
                   9              3             70            133
                  10              9             70            129
                  11              4             70            125
                  12              9             70            128
                  13              5             70            127
                  14              8             70            132
                  15              5             70            126
                  16              4             70            131
                  17              3             70            132
                  18              8             70            130
                  19              9             70            125

    #            o/d             11            124            125            126            127            128            129            130            131            132            133
                 124             94
                 125             82             65
                 126            124             41             65
                 127             94             15             52             33
                 128            126             60            123             88             73
                 129            116             31             62             11             23             80
                 130             31             78             52            101             73            122             94
                 131            132             65             58             29             52            116             37            105
                 132            116             65             37             42             51            122             46             87             23
                 133             46             51             68             87             55             82             78             42            102             92
