    #        ngroups         ntours         nspots
                  20              1             12

    #        spot_id         n_name         length              a              b
                  45        Spot_45            120              0           1440
                  67        Spot_67             60              0           1440
                 124      Hotel_124              0              0           1440
                 125      Hotel_125              0              0           1440
                 126      Hotel_126              0              0           1440
                 127      Hotel_127              0              0           1440
                 128      Hotel_128              0              0           1440
                 129      Hotel_129              0              0           1440
                 130      Hotel_130              0              0           1440
                 131      Hotel_131              0              0           1440
                 132      Hotel_132              0              0           1440
                 133      Hotel_133              0              0           1440

    #          tr_id        tr_name          nspot            seq
                  32        Tour_32              2             45             67

    #          gr_id        gr_size          tr_id         origin
                   0              8             32            133
                   1              3             32            126
                   2              6             32            125
                   3              6             32            131
                   4              3             32            129
                   5              1             32            132
                   6              5             32            130
                   7              2             32            133
                   8              7             32            125
                   9              3             32            128
                  10              3             32            131
                  11              1             32            127
                  12              7             32            130
                  13              1             32            128
                  14              6             32            124
                  15              4             32            129
                  16              5             32            124
                  17              3             32            132
                  18              4             32            127
                  19              8             32            126

    #            o/d             45             67            124            125            126            127            128            129            130            131            132            133
                  67            138
                 124             73             65
                 125             61            114             65
                 126            102             51             41             65
                 127             72             68             15             52             33
                 128            112             71             60            123             88             73
                 129             94             52             31             62             11             23             80
                 130             15            141             78             52            101             73            122             94
                 131            109             74             65             58             29             52            116             37            105
                 132             94             92             65             37             42             51            122             46             87             23
                 133             31            115             51             68             87             55             82             78             42            102             92
