    #        ngroups         ntours         nspots
                  40              1             13

    #        spot_id         n_name         length              a              b
                  27        Spot_27             90              0           1440
                  66        Spot_66            120              0           1440
                 123       Spot_123            210              0           1440
                 124      Hotel_124              0              0           1440
                 125      Hotel_125              0              0           1440
                 126      Hotel_126              0              0           1440
                 127      Hotel_127              0              0           1440
                 128      Hotel_128              0              0           1440
                 129      Hotel_129              0              0           1440
                 130      Hotel_130              0              0           1440
                 131      Hotel_131              0              0           1440
                 132      Hotel_132              0              0           1440
                 133      Hotel_133              0              0           1440

    #          tr_id        tr_name          nspot            seq
                  72        Tour_72              3             66             27            123

    #          gr_id        gr_size          tr_id         origin
                   0              5             72            129
                   1              2             72            133
                   2              1             72            127
                   3              9             72            128
                   4              1             72            131
                   5              2             72            125
                   6              6             72            124
                   7              8             72            131
                   8              7             72            130
                   9              1             72            132
                  10              3             72            131
                  11              6             72            126
                  12              2             72            127
                  13              2             72            127
                  14              7             72            133
                  15              5             72            127
                  16              2             72            125
                  17              9             72            124
                  18              8             72            130
                  19              2             72            129
                  20              9             72            124
                  21              1             72            126
                  22              5             72            130
                  23              5             72            133
                  24              4             72            128
                  25              4             72            126
                  26              5             72            124
                  27              8             72            130
                  28              2             72            125
                  29              6             72            126
                  30              3             72            131
                  31              5             72            132
                  32              9             72            128
                  33              9             72            129
                  34              4             72            128
                  35              3             72            133
                  36              2             72            129
                  37              9             72            132
                  38              8             72            125
                  39              7             72            132

    #            o/d             27             66            123            124            125            126            127            128            129            130            131            132            133
                  66             23
                 123             82             65
                 124             73             51             37
                 125             46             37             92             65
                 126             46             31             37             41             65
                 127             60             37             42             15             52             33
                 128            129            108             55             60            123             88             73
                 129             51             33             33             31             62             11             23             80
                 130             97             82            114             78             52            101             73            122             94
                 131             21             23             65             65             58             29             52            116             37            105
                 132             11             15             78             65             37             42             51            122             46             87             23
                 133            102             81             86             51             68             87             55             82             78             42            102             92
