    #        ngroups         ntours         nspots
                  50              1             11

    #        spot_id         n_name         length              a              b
                  11        Spot_11            180              0           1440
                 124      Hotel_124              0              0           1440
                 125      Hotel_125              0              0           1440
                 126      Hotel_126              0              0           1440
                 127      Hotel_127              0              0           1440
                 128      Hotel_128              0              0           1440
                 129      Hotel_129              0              0           1440
                 130      Hotel_130              0              0           1440
                 131      Hotel_131              0              0           1440
                 132      Hotel_132              0              0           1440
                 133      Hotel_133              0              0           1440

    #          tr_id        tr_name          nspot            seq
                  70        Tour_70              1             11

    #          gr_id        gr_size          tr_id         origin
                   0              4             70            129
                   1              3             70            125
                   2              3             70            128
                   3              3             70            130
                   4              6             70            126
                   5              4             70            132
                   6              5             70            129
                   7              7             70            128
                   8              4             70            127
                   9              3             70            132
                  10              3             70            133
                  11              3             70            124
                  12              6             70            131
                  13              6             70            125
                  14              3             70            132
                  15              9             70            126
                  16              1             70            127
                  17              8             70            130
                  18              4             70            126
                  19              2             70            128
                  20              5             70            131
                  21              3             70            127
                  22              7             70            127
                  23              3             70            130
                  24              9             70            131
                  25              1             70            126
                  26              4             70            132
                  27              4             70            133
                  28              2             70            133
                  29              5             70            129
                  30              7             70            126
                  31              8             70            131
                  32              5             70            127
                  33              8             70            127
                  34              6             70            124
                  35              8             70            131
                  36              8             70            130
                  37              3             70            133
                  38              7             70            128
                  39              5             70            129
                  40              9             70            130
                  41              3             70            124
                  42              4             70            124
                  43              8             70            133
                  44              2             70            130
                  45              3             70            132
                  46              6             70            124
                  47              4             70            124
                  48              1             70            125
                  49              9             70            132

    #            o/d             11            124            125            126            127            128            129            130            131            132            133
                 124             94
                 125             82             65
                 126            124             41             65
                 127             94             15             52             33
                 128            126             60            123             88             73
                 129            116             31             62             11             23             80
                 130             31             78             52            101             73            122             94
                 131            132             65             58             29             52            116             37            105
                 132            116             65             37             42             51            122             46             87             23
                 133             46             51             68             87             55             82             78             42            102             92
