    #        ngroups         ntours         nspots
                  50              1             13

    #        spot_id         n_name         length              a              b
                   4         Spot_4            150              0           1440
                   7         Spot_7             60              0           1440
                  86        Spot_86            180              0           1440
                 124      Hotel_124              0              0           1440
                 125      Hotel_125              0              0           1440
                 126      Hotel_126              0              0           1440
                 127      Hotel_127              0              0           1440
                 128      Hotel_128              0              0           1440
                 129      Hotel_129              0              0           1440
                 130      Hotel_130              0              0           1440
                 131      Hotel_131              0              0           1440
                 132      Hotel_132              0              0           1440
                 133      Hotel_133              0              0           1440

    #          tr_id        tr_name          nspot            seq
                  31        Tour_31              3             86              4              7

    #          gr_id        gr_size          tr_id         origin
                   0              8             31            133
                   1              6             31            127
                   2              3             31            130
                   3              1             31            124
                   4              9             31            133
                   5              8             31            130
                   6              8             31            131
                   7              4             31            133
                   8              8             31            127
                   9              8             31            126
                  10              7             31            126
                  11              1             31            125
                  12              7             31            127
                  13              7             31            132
                  14              1             31            133
                  15              6             31            125
                  16              2             31            130
                  17              7             31            132
                  18              5             31            131
                  19              9             31            129
                  20              3             31            124
                  21              8             31            129
                  22              1             31            132
                  23              7             31            130
                  24              3             31            132
                  25              5             31            132
                  26              2             31            129
                  27              8             31            125
                  28              7             31            125
                  29              9             31            133
                  30              7             31            124
                  31              8             31            131
                  32              3             31            126
                  33              6             31            124
                  34              2             31            127
                  35              8             31            129
                  36              8             31            128
                  37              5             31            124
                  38              5             31            125
                  39              4             31            129
                  40              5             31            125
                  41              2             31            129
                  42              1             31            128
                  43              9             31            127
                  44              3             31            130
                  45              7             31            128
                  46              9             31            131
                  47              8             31            131
                  48              3             31            126
                  49              7             31            132

    #            o/d              4              7             86            124            125            126            127            128            129            130            131            132            133
                   7             46
                  86             61             58
                 124             61             29             86
                 125            102             58             81             65
                 126            102             65            119             41             65
                 127             72             33             88             15             52             33
                 128             60             72            116             60            123             88             73
                 129             92             55            110             31             62             11             23             80
                 130             78             52             33             78             52            101             73            122             94
                 131            124             81            129             65             58             29             52            116             37            105
                 132            119             74            114             65             37             42             51            122             46             87             23
                 133             37             23             37             51             68             87             55             82             78             42            102             92
