    #        ngroups         ntours         nspots
                  80              1             11

    #        spot_id         n_name         length              a              b
                  11        Spot_11            180              0           1440
                 124      Hotel_124              0              0           1440
                 125      Hotel_125              0              0           1440
                 126      Hotel_126              0              0           1440
                 127      Hotel_127              0              0           1440
                 128      Hotel_128              0              0           1440
                 129      Hotel_129              0              0           1440
                 130      Hotel_130              0              0           1440
                 131      Hotel_131              0              0           1440
                 132      Hotel_132              0              0           1440
                 133      Hotel_133              0              0           1440

    #          tr_id        tr_name          nspot            seq
                  70        Tour_70              1             11

    #          gr_id        gr_size          tr_id         origin
                   0              5             70            129
                   1              3             70            125
                   2              7             70            129
                   3              3             70            130
                   4              9             70            126
                   5              1             70            130
                   6              4             70            128
                   7              4             70            127
                   8              2             70            127
                   9              5             70            132
                  10              7             70            133
                  11              8             70            124
                  12              5             70            131
                  13              8             70            125
                  14              6             70            133
                  15              8             70            126
                  16              8             70            127
                  17              3             70            130
                  18              7             70            125
                  19              5             70            128
                  20              9             70            131
                  21              3             70            128
                  22              4             70            127
                  23              8             70            130
                  24              2             70            131
                  25              3             70            126
                  26              6             70            132
                  27              4             70            133
                  28              1             70            124
                  29              9             70            133
                  30              7             70            126
                  31              6             70            131
                  32              1             70            127
                  33              4             70            126
                  34              6             70            124
                  35              9             70            131
                  36              4             70            130
                  37              4             70            132
                  38              6             70            128
                  39              1             70            129
                  40              2             70            127
                  41              7             70            124
                  42              6             70            124
                  43              8             70            131
                  44              4             70            130
                  45              1             70            132
                  46              9             70            124
                  47              5             70            125
                  48              2             70            125
                  49              6             70            132
                  50              8             70            133
                  51              1             70            125
                  52              7             70            131
                  53              7             70            129
                  54              7             70            132
                  55              8             70            129
                  56              5             70            126
                  57              4             70            129
                  58              2             70            128
                  59              8             70            128
                  60              5             70            133
                  61              7             70            126
                  62              1             70            124
                  63              8             70            124
                  64              9             70            129
                  65              3             70            127
                  66              7             70            130
                  67              7             70            128
                  68              4             70            127
                  69              4             70            129
                  70              8             70            125
                  71              1             70            131
                  72              4             70            132
                  73              2             70            130
                  74              8             70            128
                  75              3             70            133
                  76              5             70            125
                  77              3             70            133
                  78              3             70            126
                  79              5             70            132

    #            o/d             11            124            125            126            127            128            129            130            131            132            133
                 124             94
                 125             82             65
                 126            124             41             65
                 127             94             15             52             33
                 128            126             60            123             88             73
                 129            116             31             62             11             23             80
                 130             31             78             52            101             73            122             94
                 131            132             65             58             29             52            116             37            105
                 132            116             65             37             42             51            122             46             87             23
                 133             46             51             68             87             55             82             78             42            102             92
