    #        ngroups         ntours         nspots
                  10              3             15

    #        spot_id         n_name         length              a              b
                  11        Spot_11            180              0           1440
                  18        Spot_18            210              0           1440
                  63        Spot_63            120              0           1440
                  75        Spot_75            120              0           1440
                  78        Spot_78             90              0           1440
                  90        Spot_90            180              0           1440
                 100       Spot_100             90              0           1440
                 124      Hotel_124              0              0           1440
                 126      Hotel_126              0              0           1440
                 127      Hotel_127              0              0           1440
                 128      Hotel_128              0              0           1440
                 129      Hotel_129              0              0           1440
                 130      Hotel_130              0              0           1440
                 131      Hotel_131              0              0           1440
                 133      Hotel_133              0              0           1440

    #          tr_id        tr_name          nspot            seq
                  70        Tour_70              1             11
                  94        Tour_94              3             63             90             75
                  21        Tour_21              3            100             78             18

    #          gr_id        gr_size          tr_id         origin
                   0              3             70            129
                   1              3             94            130
                   2              9             21            131
                   3              1             21            127
                   4              9             94            126
                   5              5             70            124
                   6              4             94            133
                   7              9             70            128
                   8              6             21            124
                   9              2             70            133

    #            o/d             11             18             63             75             78             90            100            124            126            127            128            129            130            131            133
                  18             80
                  63             41             55
                  75             51             61             65
                  78            115             37             91             87
                  90             97             51             92             51             52
                 100             84             51             84             37             61             15
                 124             94             15             68             72             23             51             55
                 126            124             52            106             88             23             42             55             41
                 127             94             21             74             65             23             37             42             15             33
                 128            126             65             87            124             65            110            114             60             88             73
                 129            116             42             97             82             15             41             52             31             11             23             80
                 130             31             65             51             21             96             68             55             78            101             73            122             94
                 131            132             72            122             88             51             37             51             65             29             52            116             37            105
                 133             46             37             21             51             73             72             65             51             87             55             82             78             42            102
