    #        ngroups         ntours         nspots
                 100             25             62

    #        spot_id         n_name         length              a              b
                   3         Spot_3            210              0           1440
                   5         Spot_5             90              0           1440
                   6         Spot_6             60              0           1440
                   7         Spot_7             60              0           1440
                   8         Spot_8            120              0           1440
                   9         Spot_9            150              0           1440
                  10        Spot_10            120              0           1440
                  11        Spot_11            180              0           1440
                  14        Spot_14            120              0           1440
                  20        Spot_20            180              0           1440
                  22        Spot_22            150              0           1440
                  23        Spot_23            210              0           1440
                  27        Spot_27             90              0           1440
                  28        Spot_28            180              0           1440
                  29        Spot_29             60              0           1440
                  32        Spot_32            150              0           1440
                  33        Spot_33            210              0           1440
                  34        Spot_34            120              0           1440
                  35        Spot_35            150              0           1440
                  38        Spot_38            180              0           1440
                  39        Spot_39             90              0           1440
                  40        Spot_40             60              0           1440
                  41        Spot_41             60              0           1440
                  48        Spot_48            150              0           1440
                  49        Spot_49             60              0           1440
                  52        Spot_52             90              0           1440
                  53        Spot_53            150              0           1440
                  60        Spot_60             90              0           1440
                  63        Spot_63            120              0           1440
                  66        Spot_66            120              0           1440
                  75        Spot_75            120              0           1440
                  77        Spot_77            150              0           1440
                  79        Spot_79             60              0           1440
                  80        Spot_80            210              0           1440
                  81        Spot_81             60              0           1440
                  83        Spot_83             60              0           1440
                  85        Spot_85             90              0           1440
                  87        Spot_87             60              0           1440
                  88        Spot_88            210              0           1440
                  90        Spot_90            180              0           1440
                  91        Spot_91            210              0           1440
                  94        Spot_94            210              0           1440
                  98        Spot_98             90              0           1440
                 101       Spot_101             60              0           1440
                 102       Spot_102            150              0           1440
                 104       Spot_104            210              0           1440
                 107       Spot_107            120              0           1440
                 108       Spot_108             90              0           1440
                 113       Spot_113            210              0           1440
                 114       Spot_114             60              0           1440
                 116       Spot_116            150              0           1440
                 123       Spot_123            210              0           1440
                 124      Hotel_124              0              0           1440
                 125      Hotel_125              0              0           1440
                 126      Hotel_126              0              0           1440
                 127      Hotel_127              0              0           1440
                 128      Hotel_128              0              0           1440
                 129      Hotel_129              0              0           1440
                 130      Hotel_130              0              0           1440
                 131      Hotel_131              0              0           1440
                 132      Hotel_132              0              0           1440
                 133      Hotel_133              0              0           1440

    #          tr_id        tr_name          nspot            seq
                  94        Tour_94              3             63             90             75
                  78        Tour_78              2            102              8
                  38        Tour_38              3             81             28             29
                  71        Tour_71              3             94             83             20
                  76        Tour_76              3             38             98             39
                  26        Tour_26              2            113             91
                  87        Tour_87              2            114             33
                  98        Tour_98              3              7             53             48
                  34        Tour_34              2            101             10
                  19        Tour_19              3             52             29             77
                   8         Tour_8              2              9             79
                  92        Tour_92              2             23             85
                  96        Tour_96              2            107             79
                  45        Tour_45              2              6             88
                  17        Tour_17              3             34            108             49
                  75        Tour_75              3             85             32              5
                  72        Tour_72              3             66             27            123
                  39        Tour_39              2             77             60
                  50        Tour_50              3            116             40             87
                  14        Tour_14              2             88             85
                  70        Tour_70              1             11
                  91        Tour_91              2            104             22
                  41        Tour_41              2             80             32
                  43        Tour_43              2             14             35
                  89        Tour_89              2             41              3

    #          gr_id        gr_size          tr_id         origin
                   0              9             94            132
                   1              7             78            130
                   2              1             38            128
                   3              5             71            132
                   4              7             76            131
                   5              3             26            132
                   6              2             87            131
                   7              2             98            126
                   8              4             34            125
                   9              5             19            125
                  10              4              8            133
                  11              6             92            127
                  12              4             96            130
                  13              9             45            128
                  14              8             17            132
                  15              4             75            129
                  16              4             72            124
                  17              9             39            130
                  18              2             50            126
                  19              2             14            126
                  20              5             70            131
                  21              7             91            130
                  22              9             41            130
                  23              8             43            131
                  24              3             89            130
                  25              1             43            133
                  26              4             92            125
                  27              5             38            132
                  28              8             96            129
                  29              6             70            131
                  30              7             89            125
                  31              1             92            127
                  32              9             98            128
                  33              3             38            126
                  34              2             71            130
                  35              4             75            126
                  36              9             89            128
                  37              5             34            128
                  38              7             39            126
                  39              7             89            130
                  40              5             71            133
                  41              2             72            125
                  42              8             70            126
                  43              6             34            127
                  44              5             98            133
                  45              7             71            124
                  46              8             38            127
                  47              1             92            132
                  48              6             34            132
                  49              5              8            128
                  50              5             75            132
                  51              5             34            131
                  52              5             43            128
                  53              9              8            133
                  54              7             41            127
                  55              3             34            133
                  56              8             70            129
                  57              3             45            133
                  58              8             92            129
                  59              5             91            130
                  60              1             17            130
                  61              8             39            124
                  62              9             70            129
                  63              6             92            129
                  64              6             98            131
                  65              2             38            133
                  66              3             78            126
                  67              6             19            129
                  68              2             78            125
                  69              3             26            129
                  70              6             34            124
                  71              5             70            125
                  72              3             89            128
                  73              9             91            124
                  74              5             89            128
                  75              7             96            127
                  76              6             43            124
                  77              1             34            124
                  78              1             14            133
                  79              1             45            129
                  80              2             76            125
                  81              3             50            129
                  82              9             26            127
                  83              8             43            131
                  84              9             98            132
                  85              1             89            133
                  86              3             72            127
                  87              8             17            125
                  88              8             50            127
                  89              8             19            131
                  90              6             87            131
                  91              6             41            126
                  92              7             34            127
                  93              5             71            132
                  94              7             43            124
                  95              8             76            124
                  96              6             76            128
                  97              8             26            125
                  98              4             89            126
                  99              2             92            124

    #            o/d              3              5              6              7              8              9             10             11             14             20             22             23             27             28             29             32             33             34             35             38             39             40             41             48             49             52             53             60             63             66             75             77             79             80             81             83             85             87             88             90             91             94             98            101            102            104            107            108            113            114            116            123            124            125            126            127            128            129            130            131            132            133
                   5             97
                   6            108            102
                   7             11             87            101
                   8             96             82             21             88
                   9             31            110             91             33             84
                  10            105             81             23             96             11             94
                  11             60            124            165             65            151             87            159
                  14             23            114            105             29             97             15            106             74
                  20             51            141            116             58            112             33            122             92             29
                  22             15             91             94             11             82             23             91             73             23             51
                  23             86             97             23             80             23             68             33            144             82             94             72
                  27             94             11             92             84             72            105             71            126            109            136             87             87
                  28             52            104            152             55            137             82            144             21             71             94             65            132            106
                  29             73             78             37             65             23             62             33            129             74             92             60             21             68            116
                  32             60             65            132             55            114             87            119             61             82            110             65            116             68             41             97
                  33             62            122             72             61             72             33             82            119             46             46             51             51            115            114             55            114
                  34             97             61             42             87             23             92             21            146            102            122             84             43             51            130             33            102             87
                  35             61            129             82             62             82             31             92            116             42             37             52             61            122            112             65            116             11             97
                  38             68             68             46             60             29             61             37            122             72             92             55             31             60            108             11             87             60             31             68
                  39             33             73             80             23             65             37             73             86             42             68             21             60             68             73             43             61             55             65             60             37
                  40             78             65             42             68             23             71             29            130             82            102             65             33             55            115             15             91             68             21             78             11             46
                  41             74             23             92             65             72             88             74            106             91            119             68             82             21             87             62             51            102             55            108             52             51             51
                  48             23            102            129             29            116             52            124             37             41             65             37            108            102             31             94             51             84            114             82             88             51             96             81
                  49             37            122            144             46            132             60            141             31             46             61             51            122            122             37            110             68             91            132             87            105             68            114            102             21
                  52             23             82            116             21            101             52            108             51             46             73             31             96             81             37             80             37             81             96             82             72             37             80             61             21             41
                  53             82            114             41             78             46             58             55            141             72             78             68             23            105            132             37            122             33             65             42             46             62             51             97            105            116             97
                  60             87             62             41             78             21             81             23            138             92            112             74             37             52            122             23             96             78             11             87             21             55             11             52            105            123             88             58
                  63             33            124            138             42            127             51            136             41             37             51             46            116            122             46            105             73             82            129             78            100             65            109            102             23             11             42            108            119
                  66             72             29             82             62             62             82             65            109             87            114             65             72             23             91             52             58             94             46            101             42             46             41             11             82            102             62             87             42            102
                  75             55             74            136             52            119             84            124             51             78            105             62            119             78             31            100             11            112            108            114             91             62             96             60             43             60             33            124            102             65             65
                  77             31            126            132             41            123             43            132             51             29             41             42            110            124             55            100             80             73            126             68             97             62            106            104             29             21             46            101            116             11            102             72
                  79             92             21             82             82             62            100             61            129            106            132             84             78             11            109             60             73            108             41            116             51             65             46             23            102            122             82             96             42            122             21             82            122
                  80             29            112            137             37            124             55            132             33             42             62             43            115            112             33            102             60             87            123             84             96             60            105             92             11             11             31            110            114             15             92             51             23            112
                  81             78            119             51             74             55             51             65            136             65             68             65             33            110            129             43            122             23             73             33             51             61             58            100            100            110             94             11             65            102             91            122             94            102            105
                  83             23            119            119             33            109             29            119             62             15             33             31             96            116             62             87             80             60            114             55             84             51             94             97             33             33             43             86            104             23             94             73             15            114             31             80
                  85             21             78             94             11             80             37             88             72             37             65             15             73             74             60             58             52             62             78             65             51             15             60             55             37             55             23             74             68             52             52             51             51             72             46             72             42
                  87             91             15            112             82             92            108             92            112            110            138             88            104             23             92             84             52            124             72            130             74             72             72             23             94            114             74            119             71            116             33             62            119             33            104            123            114             73
                  88             87             11            102             78             81            102             82            114            105            132             82             94             15             94             74             55            116             62            122             65             65             62             15             92            112             72            109             61            114             23             65            116             23            102            114            109             68             11
                  90             65             33             94             55             74             80             78             97             82            110             60             81             31             78             61             43             96             60            102             51             43             52             11             71             92             51             94             55             92             15             51             94             33             81             97             87             46             29             23
                  91             52            115             74             51             71             23             81            109             37             42             41             52            108            104             52            104             11             84             15             55             46             65             94             74             82             71             37             74             73             86            102             65            102             78             29             51             52            116            108             88
                  94             62             51             65             52             46             65             51            110             72             97             51             51             43             94             31             68             72             37             80             21             31             23             33             78             97             60             65             29             94             23             73             92             37             87             68             81             42             55             46             31             65
                  98             33             81            124             31            108             62            115             46             55             82             41            105             82             29             88             29             92            102             92             80             46             86             62             23             42             11            106             94             46             65             23             51             84             33            104             51             33             72             71             52             81             65
                 101             72            130             71             71             74             42             84            129             55             51             61             52            122            124             60            124             11             91             15             65             65             73            110             94            100             92             31             82             91            102            122             82            115             97             21             68             72            132            124            105             21             80            102
                 102             52             84            141             51            124             82            130             41             74            100             61            123             87             21            105             21            112            115            112             96             65            102             68             37             51             31            126            108             58             73             11             65             91             43            124             68             52             72             74             60            102             80             21            122
                 104             65            144            102             68            102             37            112            112             42             23             60             81            138            112             84            123             31            116             21             87             72             97            122             82             82             87             62            106             72            116            119             62            132             81             52             51             73            144            137            115             33             96             97             33            116
                 107             94            106             21             88             29             73             37            152             88             97             80             11             97            141             31            126             52             51             62             41             68             42             92            116            129            105             21             46            122             82            129            116             87            122             31            102             82            114            104             92             55             61            114             51            132             82
                 108             43             61            114             37             96             68            102             65             65             94             46             97             62             46             78             21             94             86             97             68             41             73             42             42             62             23            102             80             65             46             23             68             65             52            102             65             33             52             51             33             84             51             21            104             29            105            106
                 113             68             31            104             60             84             86             87             94             88            116             65             92             33             74             71             37            105             68            110             61             51             62             15             72             92             52            104             65             94             23             46             97             37             82            106             91             51             23             21             11             96             41             51            114             55            122            102             31
                 114             80            100             33             73             33             60             42            138             73             84             65             11             91            127             23            114             41             51             51             33             55             37             84            102            115             91             15             43            108             74            116            102             82            108             23             88             68            106             97             82             42             52            100             42            119             71             15             94             92
                 116             33             65             96             23             80             51             86             73             51             80             29             78             62             58             60             41             74             73             78             51             21             58             42             42             62             23             82             65             61             41             42             62             61             52             81             55             15             60             55             33             65             37             29             84             46             88             87             21             37             74
                 123             72             91             37             65             31             55             41            130             68             82             58             15             82            119             15            104             42             46             52             23             46             29             74             94            108             82             23             37            102             65            106             96             73            101             29             82             60             97             87             72             41             42             91             46            109             72             23             84             82             11             65
                 124             37             80             72             29             60             33             68             94             41             65             23             51             73             82             37             71             46             62             51             33             11             42             58             58             73             46             52             52             68             51             72             65             68             65             51             52             23             80             72             51             37             33             55             55             74             65             60             51             60             46             31             37
                 125             65             42            116             58             97             88            100             82             86            115             65            102             46             62             82             23            109             82            114             72             55             74             29             65             84             46            112             78             87             37             33             91             51             74            114             88             51             31             33             23            100             52             42            119             42            124            112             23             15            102             37             92             65
                 126             74             55             52             65             33             72             37            124             81            104             62             42             46            108             23             82             73             23             82             15             42             11             41             91            109             73             60             15            106             31             88            104             37            100             65             92             55             62             52             42             68             15             80             80             94            100             52             65             52             46             51             37             41             65
                 127             42             65             73             33             58             46             65             94             52             78             31             55             60             80             37             62             60             55             65             29             11             37             43             60             78             43             61             46             74             37             65             72             55             68             62             61             23             65             58             37             51             21             51             68             68             80             65             42             46             52             23             42             15             52             33
                 128             71            137             81             72             84             41             94            126             52             43             62             62            129            122             68            126             15            100             11             73             68             82            116             92             97             92             41             91             87            108            124             78            122             94             31             65             74            138            130            110             23             86            102             11            122             23             61            106            119             52             87             55             60            123             88             73
                 129             65             60             55             55             37             62             43            116             71             94             52             41             51            101             21             78             65             33             73             11             33             15             42             82            100             65             55             23             97             33             82             94             43             91             60             82             46             65             55             41             60             11             72             72             88             91             51             60             51             42             43             33             31             62             11             23             80
                 130             51             94            146             52            130             81            137             31             72             97             62            127             97             11            110             31            112            122            112            102             68            108             78             33             43             33            129            115             51             82             21             60            100             37            126             65             55             82             84             68            102             86             23            122             11            114            136             37             65            123             51            114             78             52            101             73            122             94
                 131             92             31             72             81             52             97             51            132            104            129             82             68             21            114             51             80            102             31            110             43             62             37             29            104            124             84             88             33            122             23             88            122             11            114             94            112             71             42             33             37             96             33             87            108             96            127             78             68             43             73             62             65             65             58             29             52            116             37            105
                 132             84             15             92             74             71             96             72            116            100            127             78             84             11             97             65             60            108             52            115             55             60             52             11             92            112             71            100             51            112             15             68            114             15            102            105            106             65             21             11             21            101             37             72            116             78            130             94             52             23             87             52             78             65             37             42             51            122             46             87             23
                 133             15            104            122             23            110             42            119             46             31             55             29            101            102             41             88             58             74            109             72             82             46             91             82             11             23             23             96            100             21             81             51             23            102             15             91             23             33             97             94             72             65             74             29             84             46             72            108             46             74             94             41             86             51             68             87             55             82             78             42            102             92
