    #        ngroups         ntours         nspots
                  10              3             15

    #        spot_id         n_name         length              a              b
                  18        Spot_18            210              0           1440
                  47        Spot_47            120              0           1440
                  49        Spot_49             60              0           1440
                  52        Spot_52             90              0           1440
                  69        Spot_69            120              0           1440
                  78        Spot_78             90              0           1440
                  88        Spot_88            210              0           1440
                 100       Spot_100             90              0           1440
                 126      Hotel_126              0              0           1440
                 127      Hotel_127              0              0           1440
                 128      Hotel_128              0              0           1440
                 129      Hotel_129              0              0           1440
                 130      Hotel_130              0              0           1440
                 131      Hotel_131              0              0           1440
                 132      Hotel_132              0              0           1440

    #          tr_id        tr_name          nspot            seq
                  84        Tour_84              3             49             69             47
                  21        Tour_21              3            100             78             18
                  83        Tour_83              2             52             88

    #          gr_id        gr_size          tr_id         origin
                   0              7             84            127
                   1              7             21            129
                   2              4             83            130
                   3              7             21            132
                   4              1             83            132
                   5              4             84            131
                   6              4             83            130
                   7              3             21            129
                   8              3             21            128
                   9              2             21            126

    #            o/d             18             47             49             52             69             78             88            100            126            127            128            129            130            131            132
                  47             46
                  49             60             33
                  52             33             15             41
                  69             21             29             52             15
                  78             37             80             96             65             51
                  88             73             81            112             72             65             68
                 100             51             51             82             42             37             61             31
                 126             52             88            109             73             60             23             52             55
                 127             21             58             78             43             29             23             58             42             33
                 128             65            102             97             92             84             65            130            114             88             73
                 129             42             80            100             65             51             15             55             52             11             23             80
                 130             65             21             43             33             46             96             84             55            101             73            122             94
                 131             72             97            124             84             72             51             33             51             29             52            116             37            105
                 132             68             82            112             71             62             60             11             33             42             51            122             46             87             23
