    #        ngroups         ntours         nspots
                 100             25             62

    #        spot_id         n_name         length              a              b
                   0         Spot_0            210              0           1440
                   1         Spot_1            150              0           1440
                   4         Spot_4            150              0           1440
                   5         Spot_5             90              0           1440
                   6         Spot_6             60              0           1440
                   7         Spot_7             60              0           1440
                  10        Spot_10            120              0           1440
                  11        Spot_11            180              0           1440
                  15        Spot_15            210              0           1440
                  19        Spot_19            150              0           1440
                  21        Spot_21            180              0           1440
                  22        Spot_22            150              0           1440
                  23        Spot_23            210              0           1440
                  29        Spot_29             60              0           1440
                  30        Spot_30             60              0           1440
                  32        Spot_32            150              0           1440
                  33        Spot_33            210              0           1440
                  34        Spot_34            120              0           1440
                  35        Spot_35            150              0           1440
                  38        Spot_38            180              0           1440
                  39        Spot_39             90              0           1440
                  40        Spot_40             60              0           1440
                  43        Spot_43            210              0           1440
                  44        Spot_44            150              0           1440
                  45        Spot_45            120              0           1440
                  47        Spot_47            120              0           1440
                  49        Spot_49             60              0           1440
                  52        Spot_52             90              0           1440
                  53        Spot_53            150              0           1440
                  57        Spot_57             90              0           1440
                  58        Spot_58            180              0           1440
                  60        Spot_60             90              0           1440
                  65        Spot_65             90              0           1440
                  69        Spot_69            120              0           1440
                  71        Spot_71            180              0           1440
                  72        Spot_72             60              0           1440
                  73        Spot_73            180              0           1440
                  77        Spot_77            150              0           1440
                  79        Spot_79             60              0           1440
                  80        Spot_80            210              0           1440
                  85        Spot_85             90              0           1440
                  86        Spot_86            180              0           1440
                  88        Spot_88            210              0           1440
                  91        Spot_91            210              0           1440
                  98        Spot_98             90              0           1440
                  99        Spot_99            210              0           1440
                 101       Spot_101             60              0           1440
                 104       Spot_104            210              0           1440
                 106       Spot_106            180              0           1440
                 107       Spot_107            120              0           1440
                 118       Spot_118            210              0           1440
                 119       Spot_119            120              0           1440
                 124      Hotel_124              0              0           1440
                 125      Hotel_125              0              0           1440
                 126      Hotel_126              0              0           1440
                 127      Hotel_127              0              0           1440
                 128      Hotel_128              0              0           1440
                 129      Hotel_129              0              0           1440
                 130      Hotel_130              0              0           1440
                 131      Hotel_131              0              0           1440
                 132      Hotel_132              0              0           1440
                 133      Hotel_133              0              0           1440

    #          tr_id        tr_name          nspot            seq
                  49        Tour_49              4             57            101             44             65
                  34        Tour_34              2            101             10
                  14        Tour_14              2             88             85
                  20        Tour_20              2             35             86
                  62        Tour_62              2             15            119
                  25        Tour_25              2             58             21
                  70        Tour_70              1             11
                  92        Tour_92              2             23             85
                  81        Tour_81              2            118             71
                  59        Tour_59              3            119             34             72
                  41        Tour_41              2             80             32
                  96        Tour_96              2            107             79
                  39        Tour_39              2             77             60
                   9         Tour_9              3              7             43             32
                  86        Tour_86              1             91
                  84        Tour_84              3             49             69             47
                  97        Tour_97              3             45             19              1
                  82        Tour_82              4             40             29             33              6
                  90        Tour_90              3             43             72             30
                  91        Tour_91              2            104             22
                  76        Tour_76              3             38             98             39
                  68        Tour_68              2            106             53
                   4         Tour_4              3             73              0              5
                   6         Tour_6              2             99              4
                  83        Tour_83              2             52             88

    #          gr_id        gr_size          tr_id         origin
                   0              8             49            131
                   1              1             34            129
                   2              8             14            125
                   3              2             20            129
                   4              4             62            131
                   5              3             25            130
                   6              6             70            133
                   7              1             92            130
                   8              9             81            132
                   9              1             59            125
                  10              1             41            133
                  11              7             96            126
                  12              6             39            129
                  13              4              9            129
                  14              1             86            133
                  15              8             84            127
                  16              4             97            124
                  17              5             82            131
                  18              6             90            127
                  19              3             91            130
                  20              8             76            128
                  21              6             68            125
                  22              3              4            124
                  23              7              6            124
                  24              2             83            132
                  25              3             81            128
                  26              8             92            127
                  27              3             86            126
                  28              5             91            133
                  29              1             25            125
                  30              8             96            128
                  31              9             82            126
                  32              9             70            124
                  33              6             76            125
                  34              7             68            127
                  35              8             62            124
                  36              1             70            130
                  37              1             20            128
                  38              3             92            127
                  39              2             91            131
                  40              3             91            124
                  41              4             25            127
                  42              5             25            125
                  43              9             20            128
                  44              4             14            126
                  45              8             86            125
                  46              4             92            127
                  47              9              9            124
                  48              6              9            126
                  49              5             41            131
                  50              6             25            132
                  51              5             96            125
                  52              9             84            132
                  53              3             81            130
                  54              5             82            128
                  55              2             14            132
                  56              1             82            129
                  57              9             68            124
                  58              3             86            126
                  59              5             14            132
                  60              6             39            133
                  61              7             82            131
                  62              9             62            131
                  63              6             86            126
                  64              1             34            133
                  65              1             59            131
                  66              5             76            132
                  67              4             70            128
                  68              2             39            128
                  69              6              6            130
                  70              7             76            132
                  71              1             49            127
                  72              8             68            130
                  73              3             59            132
                  74              5             34            129
                  75              3             84            125
                  76              4             92            129
                  77              3             39            126
                  78              3             14            124
                  79              4              4            128
                  80              1             49            130
                  81              7             86            132
                  82              4              6            126
                  83              5             59            127
                  84              1             34            124
                  85              9              4            130
                  86              2             92            131
                  87              9             70            131
                  88              1             92            129
                  89              3             34            133
                  90              3             86            129
                  91              1             81            129
                  92              3             41            127
                  93              5             62            133
                  94              2             39            126
                  95              8              6            128
                  96              6             90            133
                  97              3              6            133
                  98              9             92            130
                  99              5              6            125

    #            o/d              0              1              4              5              6              7             10             11             15             19             21             22             23             29             30             32             33             34             35             38             39             40             43             44             45             47             49             52             53             57             58             60             65             69             71             72             73             77             79             80             85             86             88             91             98             99            101            104            106            107            118            119            124            125            126            127            128            129            130            131            132            133
                   1             73
                   4             74            119
                   5             60             92            132
                   6             82             11            123            102
                   7             31             94             46             87            101
                  10             72             15            126             81             23             96
                  11             88            158             71            124            165             65            159
                  15             51            102            119             23            112             73             94            102
                  19             42            114             86             62            123             46            110             62             41
                  21             72            123             11            129            127             42            129             61            114             80
                  22             33             88             42             91             94             11             91             73             80             55             41
                  23             65             21            100             97             23             80             33            144            102            106            105             72
                  29             46             29             94             78             37             65             33            129             82             87             97             60             21
                  30             72             33             96            109             31             82             46            146            114            114            102             73             15             33
                  32             52            123             94             65            132             55            119             61             42             11             86             65            116             97            124
                  33             68             71             58            122             72             61             82            119            119            104             65             51             51             55             42            114
                  34             60             33            122             61             42             87             21            146             74             94            124             84             43             33             58            102             87
                  35             73             81             51            129             82             62             92            116            124            106             60             52             61             65             52            116             11             97
                  38             37             37             92             68             46             60             37            122             72             78             94             55             31             11             42             87             60             31             68
                  39             15             72             62             73             80             23             73             86             65             51             61             21             60             43             65             61             55             65             60             37
                  40             43             33            102             65             42             68             29            130             71             82            104             65             33             15             46             91             68             21             78             11             46
                  43             42             96             33            100            102             15            100             68             88             60             31             11             80             68             80             68             52             94             51             65             31             74
                  44             73            104             23            132            106             51            112             92            122             96             33             43             84             81             78            105             37            112             29             82             60             92             37
                  45             65            137             65            102            144             46            137             23             81             41             55             55            124            108            127             42            104            124            102            101             65            108             52             82
                  47             51            122             60             92            130             33            122             37             72             33             51             42            110             94            114             37             92            110             92             86             51             94             41             74             15
                  49             74            138             41            122            144             46            141             31            104             65             31             51            122            110            122             68             91            132             87            105             68            114             43             62             29             33
                  52             37            108             58             82            116             21            108             51             65             29             51             31             96             80            100             37             81             96             82             72             37             80             33             68             29             15             41
                  53             71             42             88            114             41             78             55            141            116            112             94             68             23             37             11            122             33             65             42             46             62             51             73             68            123            109            116             97
                  57             65             94             29            124             97             46            102             94            115             91             37             37             74             71             68            100             29            102             23             72             51             82             33             11             81             72             65             65             60
                  58             60            112            124             29            122             80            104            102             11             42            119             86            112             92            124             41            127             84            132             82             73             81             94            129             82             74            106             68            126            122
                  60             51             31            112             62             41             78             23            138             72             88            114             74             37             23             51             96             78             11             87             21             55             11             84            102            116            102            123             88             58             92             82
                  65             52             52            122             41             62             82             41            136             55             80            122             81             60             43             73             86             96             21            105             37             61             29             92            116            114            100            126             87             80            106             65             23
                  69             23             94             60             74            102             15             94             65             60             33             55             23             82             65             87             42             72             82             74             58             23             65             29             65             43             29             52             15             84             60             65             73             74
                  71             46             65             55            101             68             42             72            105             96             82             60             33             46             41             43             92             23             72             29             42             33             52             37             41             87             74             80             62             37             31            105             62             78             51
                  72             78            116             11            136            119             51            124             81            124             94             21             46             97             92             91            102             51            122             43             92             65            102             37             15             74             68             51             65             82             23            130            112            124             65             52
                  73             11             82             78             55             91             33             80             82             43             33             74             37             74             55             82             42             78             65             82             46             23             51             46             80             60             46             72             33             81             72             51             58             55             21             55             82
                  77             71            127             21            126            132             41            132             51            109             73             11             42            110            100            108             80             73            126             68             97             62            106             33             42             46             43             21             46            101             46            114            116            122             52             65             31             72
                  79             52             72            126             21             82             82             61            129             37             68            124             84             78             60             91             73            108             41            116             51             65             46             94            123            106             94            122             82             96            114             46             42             21             71             88            129             51            122
                  80             65            130             42            112            137             37            132             33             94             55             33             43            115            102            116             60             87            123             84             96             60            105             37             61             23             23             11             31            110             62             97            114            116             42             73             52             62             23            112
                  85             21             86             55             78             94             11             88             72             65             42             52             15             73             58             78             52             62             78             65             51             15             60             23             58             51             37             55             23             74             51             72             68             72             11             41             60             23             51             72             46
                  86             82            151             61            122            158             58            152             11            102             61             51             65            137            122            138             62            109            141            106            116             80            124             60             82             21             33             21             46            132             84            102            132            132             60             96             71             78             41            126             23             65
                  88             51             92            123             11            102             78             82            114             15             52            119             82             94             74            106             55            116             62            122             65             65             62             91            124             92             81            112             72            109            116             23             61             42             65             94            127             46            116             23            102             68            112
                  91             60             72             51            115             74             51             81            109            110             94             58             41             52             52             46            104             11             84             15             55             46             65             42             33             94             82             82             71             37             23            119             74             91             62             15             46             68             65            102             78             52            100            108
                  98             43            116             65             81            124             31            115             46             62             23             58             41            105             88            109             29             92            102             92             80             46             86             42             78             23             11             42             11            106             74             65             94             91             23             72             73             37             51             84             33             33             42             71             81
                  99             58             84             37            116             87             42             92             97            108             87             43             33             65             61             60             97             23             92             21             62             43             72             31             21             82             71             68             62             51             11            116             82             97             55             21             33             65             51            105             65             46             87            108             15             72
                 101             78             72             65            130             71             71             84            129            127            114             73             61             52             60             41            124             11             91             15             65             65             73             62             43            114            102            100             92             31             37            136             82            102             82             33             58             87             82            115             97             72            119            124             21            102             33
                 104             86            102             42            144            102             68            112            112            137            114             52             60             81             84             72            123             31            116             21             87             72             97             55             21            102             94             82             87             62             23            144            106            123             82             46             33             94             62            132             81             73            102            137             33             97             29             33
                 106             52            105             23            109            110             23            109             65             96             65             21             21             88             78             86             73             55            104             52             74             41             84             11             33             51             42             37             37             80             31            102             94            102             37             43             29             55             23            104             33             33             55            100             46             46             33             65             52
                 107             74             23            105            106             21             88             37            152            112            116            110             80             11             31             11            126             52             51             62             41             68             42             86             87            132            119            129            105             21             78            122             46             68             91             51            100             84            116             87            122             82            144            104             55            114             68             51             82             94
                 118             78            144             51            122            151             51            146             21            102             62             41             58            129            116            130             65            100            136             97            110             73            119             51             72             23             31             11             42            124             74            104            127            129             55             88             61             74             31            124             15             60             11            112             91             41             78            109             92             46            137
                 119             51             42             78             96             46             60             51            124             97             92             82             51             23             23             23            102             33             55             42             29             42             37             58             62            105             91            101             78             21             52            106             46             65             65             23             74             61             88             80             94             55            116             91             31             87             42             37             62             65             29            108
                 124             23             65             61             80             72             29             68             94             73             61             62             23             51             37             55             71             46             62             51             33             11             42             33             55             73             60             73             46             52             46             82             52             62             33             23             62             33             65             68             65             23             86             72             37             55             37             55             65             42             60             80             33
                 125             42            106            102             42            116             58            100             82             21             21             96             65            102             82            112             23            109             82            114             72             55             74             72            108             61             52             84             46            112            102             23             78             65             43             87            108             33             91             51             74             51             81             33            100             42             96            119            124             80            112             82             92             65
                 126             37             42            102             55             52             65             37            124             61             73            102             62             42             23             55             82             73             23             82             15             42             11             72             94            102             88            109             73             60             84             71             15             23             60             55            102             43            104             37            100             55            119             52             68             80             74             80            100             82             52            114             43             41             65
                 127             11             65             72             65             73             33             65             94             60             52             71             31             55             37             62             62             60             55             65             29             11             37             41             68             72             58             78             43             61             60             68             46             51             29             37             74             21             72             55             68             23             88             58             51             51             51             68             80             51             65             82             41             15             52             33
                 128             82             82             60            137             81             72             94            126            132            116             68             62             62             68             51            126             15            100             11             73             68             82             61             37            112            102             97             92             41             33            141             91            110             84             37             51             91             78            122             94             74            116            130             23            102             31             11             23             62             61            106             46             60            123             88             73
                 129             29             46             92             60             55             55             43            116             62             68             92             52             41             21             52             78             65             33             73             11             33             15             62             84             94             80            100             65             55             74             72             23             33             51             46             92             37             94             43             91             46            110             55             60             72             65             72             91             72             51            105             37             31             62             11             23             80
                 130             65            138             78             94            146             52            137             31             72             33             68             62            127            110            132             31            112            122            112            102             68            108             61             94             15             21             43             33            129             92             71            115            110             46             94             87             58             60            100             37             55             33             84            102             23             92            122            114             62            136             37            109             78             52            101             73            122             94
                 131             51             62            124             31             72             81             51            132             46             73            122             82             68             51             82             80            102             31            110             43             62             37             92            119            109             97            124             84             88            109             55             33             11             72             82            126             52            122             11            114             71            129             33             96             87            100            108            127            102             78            126             72             65             58             29             52            116             37            105
                 132             46             81            119             15             92             74             72            116             23             55            116             78             84             65             97             60            108             52            115             55             60             52             87            119             94             82            112             71            100            110             33             51             33             62             86            123             42            114             15            102             65            114             11            101             72            102            116            130             97             94            112             82             65             37             42             51            122             46             87             23
                 133             52            116             37            104            122             23            119             46             87             51             29             29            101             88            102             58             74            109             72             82             46             91             23             52             31             23             23             23             96             51             91            100            104             31             60             46             51             23            102             15             33             37             94             65             29             52             84             72             21            108             29             80             51             68             87             55             82             78             42            102             92
