    #        ngroups         ntours         nspots
                 100             25             60

    #        spot_id         n_name         length              a              b
                   4         Spot_4            150              0           1440
                   5         Spot_5             90              0           1440
                   7         Spot_7             60              0           1440
                  10        Spot_10            120              0           1440
                  11        Spot_11            180              0           1440
                  14        Spot_14            120              0           1440
                  15        Spot_15            210              0           1440
                  17        Spot_17             90              0           1440
                  21        Spot_21            180              0           1440
                  22        Spot_22            150              0           1440
                  23        Spot_23            210              0           1440
                  24        Spot_24            210              0           1440
                  27        Spot_27             90              0           1440
                  32        Spot_32            150              0           1440
                  35        Spot_35            150              0           1440
                  36        Spot_36            120              0           1440
                  39        Spot_39             90              0           1440
                  46        Spot_46             60              0           1440
                  47        Spot_47            120              0           1440
                  49        Spot_49             60              0           1440
                  52        Spot_52             90              0           1440
                  55        Spot_55             60              0           1440
                  56        Spot_56            180              0           1440
                  59        Spot_59            180              0           1440
                  60        Spot_60             90              0           1440
                  61        Spot_61            210              0           1440
                  62        Spot_62            150              0           1440
                  66        Spot_66            120              0           1440
                  69        Spot_69            120              0           1440
                  77        Spot_77            150              0           1440
                  79        Spot_79             60              0           1440
                  80        Spot_80            210              0           1440
                  85        Spot_85             90              0           1440
                  86        Spot_86            180              0           1440
                  88        Spot_88            210              0           1440
                  91        Spot_91            210              0           1440
                  97        Spot_97             60              0           1440
                 101       Spot_101             60              0           1440
                 104       Spot_104            210              0           1440
                 107       Spot_107            120              0           1440
                 108       Spot_108             90              0           1440
                 109       Spot_109            120              0           1440
                 110       Spot_110            180              0           1440
                 111       Spot_111            180              0           1440
                 113       Spot_113            210              0           1440
                 116       Spot_116            150              0           1440
                 117       Spot_117             60              0           1440
                 119       Spot_119            120              0           1440
                 122       Spot_122             60              0           1440
                 123       Spot_123            210              0           1440
                 124      Hotel_124              0              0           1440
                 125      Hotel_125              0              0           1440
                 126      Hotel_126              0              0           1440
                 127      Hotel_127              0              0           1440
                 128      Hotel_128              0              0           1440
                 129      Hotel_129              0              0           1440
                 130      Hotel_130              0              0           1440
                 131      Hotel_131              0              0           1440
                 132      Hotel_132              0              0           1440
                 133      Hotel_133              0              0           1440

    #          tr_id        tr_name          nspot            seq
                  72        Tour_72              3             66             27            123
                  20        Tour_20              2             35             86
                  34        Tour_34              2            101             10
                  92        Tour_92              2             23             85
                  65        Tour_65              3             59            109             69
                  29        Tour_29              3             17            111            110
                  40        Tour_40              3             79             49              5
                  41        Tour_41              2             80             32
                  18        Tour_18              2             11             47
                  16        Tour_16              3             62             24             79
                  86        Tour_86              1             91
                  14        Tour_14              2             88             85
                  88        Tour_88              3             39             36             77
                  37        Tour_37              2            108            107
                  31        Tour_31              3             86              4              7
                  11        Tour_11              3             52             66             55
                  39        Tour_39              2             77             60
                  91        Tour_91              2            104             22
                  13        Tour_13              3             97             21            117
                  43        Tour_43              2             14             35
                  47        Tour_47              1             56
                  73        Tour_73              2             46            113
                  80        Tour_80              2            101              5
                  35        Tour_35              3             61            116            122
                  62        Tour_62              2             15            119

    #          gr_id        gr_size          tr_id         origin
                   0              8             72            129
                   1              4             20            132
                   2              5             34            127
                   3              7             92            128
                   4              9             65            129
                   5              3             29            124
                   6              9             40            128
                   7              1             41            131
                   8              3             18            130
                   9              6             16            132
                  10              7             86            131
                  11              8             14            126
                  12              8             88            128
                  13              9             37            127
                  14              3             31            133
                  15              2             11            127
                  16              4             39            125
                  17              9             91            130
                  18              2             13            130
                  19              4             43            129
                  20              2             47            129
                  21              6             73            125
                  22              7             80            128
                  23              6             35            131
                  24              9             62            126
                  25              6             86            126
                  26              4             72            130
                  27              1             40            126
                  28              1             91            125
                  29              6             73            125
                  30              7             11            127
                  31              7             65            132
                  32              9             16            128
                  33              9             35            129
                  34              3             20            133
                  35              1             29            133
                  36              2             88            131
                  37              5             35            132
                  38              8             31            127
                  39              5             18            129
                  40              1             40            130
                  41              4             40            124
                  42              1             80            126
                  43              3             14            125
                  44              3             62            126
                  45              9             29            124
                  46              7             20            130
                  47              9             13            131
                  48              6             11            131
                  49              6             72            127
                  50              7             18            126
                  51              5             20            129
                  52              4             14            132
                  53              6             72            131
                  54              3             16            130
                  55              2             16            133
                  56              4             62            125
                  57              4             14            130
                  58              7             35            131
                  59              4             73            126
                  60              3             91            129
                  61              5             41            127
                  62              8             16            124
                  63              5             39            126
                  64              3             72            129
                  65              9             35            128
                  66              8             35            125
                  67              9             20            125
                  68              4             47            133
                  69              8             34            128
                  70              7             29            130
                  71              6             80            127
                  72              4             65            124
                  73              5             18            126
                  74              6             88            128
                  75              1             72            133
                  76              1             20            125
                  77              6             18            133
                  78              4             43            124
                  79              7             47            124
                  80              9             34            132
                  81              8             16            124
                  82              2             73            130
                  83              7             86            125
                  84              7             39            124
                  85              2             16            133
                  86              7             88            132
                  87              4             88            131
                  88              5             91            129
                  89              7             34            124
                  90              5             73            132
                  91              5             13            132
                  92              3             37            133
                  93              1             91            127
                  94              9             73            128
                  95              1             73            127
                  96              8             92            131
                  97              1             16            132
                  98              3             16            128
                  99              9             65            133

    #            o/d              4              5              7             10             11             14             15             17             21             22             23             24             27             32             35             36             39             46             47             49             52             55             56             59             60             61             62             66             69             77             79             80             85             86             88             91             97            101            104            107            108            109            110            111            113            116            117            119            122            123            124            125            126            127            128            129            130            131            132            133
                   5            132
                   7             46             87
                  10            126             81             96
                  11             71            124             65            159
                  14             21            114             29            106             74
                  15            119             23             73             94            102            102
                  17            132             23             88            102            112            116             15
                  21             11            129             42            129             61             23            114            127
                  22             42             91             11             91             73             23             80             94             41
                  23            100             97             80             33            144             82            102            114            105             72
                  24             46            108             41             82            100             29            102            116             51             31             55
                  27            129             11             84             71            126            109             29             33            126             87             87            102
                  32             94             65             55            119             61             82             42             51             86             65            116             94             68
                  35             51            129             62             92            116             42            124            138             60             52             61             23            122            116
                  36             51            159             82            124            122             55            151            165             61             73             92             51            152            136             33
                  39             62             73             23             73             86             42             65             80             61             21             60             37             68             61             60             86
                  46             84             51             41             65             96             65             46             60             82             42             62             58             46             55             80            108             23
                  47             60             92             33            122             37             52             72             84             51             42            110             72             92             37             92            106             51             60
                  49             41            122             46            141             31             46            104            116             31             51            122             73            122             68             87             92             68             84             33
                  52             58             82             21            108             51             46             65             78             51             31             96             61             81             37             82            100             37             46             15             41
                  55            122             51             84             31            141            102             65             72            122             82             51             84             41             94            100            132             62             46            105            129             91
                  56            114             33             71             52            123             94             42             51            112             72             65             82             23             72            102            132             52             31             87            114             74             23
                  59            104             37             61             55            114             84             41             52            102             62             62             73             29             65             94            124             42             21             78            104             65             29             11
                  60            112             62             78             23            138             92             72             81            114             74             37             72             52             96             87            119             55             43            102            123             88             15             31             33
                  61            112             42             72             42            127             92             52             61            112             71             55             78             33             80             96            127             51             33             91            116             78             15             11             15             21
                  62             97             37             52             68            100             78             33             46             94             55             71             72             33             51             94            122             37             15             65             92             52             43             23             15             46             29
                  66            106             29             62             65            109             87             31             42            104             65             72             80             23             58            101            130             46             23             74            102             62             37             15             11             42             23             11
                  69             60             74             15             94             65             43             60             73             55             23             82             52             72             42             74             96             23             33             29             52             15             78             62             52             73             65             41             51
                  77             21            126             41            132             51             29            109            123             11             42            110             58            124             80             68             71             62             81             43             21             46            124            112            102            116            112             92            102             52
                  79            126             21             82             61            129            106             37             42            124             84             78             96             11             73            116            146             65             42             94            122             82             31             15             23             42             23             31             21             71            122
                  80             42            112             37            132             33             42             94            106             33             43            115             68            112             60             84             92             60             74             23             11             31            119            104             94            114            106             82             92             42             23            112
                  85             55             78             11             88             72             37             65             80             52             15             73             42             74             52             65             88             15             31             37             55             23             74             61             51             68             62             42             52             11             51             72             46
                  86             61            122             58            152             11             65            102            112             51             65            137             91            124             62            106            112             80             91             33             21             46            136            119            109            132            123             97            106             60             41            126             23             65
                  88            123             11             78             82            114            105             15             21            119             82             94            101             15             55            122            151             65             43             81            112             72             52             31             33             61             41             29             23             65            116             23            102             68            112
                  91             51            115             51             81            109             37            110            124             58             41             52             11            108            104             15             46             46             65             82             82             71             87             88             80             74             82             80             86             62             65            102             78             52            100            108
                  97             68            102             55             61            119             51            100            114             73             46             33             23             94            102             33             65             41             55             87             94             74             68             72             65             55             65             68             73             62             80             86             88             52            110             96             21
                 101             65            130             71             84            129             55            127            141             73             61             52             31            122            124             15             41             65             82            102            100             92             96            101             94             82             94             96            102             82             82            115             97             72            119            124             21             29
                 104             42            144             68            112            112             42            137            151             52             60             81             37            138            123             21             15             72             94             94             82             87            119            119            110            106            114            108            116             82             62            132             81             73            102            137             33             52             33
                 107            105            106             88             37            152             88            112            124            110             80             11             60             97            126             62             92             68             72            119            129            105             60             74             72             46             65             81             82             91            116             87            122             82            144            104             55             37             51             82
                 108             80             61             37            102             65             65             42             55             73             46             97             74             62             21             97            119             41             37             31             62             23             80             60             51             80             65             37             46             23             68             65             52             33             62             51             84             81            104            105            106
                 109            109             94             86             23            151             91            102            112            114             80             11             65             84            119             71            102             65             65            116            130            102             46             62             61             33             52             72             71             88            119             74            122             80            144             92             62             42             62             92             15            100
                 110             37            130             55            102            104             31            122            137             46             46             72             23            124            109             15             29             58             80             82             74             74            106            105             96             94            100             94            102             68             55            119             72             60             94            122             21             41             29             15             74             91             82
                 111             41             96             21             87             82             21             86            101             42             11             65             21             91             74             42             65             23             46             52             58             41             81             74             65             72             72             60             68             33             46             87             51             23             73             88             31             37             51             51             72             55             73             37
                 113            105             31             60             87             94             88             15             29            100             65             92             88             33             37            110            137             51             33             61             92             52             60             37             33             65             46             21             23             46             97             37             82             51             92             21             96             87            114            122            102             31             92            108             72
                 116             68             65             23             86             73             51             51             65             65             29             78             55             62             41             78            102             21             23             37             62             23             68             52             42             65             55             31             41             11             62             61             52             15             68             55             65             61             84             88             87             21             82             73             37             37
                 117            132            102            108             21            172            114            114            122            136            102             33             87             92            136             92            122             86             82            137            152            122             51             72             74             42             62             87             84            108            141             81            144            101            165            102             84             65             81            112             31            119             23            104             96            106            102
                 119             78             96             60             51            124             60             97            109             82             51             23             33             88            102             42             74             42             52             91            101             78             60             65             60             46             58             65             68             65             88             80             94             55            116             91             31             11             37             62             29             82             33             51             43             84             62             55
                 122             23            116             31            123             52             23            100            114             15             33            102             51            114             72             65             72             52             71             37             23             37            114            102             92            106            102             82             92             42             11            112             21             41             42            106             60             72             78             61            108             60            110             52             37             87             52            132             80
                 123             87             91             65             41            130             68             94            106             91             58             15             42             82            104             52             84             46             51             96            108             82             51             60             55             37             51             62             65             68             96             73            101             60            122             87             41             21             46             72             23             84             23             61             51             82             65             46             11             88
                 124             61             80             29             68             94             41             73             88             62             23             51             29             73             71             51             80             11             29             60             73             46             61             55             46             52             52             43             51             33             65             68             65             23             86             72             37             31             55             65             60             51             58             51             21             60             31             80             33             55             37
                 125            102             42             58            100             82             86             21             33             96             65            102             91             46             23            114            138             55             41             52             84             46             73             51             46             78             60             33             37             43             91             51             74             51             81             33            100             94            119            124            112             23            104            110             73             15             37            119             92             82             92             65
                 126            102             55             65             37            124             81             61             72            102             62             42             65             46             82             82            114             42             29             88            109             73             21             23             21             15             15             33             31             60            104             37            100             55            119             52             68             51             80            100             52             65             41             87             61             52             51             55             43             94             37             41             65
                 127             72             65             33             65             94             52             60             73             71             31             55             43             60             62             65             94             11             15             58             78             43             52             42             33             46             41             29             37             29             72             55             68             23             88             58             51             42             68             80             65             42             60             65             33             46             23             80             41             62             42             15             52             33
                 128             60            137             72             94            126             52            132            146             68             62             62             33            129            126             11             31             68             88            102             97             92            105            108            101             91            102            102            108             84             78            122             94             74            116            130             23             37             11             23             61            106             72             23             52            119             87             92             46             74             55             60            123             88             73
                 129             92             60             55             43            116             71             62             74             92             52             41             55             51             78             73            105             33             23             80            100             65             31             29             23             23             23             31             33             51             94             43             91             46            110             55             60             43             72             91             51             60             42             78             51             51             43             60             37             84             33             31             62             11             23             80
                 130             78             94             52            137             31             72             72             81             68             62            127             92             97             31            112            126             68             72             21             43             33            116             96             88            115            102             73             82             46             60            100             37             55             33             84            102            106            122            114            136             37            132            102             72             65             51            152            109             55            114             78             52            101             73            122             94
                 131            124             31             81             51            132            104             46             52            122             82             68             91             21             80            110            141             62             41             97            124             84             21             11             21             33             15             33             23             72            122             11            114             71            129             33             96             80            108            127             78             68             65            114             84             43             62             71             72            112             65             65             58             29             52            116             37            105
                 132            119             15             74             72            116            100             23             31            116             78             84             94             11             60            115            144             60             37             82            112             71             42             21             23             51             31             23             15             62            114             15            102             65            114             11            101             88            116            130             94             52             82            116             82             23             52             92             82            104             78             65             37             42             51            122             46             87             23
                 133             37            104             23            119             46             31             87            100             29             29            101             55            102             58             72             84             46             62             23             23             23            106             92             82            100             94             71             81             31             23            102             15             33             37             94             65             73             84             72            108             46            108             61             37             74             41            130             80             15             86             51             68             87             55             82             78             42            102             92
