    #        ngroups         ntours         nspots
                  10              3             14

    #        spot_id         n_name         length              a              b
                   4         Spot_4            150              0           1440
                   7         Spot_7             60              0           1440
                  42        Spot_42             60              0           1440
                  46        Spot_46             60              0           1440
                  86        Spot_86            180              0           1440
                 115       Spot_115            210              0           1440
                 122       Spot_122             60              0           1440
                 124      Hotel_124              0              0           1440
                 127      Hotel_127              0              0           1440
                 128      Hotel_128              0              0           1440
                 129      Hotel_129              0              0           1440
                 130      Hotel_130              0              0           1440
                 131      Hotel_131              0              0           1440
                 132      Hotel_132              0              0           1440

    #          tr_id        tr_name          nspot            seq
                  31        Tour_31              3             86              4              7
                  48        Tour_48              3            122             86             42
                  57        Tour_57              2             46            115

    #          gr_id        gr_size          tr_id         origin
                   0              5             31            128
                   1              7             48            132
                   2              1             57            130
                   3              2             31            124
                   4              7             57            131
                   5              3             31            129
                   6              5             57            131
                   7              4             31            129
                   8              3             57            127
                   9              1             57            127

    #            o/d              4              7             42             46             86            115            122            124            127            128            129            130            131            132
                   7             46
                  42            114             68
                  46             84             41             37
                  86             61             58            102             91
                 115            124             91             74             58            146
                 122             23             31             97             71             42            119
                 124             61             29             65             29             86             65             55
                 127             72             33             51             15             88             60             62             15
                 128             60             72            124             88            116             97             74             60             73
                 129             92             55             52             23            110             37             84             31             23             80
                 130             78             52             74             72             33            129             55             78             73            122             94
                 131            124             81             37             41            129             41            112             65             52            116             37            105
                 132            119             74             15             37            114             62            104             65             51            122             46             87             23
