    #        ngroups         ntours         nspots
                  20              5             22

    #        spot_id         n_name         length              a              b
                  10        Spot_10            120              0           1440
                  23        Spot_23            210              0           1440
                  27        Spot_27             90              0           1440
                  35        Spot_35            150              0           1440
                  59        Spot_59            180              0           1440
                  66        Spot_66            120              0           1440
                  69        Spot_69            120              0           1440
                  85        Spot_85             90              0           1440
                  86        Spot_86            180              0           1440
                 101       Spot_101             60              0           1440
                 109       Spot_109            120              0           1440
                 123       Spot_123            210              0           1440
                 124      Hotel_124              0              0           1440
                 125      Hotel_125              0              0           1440
                 126      Hotel_126              0              0           1440
                 127      Hotel_127              0              0           1440
                 128      Hotel_128              0              0           1440
                 129      Hotel_129              0              0           1440
                 130      Hotel_130              0              0           1440
                 131      Hotel_131              0              0           1440
                 132      Hotel_132              0              0           1440
                 133      Hotel_133              0              0           1440

    #          tr_id        tr_name          nspot            seq
                  72        Tour_72              3             66             27            123
                  20        Tour_20              2             35             86
                  34        Tour_34              2            101             10
                  92        Tour_92              2             23             85
                  65        Tour_65              3             59            109             69

    #          gr_id        gr_size          tr_id         origin
                   0              9             72            133
                   1              2             20            133
                   2              2             34            127
                   3              5             92            128
                   4              8             65            126
                   5              1             20            125
                   6              8             65            129
                   7              9             20            131
                   8              7             34            130
                   9              2             20            132
                  10              8             65            131
                  11              5             20            126
                  12              2             72            130
                  13              9             65            124
                  14              8             20            129
                  15              6             92            127
                  16              4             72            125
                  17              9             20            124
                  18              5             92            128
                  19              7             72            132

    #            o/d             10             23             27             35             59             66             69             85             86            101            109            123            124            125            126            127            128            129            130            131            132            133
                  23             33
                  27             71             87
                  35             92             61            122
                  59             55             62             29             94
                  66             65             72             23            101             11
                  69             94             82             72             74             52             51
                  85             88             73             74             65             51             52             11
                  86            152            137            124            106            109            106             60             65
                 101             84             52            122             15             94            102             82             72            119
                 109             23             11             84             71             61             71             88             80            144             62
                 123             41             15             82             52             55             65             68             60            122             46             23
                 124             68             51             73             51             46             51             33             23             86             55             58             37
                 125            100            102             46            114             46             37             43             51             81            119            104             92             65
                 126             37             42             46             82             21             31             60             55            119             80             41             37             41             65
                 127             65             55             60             65             33             37             29             23             88             68             60             42             15             52             33
                 128             94             62            129             11            101            108             84             74            116             11             72             55             60            123             88             73
                 129             43             41             51             73             23             33             51             46            110             72             42             33             31             62             11             23             80
                 130            137            127             97            112             88             82             46             55             33            122            132            114             78             52            101             73            122             94
                 131             51             68             21            110             21             23             72             71            129            108             65             65             65             58             29             52            116             37            105
                 132             72             84             11            115             23             15             62             65            114            116             82             78             65             37             42             51            122             46             87             23
                 133            119            101            102             72             82             81             31             33             37             84            108             86             51             68             87             55             82             78             42            102             92
