    #        ngroups         ntours         nspots
                  20              5             21

    #        spot_id         n_name         length              a              b
                  10        Spot_10            120              0           1440
                  15        Spot_15            210              0           1440
                  35        Spot_35            150              0           1440
                  44        Spot_44            150              0           1440
                  57        Spot_57             90              0           1440
                  65        Spot_65             90              0           1440
                  85        Spot_85             90              0           1440
                  86        Spot_86            180              0           1440
                  88        Spot_88            210              0           1440
                 101       Spot_101             60              0           1440
                 119       Spot_119            120              0           1440
                 124      Hotel_124              0              0           1440
                 125      Hotel_125              0              0           1440
                 126      Hotel_126              0              0           1440
                 127      Hotel_127              0              0           1440
                 128      Hotel_128              0              0           1440
                 129      Hotel_129              0              0           1440
                 130      Hotel_130              0              0           1440
                 131      Hotel_131              0              0           1440
                 132      Hotel_132              0              0           1440
                 133      Hotel_133              0              0           1440

    #          tr_id        tr_name          nspot            seq
                  49        Tour_49              4             57            101             44             65
                  34        Tour_34              2            101             10
                  14        Tour_14              2             88             85
                  20        Tour_20              2             35             86
                  62        Tour_62              2             15            119

    #          gr_id        gr_size          tr_id         origin
                   0              4             49            132
                   1              2             34            125
                   2              3             14            125
                   3              8             20            128
                   4              4             62            126
                   5              6             14            124
                   6              4             62            133
                   7              5             49            127
                   8              2             14            129
                   9              8             20            127
                  10              9             62            130
                  11              1             14            126
                  12              8             49            129
                  13              2             20            130
                  14              9             49            124
                  15              5             20            128
                  16              3             20            131
                  17              5             34            131
                  18              2             62            132
                  19              2             20            133

    #            o/d             10             15             35             44             57             65             85             86             88            101            119            124            125            126            127            128            129            130            131            132            133
                  15             94
                  35             92            124
                  44            112            122             29
                  57            102            115             23             11
                  65             41             55            105            116            106
                  85             88             65             65             58             51             72
                  86            152            102            106             82             84            132             65
                  88             82             15            122            124            116             42             68            112
                 101             84            127             15             43             37            102             72            119            124
                 119             51             97             42             62             52             65             55            116             91             37
                 124             68             73             51             55             46             62             23             86             72             55             33
                 125            100             21            114            108            102             65             51             81             33            119             92             65
                 126             37             61             82             94             84             23             55            119             52             80             43             41             65
                 127             65             60             65             68             60             51             23             88             58             68             41             15             52             33
                 128             94            132             11             37             33            110             74            116            130             11             46             60            123             88             73
                 129             43             62             73             84             74             33             46            110             55             72             37             31             62             11             23             80
                 130            137             72            112             94             92            110             55             33             84            122            109             78             52            101             73            122             94
                 131             51             46            110            119            109             11             71            129             33            108             72             65             58             29             52            116             37            105
                 132             72             23            115            119            110             33             65            114             11            116             82             65             37             42             51            122             46             87             23
                 133            119             87             72             52             51            104             33             37             94             84             80             51             68             87             55             82             78             42            102             92
