    #        ngroups         ntours         nspots
                  40             10             35

    #        spot_id         n_name         length              a              b
                   7         Spot_7             60              0           1440
                   8         Spot_8            120              0           1440
                  10        Spot_10            120              0           1440
                  20        Spot_20            180              0           1440
                  28        Spot_28            180              0           1440
                  29        Spot_29             60              0           1440
                  33        Spot_33            210              0           1440
                  38        Spot_38            180              0           1440
                  39        Spot_39             90              0           1440
                  48        Spot_48            150              0           1440
                  52        Spot_52             90              0           1440
                  53        Spot_53            150              0           1440
                  63        Spot_63            120              0           1440
                  75        Spot_75            120              0           1440
                  77        Spot_77            150              0           1440
                  81        Spot_81             60              0           1440
                  83        Spot_83             60              0           1440
                  90        Spot_90            180              0           1440
                  91        Spot_91            210              0           1440
                  94        Spot_94            210              0           1440
                  98        Spot_98             90              0           1440
                 101       Spot_101             60              0           1440
                 102       Spot_102            150              0           1440
                 113       Spot_113            210              0           1440
                 114       Spot_114             60              0           1440
                 124      Hotel_124              0              0           1440
                 125      Hotel_125              0              0           1440
                 126      Hotel_126              0              0           1440
                 127      Hotel_127              0              0           1440
                 128      Hotel_128              0              0           1440
                 129      Hotel_129              0              0           1440
                 130      Hotel_130              0              0           1440
                 131      Hotel_131              0              0           1440
                 132      Hotel_132              0              0           1440
                 133      Hotel_133              0              0           1440

    #          tr_id        tr_name          nspot            seq
                  94        Tour_94              3             63             90             75
                  78        Tour_78              2            102              8
                  38        Tour_38              3             81             28             29
                  71        Tour_71              3             94             83             20
                  76        Tour_76              3             38             98             39
                  26        Tour_26              2            113             91
                  87        Tour_87              2            114             33
                  98        Tour_98              3              7             53             48
                  34        Tour_34              2            101             10
                  19        Tour_19              3             52             29             77

    #          gr_id        gr_size          tr_id         origin
                   0              7             94            133
                   1              2             78            128
                   2              1             38            128
                   3              9             71            132
                   4              7             76            131
                   5              1             26            124
                   6              3             87            131
                   7              5             98            132
                   8              6             34            125
                   9              2             19            125
                  10              7             87            133
                  11              2             76            127
                  12              3             78            128
                  13              9             76            127
                  14              4             98            124
                  15              2             38            129
                  16              3             87            125
                  17              1             19            124
                  18              3             76            126
                  19              3             71            132
                  20              8             94            129
                  21              9             94            130
                  22              6             34            130
                  23              4             19            131
                  24              9             94            127
                  25              3             76            133
                  26              9             87            124
                  27              7             34            127
                  28              8             94            132
                  29              4             38            131
                  30              3             26            129
                  31              1             76            126
                  32              9             38            129
                  33              7             94            126
                  34              7             76            130
                  35              6             38            133
                  36              2             71            126
                  37              2             87            128
                  38              9             26            125
                  39              8             19            130

    #            o/d              7              8             10             20             28             29             33             38             39             48             52             53             63             75             77             81             83             90             91             94             98            101            102            113            114            124            125            126            127            128            129            130            131            132            133
                   8             88
                  10             96             11
                  20             58            112            122
                  28             55            137            144             94
                  29             65             23             33             92            116
                  33             61             72             82             46            114             55
                  38             60             29             37             92            108             11             60
                  39             23             65             73             68             73             43             55             37
                  48             29            116            124             65             31             94             84             88             51
                  52             21            101            108             73             37             80             81             72             37             21
                  53             78             46             55             78            132             37             33             46             62            105             97
                  63             42            127            136             51             46            105             82            100             65             23             42            108
                  75             52            119            124            105             31            100            112             91             62             43             33            124             65
                  77             41            123            132             41             55            100             73             97             62             29             46            101             11             72
                  81             74             55             65             68            129             43             23             51             61            100             94             11            102            122             94
                  83             33            109            119             33             62             87             60             84             51             33             43             86             23             73             15             80
                  90             55             74             78            110             78             61             96             51             43             71             51             94             92             51             94             97             87
                  91             51             71             81             42            104             52             11             55             46             74             71             37             73            102             65             29             51             88
                  94             52             46             51             97             94             31             72             21             31             78             60             65             94             73             92             68             81             31             65
                  98             31            108            115             82             29             88             92             80             46             23             11            106             46             23             51            104             51             52             81             65
                 101             71             74             84             51            124             60             11             65             65             94             92             31             91            122             82             21             68            105             21             80            102
                 102             51            124            130            100             21            105            112             96             65             37             31            126             58             11             65            124             68             60            102             80             21            122
                 113             60             84             87            116             74             71            105             61             51             72             52            104             94             46             97            106             91             11             96             41             51            114             55
                 114             73             33             42             84            127             23             41             33             55            102             91             15            108            116            102             23             88             82             42             52            100             42            119             92
                 124             29             60             68             65             82             37             46             33             11             58             46             52             68             72             65             51             52             51             37             33             55             55             74             60             46
                 125             58             97            100            115             62             82            109             72             55             65             46            112             87             33             91            114             88             23            100             52             42            119             42             15            102             65
                 126             65             33             37            104            108             23             73             15             42             91             73             60            106             88            104             65             92             42             68             15             80             80             94             52             46             41             65
                 127             33             58             65             78             80             37             60             29             11             60             43             61             74             65             72             62             61             37             51             21             51             68             68             46             52             15             52             33
                 128             72             84             94             43            122             68             15             73             68             92             92             41             87            124             78             31             65            110             23             86            102             11            122            119             52             60            123             88             73
                 129             55             37             43             94            101             21             65             11             33             82             65             55             97             82             94             60             82             41             60             11             72             72             88             51             42             31             62             11             23             80
                 130             52            130            137             97             11            110            112            102             68             33             33            129             51             21             60            126             65             68            102             86             23            122             11             65            123             78             52            101             73            122             94
                 131             81             52             51            129            114             51            102             43             62            104             84             88            122             88            122             94            112             37             96             33             87            108             96             43             73             65             58             29             52            116             37            105
                 132             74             71             72            127             97             65            108             55             60             92             71            100            112             68            114            105            106             21            101             37             72            116             78             23             87             65             37             42             51            122             46             87             23
                 133             23            110            119             55             41             88             74             82             46             11             23             96             21             51             23             91             23             72             65             74             29             84             46             74             94             51             68             87             55             82             78             42            102             92
