    #        ngroups         ntours         nspots
                  40             10             32

    #        spot_id         n_name         length              a              b
                  18        Spot_18            210              0           1440
                  30        Spot_30             60              0           1440
                  36        Spot_36            120              0           1440
                  39        Spot_39             90              0           1440
                  43        Spot_43            210              0           1440
                  47        Spot_47            120              0           1440
                  49        Spot_49             60              0           1440
                  52        Spot_52             90              0           1440
                  61        Spot_61            210              0           1440
                  69        Spot_69            120              0           1440
                  72        Spot_72             60              0           1440
                  77        Spot_77            150              0           1440
                  78        Spot_78             90              0           1440
                  79        Spot_79             60              0           1440
                  88        Spot_88            210              0           1440
                  91        Spot_91            210              0           1440
                  96        Spot_96            180              0           1440
                 100       Spot_100             90              0           1440
                 113       Spot_113            210              0           1440
                 114       Spot_114             60              0           1440
                 116       Spot_116            150              0           1440
                 122       Spot_122             60              0           1440
                 124      Hotel_124              0              0           1440
                 125      Hotel_125              0              0           1440
                 126      Hotel_126              0              0           1440
                 127      Hotel_127              0              0           1440
                 128      Hotel_128              0              0           1440
                 129      Hotel_129              0              0           1440
                 130      Hotel_130              0              0           1440
                 131      Hotel_131              0              0           1440
                 132      Hotel_132              0              0           1440
                 133      Hotel_133              0              0           1440

    #          tr_id        tr_name          nspot            seq
                  84        Tour_84              3             49             69             47
                  21        Tour_21              3            100             78             18
                  83        Tour_83              2             52             88
                  88        Tour_88              3             39             36             77
                  86        Tour_86              1             91
                  35        Tour_35              3             61            116            122
                  26        Tour_26              2            113             91
                   3         Tour_3              2             96            114
                  79        Tour_79              2             79             91
                  90        Tour_90              3             43             72             30

    #          gr_id        gr_size          tr_id         origin
                   0              4             84            130
                   1              7             21            129
                   2              3             83            130
                   3              6             88            132
                   4              2             86            133
                   5              2             35            132
                   6              7             26            133
                   7              6              3            126
                   8              8             79            132
                   9              5             90            126
                  10              3             84            127
                  11              2             88            125
                  12              8             26            124
                  13              2             79            128
                  14              1             90            131
                  15              4             88            127
                  16              3             35            127
                  17              5             90            130
                  18              2             83            128
                  19              2             83            131
                  20              1             86            129
                  21              6             35            127
                  22              6             21            130
                  23              2             83            129
                  24              6             79            126
                  25              6             35            125
                  26              1             79            133
                  27              5             86            126
                  28              2             88            128
                  29              3             21            125
                  30              2             26            131
                  31              1             84            128
                  32              1             26            133
                  33              7             26            124
                  34              1             83            124
                  35              5             86            124
                  36              2             79            131
                  37              3             35            129
                  38              9             83            125
                  39              1             84            132

    #            o/d             18             30             36             39             43             47             49             52             61             69             72             77             78             79             88             91             96            100            113            114            116            122            124            125            126            127            128            129            130            131            132            133
                  30             68
                  36             80             81
                  39             11             65             86
                  43             21             80             68             31
                  47             46            114            106             51             41
                  49             60            122             92             68             43             33
                  52             33            100            100             37             33             15             41
                  61             61             68            127             51             81             91            116             78
                  69             21             87             96             23             29             29             52             15             65
                  72             55             91             41             65             37             68             51             65            114             65
                  77             52            108             71             62             33             43             21             46            112             52             31
                  78             37             41             91             29             55             80             96             65             37             51             81             87
                  79             74             91            146             65             94             94            122             82             23             71            129            122             58
                  88             73            106            151             65             91             81            112             72             41             65            127            116             68             23
                  91             42             46             46             46             42             82             82             71             82             62             46             65             46            102            108
                  96             46             55             37             51             41             81             78             72             91             65             37             60             55            110            115             11
                 100             51            102            130             46             65             51             82             42             51             37            102             87             61             46             31             91             96
                 113             58            102            137             51             73             61             92             52             46             46            110             97             62             37             21             96            102             11
                 114             60             11             82             55             72            105            115             91             60             78             87            102             31             82             97             42             52             92             92
                 116             23             84            102             21             37             37             62             23             55             11             73             62             46             61             55             65             68             29             37             74
                 122             42            101             72             52             23             37             23             37            102             42             33             11             78            112            106             60             55             78             87             94             52
                 124             15             55             80             11             33             60             73             46             52             33             62             65             23             68             72             37             43             55             60             46             31             55
                 125             60            112            138             55             72             52             84             46             60             43            108             91             71             51             33            100            105             11             15            102             37             82             65
                 126             52             55            114             42             72             88            109             73             15             60            102            104             23             37             52             68             78             55             52             46             51             94             41             65
                 127             21             62             94             11             41             58             78             43             41             29             74             72             23             55             58             51             58             42             46             52             23             62             15             52             33
                 128             65             51             31             68             61            102             97             92            102             84             51             78             65            122            130             23             21            114            119             52             87             74             60            123             88             73
                 129             42             52            105             33             62             80            100             65             23             51             92             94             15             43             55             60             68             52             51             42             43             84             31             62             11             23             80
                 130             65            132            126             68             61             21             43             33            102             46             87             60             96            100             84            102            102             55             65            123             51             55             78             52            101             73            122             94
                 131             72             82            141             62             92             97            124             84             15             72            126            122             51             11             33             96            105             51             43             73             62            112             65             58             29             52            116             37            105
                 132             68             97            144             60             87             82            112             71             31             62            123            114             60             15             11            101            108             33             23             87             52            104             65             37             42             51            122             46             87             23
                 133             37            102             84             46             23             23             23             23             94             31             46             23             73            102             94             65             62             65             74             94             41             15             51             68             87             55             82             78             42            102             92
