    #        ngroups         ntours         nspots
                  50             13             35

    #        spot_id         n_name         length              a              b
                  10        Spot_10            120              0           1440
                  11        Spot_11            180              0           1440
                  15        Spot_15            210              0           1440
                  21        Spot_21            180              0           1440
                  23        Spot_23            210              0           1440
                  32        Spot_32            150              0           1440
                  34        Spot_34            120              0           1440
                  35        Spot_35            150              0           1440
                  44        Spot_44            150              0           1440
                  57        Spot_57             90              0           1440
                  58        Spot_58            180              0           1440
                  60        Spot_60             90              0           1440
                  65        Spot_65             90              0           1440
                  71        Spot_71            180              0           1440
                  72        Spot_72             60              0           1440
                  77        Spot_77            150              0           1440
                  79        Spot_79             60              0           1440
                  80        Spot_80            210              0           1440
                  85        Spot_85             90              0           1440
                  86        Spot_86            180              0           1440
                  88        Spot_88            210              0           1440
                 101       Spot_101             60              0           1440
                 107       Spot_107            120              0           1440
                 118       Spot_118            210              0           1440
                 119       Spot_119            120              0           1440
                 124      Hotel_124              0              0           1440
                 125      Hotel_125              0              0           1440
                 126      Hotel_126              0              0           1440
                 127      Hotel_127              0              0           1440
                 128      Hotel_128              0              0           1440
                 129      Hotel_129              0              0           1440
                 130      Hotel_130              0              0           1440
                 131      Hotel_131              0              0           1440
                 132      Hotel_132              0              0           1440
                 133      Hotel_133              0              0           1440

    #          tr_id        tr_name          nspot            seq
                  49        Tour_49              4             57            101             44             65
                  34        Tour_34              2            101             10
                  14        Tour_14              2             88             85
                  20        Tour_20              2             35             86
                  62        Tour_62              2             15            119
                  25        Tour_25              2             58             21
                  70        Tour_70              1             11
                  92        Tour_92              2             23             85
                  81        Tour_81              2            118             71
                  59        Tour_59              3            119             34             72
                  41        Tour_41              2             80             32
                  96        Tour_96              2            107             79
                  39        Tour_39              2             77             60

    #          gr_id        gr_size          tr_id         origin
                   0              1             49            127
                   1              6             34            129
                   2              4             14            125
                   3              1             20            129
                   4              8             62            128
                   5              4             25            130
                   6              2             70            133
                   7              2             92            130
                   8              8             81            129
                   9              8             59            125
                  10              3             41            130
                  11              1             96            126
                  12              9             39            129
                  13              3             34            129
                  14              1             14            133
                  15              7             20            127
                  16              8             14            133
                  17              7             59            131
                  18              1             49            132
                  19              7             25            133
                  20              5             39            128
                  21              9             62            131
                  22              3             25            124
                  23              3             81            130
                  24              2             41            132
                  25              6             62            128
                  26              6             70            127
                  27              5             34            131
                  28              5             25            133
                  29              8             81            125
                  30              4             25            128
                  31              4             62            126
                  32              5             25            124
                  33              9             59            126
                  34              5             70            126
                  35              6             20            124
                  36              6             49            130
                  37              1             34            128
                  38              9             20            127
                  39              8             59            131
                  40              1             49            124
                  41              6             96            131
                  42              3             70            125
                  43              2             49            133
                  44              7             62            126
                  45              6             92            125
                  46              1             20            127
                  47              9             14            124
                  48              3             59            126
                  49              9             49            131

    #            o/d             10             11             15             21             23             32             34             35             44             57             58             60             65             71             72             77             79             80             85             86             88            101            107            118            119            124            125            126            127            128            129            130            131            132            133
                  11            159
                  15             94            102
                  21            129             61            114
                  23             33            144            102            105
                  32            119             61             42             86            116
                  34             21            146             74            124             43            102
                  35             92            116            124             60             61            116             97
                  44            112             92            122             33             84            105            112             29
                  57            102             94            115             37             74            100            102             23             11
                  58            104            102             11            119            112             41             84            132            129            122
                  60             23            138             72            114             37             96             11             87            102             92             82
                  65             41            136             55            122             60             86             21            105            116            106             65             23
                  71             72            105             96             60             46             92             72             29             41             31            105             62             78
                  72            124             81            124             21             97            102            122             43             15             23            130            112            124             52
                  77            132             51            109             11            110             80            126             68             42             46            114            116            122             65             31
                  79             61            129             37            124             78             73             41            116            123            114             46             42             21             88            129            122
                  80            132             33             94             33            115             60            123             84             61             62             97            114            116             73             52             23            112
                  85             88             72             65             52             73             52             78             65             58             51             72             68             72             41             60             51             72             46
                  86            152             11            102             51            137             62            141            106             82             84            102            132            132             96             71             41            126             23             65
                  88             82            114             15            119             94             55             62            122            124            116             23             61             42             94            127            116             23            102             68            112
                 101             84            129            127             73             52            124             91             15             43             37            136             82            102             33             58             82            115             97             72            119            124
                 107             37            152            112            110             11            126             51             62             87             78            122             46             68             51            100            116             87            122             82            144            104             51
                 118            146             21            102             41            129             65            136             97             72             74            104            127            129             88             61             31            124             15             60             11            112            109            137
                 119             51            124             97             82             23            102             55             42             62             52            106             46             65             23             74             88             80             94             55            116             91             37             29            108
                 124             68             94             73             62             51             71             62             51             55             46             82             52             62             23             62             65             68             65             23             86             72             55             60             80             33
                 125            100             82             21             96            102             23             82            114            108            102             23             78             65             87            108             91             51             74             51             81             33            119            112             82             92             65
                 126             37            124             61            102             42             82             23             82             94             84             71             15             23             55            102            104             37            100             55            119             52             80             52            114             43             41             65
                 127             65             94             60             71             55             62             55             65             68             60             68             46             51             37             74             72             55             68             23             88             58             68             65             82             41             15             52             33
                 128             94            126            132             68             62            126            100             11             37             33            141             91            110             37             51             78            122             94             74            116            130             11             61            106             46             60            123             88             73
                 129             43            116             62             92             41             78             33             73             84             74             72             23             33             46             92             94             43             91             46            110             55             72             51            105             37             31             62             11             23             80
                 130            137             31             72             68            127             31            122            112             94             92             71            115            110             94             87             60            100             37             55             33             84            122            136             37            109             78             52            101             73            122             94
                 131             51            132             46            122             68             80             31            110            119            109             55             33             11             82            126            122             11            114             71            129             33            108             78            126             72             65             58             29             52            116             37            105
                 132             72            116             23            116             84             60             52            115            119            110             33             51             33             86            123            114             15            102             65            114             11            116             94            112             82             65             37             42             51            122             46             87             23
                 133            119             46             87             29            101             58            109             72             52             51             91            100            104             60             46             23            102             15             33             37             94             84            108             29             80             51             68             87             55             82             78             42            102             92
