    #        ngroups         ntours         nspots
                  50             13             34

    #        spot_id         n_name         length              a              b
                   4         Spot_4            150              0           1440
                   7         Spot_7             60              0           1440
                   9         Spot_9            150              0           1440
                  27        Spot_27             90              0           1440
                  31        Spot_31             90              0           1440
                  32        Spot_32            150              0           1440
                  42        Spot_42             60              0           1440
                  46        Spot_46             60              0           1440
                  48        Spot_48            150              0           1440
                  51        Spot_51             60              0           1440
                  52        Spot_52             90              0           1440
                  53        Spot_53            150              0           1440
                  66        Spot_66            120              0           1440
                  71        Spot_71            180              0           1440
                  86        Spot_86            180              0           1440
                  88        Spot_88            210              0           1440
                  91        Spot_91            210              0           1440
                 100       Spot_100             90              0           1440
                 112       Spot_112            210              0           1440
                 113       Spot_113            210              0           1440
                 115       Spot_115            210              0           1440
                 118       Spot_118            210              0           1440
                 122       Spot_122             60              0           1440
                 123       Spot_123            210              0           1440
                 124      Hotel_124              0              0           1440
                 125      Hotel_125              0              0           1440
                 126      Hotel_126              0              0           1440
                 127      Hotel_127              0              0           1440
                 128      Hotel_128              0              0           1440
                 129      Hotel_129              0              0           1440
                 130      Hotel_130              0              0           1440
                 131      Hotel_131              0              0           1440
                 132      Hotel_132              0              0           1440
                 133      Hotel_133              0              0           1440

    #          tr_id        tr_name          nspot            seq
                  31        Tour_31              3             86              4              7
                  48        Tour_48              3            122             86             42
                  57        Tour_57              2             46            115
                  73        Tour_73              2             46            113
                  15        Tour_15              2             53             32
                   7         Tour_7              3            100            112              9
                  42        Tour_42              2            118             51
                  36        Tour_36              2             31             53
                  83        Tour_83              2             52             88
                  81        Tour_81              2            118             71
                  98        Tour_98              3              7             53             48
                  26        Tour_26              2            113             91
                  72        Tour_72              3             66             27            123

    #          gr_id        gr_size          tr_id         origin
                   0              8             31            133
                   1              6             48            127
                   2              3             57            130
                   3              1             73            124
                   4              9             15            133
                   5              8              7            130
                   6              8             42            131
                   7              4             36            133
                   8              8             83            127
                   9              8             81            126
                  10              7             98            126
                  11              1             26            125
                  12              3             72            127
                  13              5             26            132
                  14              4             15            133
                  15              3             42            125
                  16              1             36            130
                  17              8             98            132
                  18              3             26            131
                  19              8             81            129
                  20              9             98            124
                  21              2             72            129
                  22              7             31            132
                  23              7             48            130
                  24              1             15            132
                  25              3             15            132
                  26              1             26            129
                  27              4             81            125
                  28              7             72            125
                  29              2             48            133
                  30              3             73            124
                  31              1             57            131
                  32              2             57            126
                  33              1             15            124
                  34              1             48            127
                  35              7              7            129
                  36              6             48            128
                  37              1             31            124
                  38              8             48            125
                  39              5             83            129
                  40              9              7            125
                  41              6             81            129
                  42              3             26            128
                  43              5             36            127
                  44              5             81            130
                  45              1             81            128
                  46              4             31            131
                  47              6             48            131
                  48              5              7            126
                  49              2             31            132

    #            o/d              4              7              9             27             31             32             42             46             48             51             52             53             66             71             86             88             91            100            112            113            115            118            122            123            124            125            126            127            128            129            130            131            132            133
                   7             46
                   9             33             33
                  27            129             84            105
                  31             51             23             51             92
                  32             94             55             87             68             43
                  42            114             68             94             23             72             46
                  46             84             41             60             46             55             55             37
                  48             46             29             52            102             11             51             82             65
                  51            104             73             72             65             94            100             71             46            102
                  52             58             21             52             81             11             37             62             46             21             86
                  53             88             78             58            105            100            122            106             72            105             43             97
                  66            106             62             82             23             72             58             21             23             82             51             62             87
                  71             55             42             23             94             65             92             88             51             68             51             62             37             72
                  86             61             58             78            124             37             62            102             91             29            130             46            132            106             96
                  88            123             78            102             15             82             55             11             43             92             72             72            109             23             94            112
                  91             51             51             23            108             72            104            102             65             74             62             71             37             86             15            100            108
                 100             96             51             80             42             52             29             21             31             62             74             42            102             29             78             82             31             91
                 112             46             65             33            130             82            119            122             86             81             84             84             52            108             37            104            129             23            110
                 113            105             60             86             33             62             37             11             33             72             72             52            104             23             82             92             21             96             11            116
                 115            124             91             92             61            110            110             74             58            119             21            102             60             55             71            146             72             82             82            104             78
                 118             51             51             68            122             33             65            102             87             23            124             42            124            104             88             11            112             91             81             94             92            141
                 122             23             31             37            114             29             72             97             71             23            100             37             94             92             58             42            106             60             78             62             87            119             33
                 123             87             65             55             82             88            104             84             51             94             23             82             23             65             33            122             87             41             81             62             82             42            115             88
                 124             61             29             33             73             51             71             65             29             58             46             46             52             51             23             86             72             37             55             58             60             65             80             55             37
                 125            102             58             88             46             55             23             23             41             65             84             46            112             37             87             81             33            100             11            119             15             91             82             82             92             65
                 126            102             65             72             46             82             82             51             29             91             21             73             60             31             55            119             52             68             55             91             52             29            114             94             37             41             65
                 127             72             33             46             60             51             62             51             15             60             43             43             61             37             37             88             58             51             42             72             46             60             82             62             42             15             52             33
                 128             60             72             41            129             92            126            124             88             92             78             92             41            108             37            116            130             23            114             15            119             97            106             74             55             60            123             88             73
                 129             92             55             62             51             73             78             52             23             82             23             65             55             33             46            110             55             60             52             82             51             37            105             84             33             31             62             11             23             80
                 130             78             52             81             97             31             31             74             72             33            116             33            129             82             94             33             84            102             55            112             65            129             37             55            114             78             52            101             73            122             94
                 131            124             81             97             21             94             80             37             41            104             46             84             88             23             82            129             33             96             51            119             43             41            126            112             65             65             58             29             52            116             37            105
                 132            119             74             96             11             81             60             15             37             92             62             71            100             15             86            114             11            101             33            122             23             62            112            104             78             65             37             42             51            122             46             87             23
                 133             37             23             42            102             15             58             84             62             11             96             23             96             81             60             37             94             65             65             71             74            114             29             15             86             51             68             87             55             82             78             42            102             92
