    #        ngroups         ntours         nspots
                   5              2             10

    #        spot_id         n_name         length              a              b
                  15        Spot_15            210              0           1440
                  43        Spot_43            210              0           1440
                  51        Spot_51             60              0           1440
                  67        Spot_67             60              0           1440
                 119       Spot_119            120              0           1440
                 126      Hotel_126              0              0           1440
                 129      Hotel_129              0              0           1440
                 130      Hotel_130              0              0           1440
                 132      Hotel_132              0              0           1440
                 133      Hotel_133              0              0           1440

    #          tr_id        tr_name          nspot            seq
                  27        Tour_27              3             43             51             67
                  62        Tour_62              2             15            119

    #          gr_id        gr_size          tr_id         origin
                   0              2             27            126
                   1              4             62            132
                   2              7             62            129
                   3              3             27            133
                   4              1             62            130

    #            o/d             15             43             51             67            119            126            129            130            132            133
                  43             88
                  51             81             78
                  67            112             94             31
                 119             97             58             33             37
                 126             61             72             21             51             43
                 129             62             62             23             52             37             11
                 130             72             61            116            141            109            101             94
                 132             23             87             62             92             82             42             46             87
                 133             87             23             96            115             80             87             78             42             92
