    #        ngroups         ntours         nspots
                   5              2             10

    #        spot_id         n_name         length              a              b
                  59        Spot_59            180              0           1440
                  69        Spot_69            120              0           1440
                  79        Spot_79             60              0           1440
                 107       Spot_107            120              0           1440
                 109       Spot_109            120              0           1440
                 126      Hotel_126              0              0           1440
                 127      Hotel_127              0              0           1440
                 131      Hotel_131              0              0           1440
                 132      Hotel_132              0              0           1440
                 133      Hotel_133              0              0           1440

    #          tr_id        tr_name          nspot            seq
                  65        Tour_65              3             59            109             69
                  96        Tour_96              2            107             79

    #          gr_id        gr_size          tr_id         origin
                   0              9             65            132
                   1              6             96            131
                   2              5             96            127
                   3              4             96            133
                   4              9             96            126

    #            o/d             59             69             79            107            109            126            127            131            132            133
                  69             52
                  79             23             71
                 107             72             91             87
                 109             61             88             74             15
                 126             21             60             37             52             41
                 127             33             29             55             65             60             33
                 131             21             72             11             78             65             29             52
                 132             23             62             15             94             82             42             51             23
                 133             82             31            102            108            108             87             55            102             92
