    #        ngroups         ntours         nspots
                   5              2              9

    #        spot_id         n_name         length              a              b
                  11        Spot_11            180              0           1440
                  63        Spot_63            120              0           1440
                  75        Spot_75            120              0           1440
                  90        Spot_90            180              0           1440
                 126      Hotel_126              0              0           1440
                 127      Hotel_127              0              0           1440
                 129      Hotel_129              0              0           1440
                 130      Hotel_130              0              0           1440
                 131      Hotel_131              0              0           1440

    #          tr_id        tr_name          nspot            seq
                  70        Tour_70              1             11
                  94        Tour_94              3             63             90             75

    #          gr_id        gr_size          tr_id         origin
                   0              3             70            129
                   1              5             94            130
                   2              9             70            131
                   3              9             94            127
                   4              3             70            126

    #            o/d             11             63             75             90            126            127            129            130            131
                  63             41
                  75             51             65
                  90             97             92             51
                 126            124            106             88             42
                 127             94             74             65             37             33
                 129            116             97             82             41             11             23
                 130             31             51             21             68            101             73             94
                 131            132            122             88             37             29             52             37            105
