    #        ngroups         ntours         nspots
                   5              2              9

    #        spot_id         n_name         length              a              b
                   8         Spot_8            120              0           1440
                  63        Spot_63            120              0           1440
                  75        Spot_75            120              0           1440
                  90        Spot_90            180              0           1440
                 102       Spot_102            150              0           1440
                 128      Hotel_128              0              0           1440
                 131      Hotel_131              0              0           1440
                 132      Hotel_132              0              0           1440
                 133      Hotel_133              0              0           1440

    #          tr_id        tr_name          nspot            seq
                  94        Tour_94              3             63             90             75
                  78        Tour_78              2            102              8

    #          gr_id        gr_size          tr_id         origin
                   0              8             94            133
                   1              4             78            128
                   2              6             78            132
                   3              5             94            131
                   4              8             94            133

    #            o/d              8             63             75             90            102            128            131            132            133
                  63            127
                  75            119             65
                  90             74             92             51
                 102            124             58             11             60
                 128             84             87            124            110            122
                 131             52            122             88             37             96            116
                 132             71            112             68             21             78            122             23
                 133            110             21             51             72             46             82            102             92
