    #        ngroups         ntours         nspots
                   5              2             10

    #        spot_id         n_name         length              a              b
                   4         Spot_4            150              0           1440
                   7         Spot_7             60              0           1440
                  42        Spot_42             60              0           1440
                  86        Spot_86            180              0           1440
                 122       Spot_122             60              0           1440
                 124      Hotel_124              0              0           1440
                 128      Hotel_128              0              0           1440
                 130      Hotel_130              0              0           1440
                 131      Hotel_131              0              0           1440
                 132      Hotel_132              0              0           1440

    #          tr_id        tr_name          nspot            seq
                  31        Tour_31              3             86              4              7
                  48        Tour_48              3            122             86             42

    #          gr_id        gr_size          tr_id         origin
                   0              5             31            128
                   1              5             48            132
                   2              1             31            130
                   3              8             31            124
                   4              5             31            131

    #            o/d              4              7             42             86            122            124            128            130            131            132
                   7             46
                  42            114             68
                  86             61             58            102
                 122             23             31             97             42
                 124             61             29             65             86             55
                 128             60             72            124            116             74             60
                 130             78             52             74             33             55             78            122
                 131            124             81             37            129            112             65            116            105
                 132            119             74             15            114            104             65            122             87             23
