    #        ngroups         ntours         nspots
                   5              2             10

    #        spot_id         n_name         length              a              b
                  18        Spot_18            210              0           1440
                  47        Spot_47            120              0           1440
                  49        Spot_49             60              0           1440
                  69        Spot_69            120              0           1440
                  78        Spot_78             90              0           1440
                 100       Spot_100             90              0           1440
                 127      Hotel_127              0              0           1440
                 129      Hotel_129              0              0           1440
                 130      Hotel_130              0              0           1440
                 132      Hotel_132              0              0           1440

    #          tr_id        tr_name          nspot            seq
                  84        Tour_84              3             49             69             47
                  21        Tour_21              3            100             78             18

    #          gr_id        gr_size          tr_id         origin
                   0              7             84            127
                   1              4             21            129
                   2              4             21            130
                   3              7             84            132
                   4              6             21            132

    #            o/d             18             47             49             69             78            100            127            129            130            132
                  47             46
                  49             60             33
                  69             21             29             52
                  78             37             80             96             51
                 100             51             51             82             37             61
                 127             21             58             78             29             23             42
                 129             42             80            100             51             15             52             23
                 130             65             21             43             46             96             55             73             94
                 132             68             82            112             62             60             33             51             46             87
