    #        ngroups         ntours         nspots
                  50             13             32

    #        spot_id         n_name         length              a              b
                  13        Spot_13            120              0           1440
                  15        Spot_15            210              0           1440
                  26        Spot_26            150              0           1440
                  28        Spot_28            180              0           1440
                  34        Spot_34            120              0           1440
                  43        Spot_43            210              0           1440
                  45        Spot_45            120              0           1440
                  51        Spot_51             60              0           1440
                  53        Spot_53            150              0           1440
                  55        Spot_55             60              0           1440
                  67        Spot_67             60              0           1440
                  68        Spot_68            210              0           1440
                  72        Spot_72             60              0           1440
                  88        Spot_88            210              0           1440
                  91        Spot_91            210              0           1440
                  96        Spot_96            180              0           1440
                 106       Spot_106            180              0           1440
                 114       Spot_114             60              0           1440
                 117       Spot_117             60              0           1440
                 119       Spot_119            120              0           1440
                 120       Spot_120            180              0           1440
                 121       Spot_121             90              0           1440
                 124      Hotel_124              0              0           1440
                 125      Hotel_125              0              0           1440
                 126      Hotel_126              0              0           1440
                 127      Hotel_127              0              0           1440
                 128      Hotel_128              0              0           1440
                 129      Hotel_129              0              0           1440
                 130      Hotel_130              0              0           1440
                 131      Hotel_131              0              0           1440
                 132      Hotel_132              0              0           1440
                 133      Hotel_133              0              0           1440

    #          tr_id        tr_name          nspot            seq
                  27        Tour_27              3             43             51             67
                  62        Tour_62              2             15            119
                  59        Tour_59              3            119             34             72
                  56        Tour_56              2            117             13
                  68        Tour_68              2            106             53
                   3         Tour_3              2             96            114
                  60        Tour_60              2             26            106
                  32        Tour_32              2             45             67
                   5         Tour_5              2             88             68
                  86        Tour_86              1             91
                  30        Tour_30              2            121             55
                  46        Tour_46              2            120             28
                  95        Tour_95              2             28             15

    #          gr_id        gr_size          tr_id         origin
                   0              7             27            126
                   1              1             62            132
                   2              3             59            130
                   3              4             56            126
                   4              4             68            130
                   5              8              3            132
                   6              2             60            129
                   7              2             32            130
                   8              1              5            127
                   9              7             86            125
                  10              7             30            125
                  11              5             46            132
                  12              7             95            127
                  13              1             46            133
                  14              1              3            133
                  15              3             27            126
                  16              8             59            125
                  17              9             60            129
                  18              4             60            128
                  19              4             27            133
                  20              8             95            127
                  21              3             68            131
                  22              6             68            129
                  23              4             46            129
                  24              5             60            126
                  25              9             86            128
                  26              6             27            129
                  27              6             86            130
                  28              1              5            130
                  29              3             32            124
                  30              8             32            133
                  31              3             60            128
                  32              7             86            131
                  33              1              5            132
                  34              6             30            125
                  35              2              3            131
                  36              3             30            124
                  37              8             32            131
                  38              3             86            124
                  39              4             56            127
                  40              9             86            129
                  41              1             27            126
                  42              3             56            124
                  43              7             68            130
                  44              7             95            124
                  45              3              5            126
                  46              8             27            128
                  47              9             86            124
                  48              1             95            133
                  49              5             86            131

    #            o/d             13             15             26             28             34             43             45             51             53             55             67             68             72             88             91             96            106            114            117            119            120            121            124            125            126            127            128            129            130            131            132            133
                  15             68
                  26             68            129
                  28             46             82            102
                  34             91             74            114            130
                  43             23             88             46             62             94
                  45             37             81             92             11            124             52
                  51             80             81             92            122             23             78            115
                  53             87            116             65            132             65             73            123             43
                  55             87             65            116            124             11             92            119             29             72
                  67            102            112             94            146             46             94            138             31             31             55
                  68             41             94             37             84             81             23             74             62             51             82             73
                  72             58            124             23             84            122             37             74            102             82            122            109             41
                  88             74             15            130             94             62             91             92             72            109             52            102             94            127
                  91             61            110             31            104             84             42             94             62             37             87             65             21             46            108
                  96             62            116             21            102             94             41             92             72             46             97             74             23             37            115             11
                 106             29             96             42             61            104             11             51             87             80            102            102             29             29            100             46             42
                 114             82            104             72            127             51             72            119             29             15             58             23             51             87             97             42             52             80
                 117            115            114            114            159             41            110            151             37             51             51             21             91            129            102             84             94            119             42
                 119             68             97             61            114             55             58            105             33             21             60             37             37             74             91             31             41             65             15             55
                 120             65             15            130             71             87             86             72             92            124             78            122             96            122             29            114            119             94            112            126            104
                 121             23             46             88             51             80             43             46             73             92             73            100             55             80             52             74             78             51             84            110             72             43
                 124             37             73             60             82             62             33             73             46             52             61             65             23             62             72             37             43             42             46             80             33             78             41
                 125             51             21            116             62             82             72             61             84            112             73            114             82            108             33            100            105             80            102            119             92             15             29             65
                 126             68             61             97            108             23             72            102             21             60             21             51             62            102             52             68             78             82             46             55             43             72             58             41             65
                 127             37             60             73             80             55             41             72             43             61             52             68             37             74             58             51             58             51             52             80             41             65             33             15             52             33
                 128             82            132             29            122            100             61            112             78             41            105             71             42             51            130             23             21             62             52             92             46            136             97             60            123             88             73
                 129             60             62             87            101             33             62             94             23             55             31             52             52             92             55             60             68             72             42             60             37             71             51             31             62             11             23             80
                 130             42             72            104             11            122             61             15            116            129            116            141             82             87             84            102            102             62            123            152            109             61             43             78             52            101             73            122             94
                 131             82             46            123            114             31             92            109             46             88             21             74             87            126             33             96            105            102             73             71             72             60             65             65             58             29             52            116             37            105
                 132             72             23            124             97             52             87             94             62            100             42             92             88            123             11            101            108             97             87             92             82             37             51             65             37             42             51            122             46             87             23
                 133             21             87             62             41            109             23             31             96             96            106            115             46             46             94             65             62             21             94            130             80             82             42             51             68             87             55             82             78             42            102             92
