    #        ngroups         ntours         nspots
                  60             15             38

    #        spot_id         n_name         length              a              b
                   7         Spot_7             60              0           1440
                  10        Spot_10            120              0           1440
                  11        Spot_11            180              0           1440
                  15        Spot_15            210              0           1440
                  21        Spot_21            180              0           1440
                  23        Spot_23            210              0           1440
                  32        Spot_32            150              0           1440
                  34        Spot_34            120              0           1440
                  35        Spot_35            150              0           1440
                  43        Spot_43            210              0           1440
                  44        Spot_44            150              0           1440
                  57        Spot_57             90              0           1440
                  58        Spot_58            180              0           1440
                  60        Spot_60             90              0           1440
                  65        Spot_65             90              0           1440
                  71        Spot_71            180              0           1440
                  72        Spot_72             60              0           1440
                  77        Spot_77            150              0           1440
                  79        Spot_79             60              0           1440
                  80        Spot_80            210              0           1440
                  85        Spot_85             90              0           1440
                  86        Spot_86            180              0           1440
                  88        Spot_88            210              0           1440
                  91        Spot_91            210              0           1440
                 101       Spot_101             60              0           1440
                 107       Spot_107            120              0           1440
                 118       Spot_118            210              0           1440
                 119       Spot_119            120              0           1440
                 124      Hotel_124              0              0           1440
                 125      Hotel_125              0              0           1440
                 126      Hotel_126              0              0           1440
                 127      Hotel_127              0              0           1440
                 128      Hotel_128              0              0           1440
                 129      Hotel_129              0              0           1440
                 130      Hotel_130              0              0           1440
                 131      Hotel_131              0              0           1440
                 132      Hotel_132              0              0           1440
                 133      Hotel_133              0              0           1440

    #          tr_id        tr_name          nspot            seq
                  49        Tour_49              4             57            101             44             65
                  34        Tour_34              2            101             10
                  14        Tour_14              2             88             85
                  20        Tour_20              2             35             86
                  62        Tour_62              2             15            119
                  25        Tour_25              2             58             21
                  70        Tour_70              1             11
                  92        Tour_92              2             23             85
                  81        Tour_81              2            118             71
                  59        Tour_59              3            119             34             72
                  41        Tour_41              2             80             32
                  96        Tour_96              2            107             79
                  39        Tour_39              2             77             60
                   9         Tour_9              3              7             43             32
                  86        Tour_86              1             91

    #          gr_id        gr_size          tr_id         origin
                   0              1             49            127
                   1              6             34            129
                   2              4             14            125
                   3              1             20            129
                   4              8             62            128
                   5              4             25            130
                   6              2             70            133
                   7              2             92            130
                   8              8             81            129
                   9              8             59            125
                  10              3             41            130
                  11              1             96            126
                  12              2             39            129
                  13              2              9            129
                  14              3             86            133
                  15              2             49            127
                  16              6             59            133
                  17              1             96            131
                  18              2             14            132
                  19              8             25            133
                  20              4             92            128
                  21              4             92            131
                  22              4             39            124
                  23              3             81            130
                  24              3             59            132
                  25              6             81            128
                  26              1             25            127
                  27              5             62            131
                  28              8             34            133
                  29              7             96            125
                  30              4             41            128
                  31              2             96            126
                  32              1             34            124
                  33              6             81            126
                  34              7             59            126
                  35              4             25            124
                  36              7             92            130
                  37              7             49            128
                  38              1              9            127
                  39              2             41            131
                  40              3             86            124
                  41              1             41            131
                  42              3             96            125
                  43              2             14            133
                  44              1             25            126
                  45              2             14            125
                  46              2             14            127
                  47              1             25            124
                  48              5             39            126
                  49              8             62            131
                  50              6             49            132
                  51              3             34            125
                  52              7             41            132
                  53              8             41            127
                  54              3             49            128
                  55              3             96            132
                  56              5             49            129
                  57              7             25            124
                  58              6             96            130
                  59              1             81            132

    #            o/d              7             10             11             15             21             23             32             34             35             43             44             57             58             60             65             71             72             77             79             80             85             86             88             91            101            107            118            119            124            125            126            127            128            129            130            131            132            133
                  10             96
                  11             65            159
                  15             73             94            102
                  21             42            129             61            114
                  23             80             33            144            102            105
                  32             55            119             61             42             86            116
                  34             87             21            146             74            124             43            102
                  35             62             92            116            124             60             61            116             97
                  43             15            100             68             88             31             80             68             94             51
                  44             51            112             92            122             33             84            105            112             29             37
                  57             46            102             94            115             37             74            100            102             23             33             11
                  58             80            104            102             11            119            112             41             84            132             94            129            122
                  60             78             23            138             72            114             37             96             11             87             84            102             92             82
                  65             82             41            136             55            122             60             86             21            105             92            116            106             65             23
                  71             42             72            105             96             60             46             92             72             29             37             41             31            105             62             78
                  72             51            124             81            124             21             97            102            122             43             37             15             23            130            112            124             52
                  77             41            132             51            109             11            110             80            126             68             33             42             46            114            116            122             65             31
                  79             82             61            129             37            124             78             73             41            116             94            123            114             46             42             21             88            129            122
                  80             37            132             33             94             33            115             60            123             84             37             61             62             97            114            116             73             52             23            112
                  85             11             88             72             65             52             73             52             78             65             23             58             51             72             68             72             41             60             51             72             46
                  86             58            152             11            102             51            137             62            141            106             60             82             84            102            132            132             96             71             41            126             23             65
                  88             78             82            114             15            119             94             55             62            122             91            124            116             23             61             42             94            127            116             23            102             68            112
                  91             51             81            109            110             58             52            104             84             15             42             33             23            119             74             91             15             46             65            102             78             52            100            108
                 101             71             84            129            127             73             52            124             91             15             62             43             37            136             82            102             33             58             82            115             97             72            119            124             21
                 107             88             37            152            112            110             11            126             51             62             86             87             78            122             46             68             51            100            116             87            122             82            144            104             55             51
                 118             51            146             21            102             41            129             65            136             97             51             72             74            104            127            129             88             61             31            124             15             60             11            112             91            109            137
                 119             60             51            124             97             82             23            102             55             42             58             62             52            106             46             65             23             74             88             80             94             55            116             91             31             37             29            108
                 124             29             68             94             73             62             51             71             62             51             33             55             46             82             52             62             23             62             65             68             65             23             86             72             37             55             60             80             33
                 125             58            100             82             21             96            102             23             82            114             72            108            102             23             78             65             87            108             91             51             74             51             81             33            100            119            112             82             92             65
                 126             65             37            124             61            102             42             82             23             82             72             94             84             71             15             23             55            102            104             37            100             55            119             52             68             80             52            114             43             41             65
                 127             33             65             94             60             71             55             62             55             65             41             68             60             68             46             51             37             74             72             55             68             23             88             58             51             68             65             82             41             15             52             33
                 128             72             94            126            132             68             62            126            100             11             61             37             33            141             91            110             37             51             78            122             94             74            116            130             23             11             61            106             46             60            123             88             73
                 129             55             43            116             62             92             41             78             33             73             62             84             74             72             23             33             46             92             94             43             91             46            110             55             60             72             51            105             37             31             62             11             23             80
                 130             52            137             31             72             68            127             31            122            112             61             94             92             71            115            110             94             87             60            100             37             55             33             84            102            122            136             37            109             78             52            101             73            122             94
                 131             81             51            132             46            122             68             80             31            110             92            119            109             55             33             11             82            126            122             11            114             71            129             33             96            108             78            126             72             65             58             29             52            116             37            105
                 132             74             72            116             23            116             84             60             52            115             87            119            110             33             51             33             86            123            114             15            102             65            114             11            101            116             94            112             82             65             37             42             51            122             46             87             23
                 133             23            119             46             87             29            101             58            109             72             23             52             51             91            100            104             60             46             23            102             15             33             37             94             65             84            108             29             80             51             68             87             55             82             78             42            102             92
