    #        ngroups         ntours         nspots
                  70             18             41

    #        spot_id         n_name         length              a              b
                   7         Spot_7             60              0           1440
                  13        Spot_13            120              0           1440
                  14        Spot_14            120              0           1440
                  15        Spot_15            210              0           1440
                  26        Spot_26            150              0           1440
                  28        Spot_28            180              0           1440
                  32        Spot_32            150              0           1440
                  34        Spot_34            120              0           1440
                  35        Spot_35            150              0           1440
                  43        Spot_43            210              0           1440
                  45        Spot_45            120              0           1440
                  50        Spot_50            210              0           1440
                  51        Spot_51             60              0           1440
                  53        Spot_53            150              0           1440
                  55        Spot_55             60              0           1440
                  56        Spot_56            180              0           1440
                  67        Spot_67             60              0           1440
                  68        Spot_68            210              0           1440
                  69        Spot_69            120              0           1440
                  72        Spot_72             60              0           1440
                  82        Spot_82            150              0           1440
                  88        Spot_88            210              0           1440
                  91        Spot_91            210              0           1440
                  96        Spot_96            180              0           1440
                 100       Spot_100             90              0           1440
                 106       Spot_106            180              0           1440
                 114       Spot_114             60              0           1440
                 117       Spot_117             60              0           1440
                 119       Spot_119            120              0           1440
                 120       Spot_120            180              0           1440
                 121       Spot_121             90              0           1440
                 124      Hotel_124              0              0           1440
                 125      Hotel_125              0              0           1440
                 126      Hotel_126              0              0           1440
                 127      Hotel_127              0              0           1440
                 128      Hotel_128              0              0           1440
                 129      Hotel_129              0              0           1440
                 130      Hotel_130              0              0           1440
                 131      Hotel_131              0              0           1440
                 132      Hotel_132              0              0           1440
                 133      Hotel_133              0              0           1440

    #          tr_id        tr_name          nspot            seq
                  27        Tour_27              3             43             51             67
                  62        Tour_62              2             15            119
                  59        Tour_59              3            119             34             72
                  56        Tour_56              2            117             13
                  68        Tour_68              2            106             53
                   3         Tour_3              2             96            114
                  60        Tour_60              2             26            106
                  32        Tour_32              2             45             67
                   5         Tour_5              2             88             68
                  86        Tour_86              1             91
                  30        Tour_30              2            121             55
                  46        Tour_46              2            120             28
                  95        Tour_95              2             28             15
                  43        Tour_43              2             14             35
                   9         Tour_9              3              7             43             32
                  54        Tour_54              3             69            100             82
                  33        Tour_33              3             50             51            100
                  47        Tour_47              1             56

    #          gr_id        gr_size          tr_id         origin
                   0              8             27            126
                   1              8             62            132
                   2              4             59            130
                   3              8             56            126
                   4              7             68            129
                   5              6              3            132
                   6              6             60            129
                   7              8             32            130
                   8              8              5            127
                   9              1             86            125
                  10              7             30            125
                  11              7             46            125
                  12              7             95            127
                  13              1             43            132
                  14              1              9            131
                  15              7             54            124
                  16              7             33            125
                  17              2             47            129
                  18              1              9            128
                  19              5              3            133
                  20              7             46            127
                  21              6             30            131
                  22              8              3            126
                  23              3              5            129
                  24              5             46            126
                  25              5             33            128
                  26              8              3            129
                  27              8             32            130
                  28              9             60            130
                  29              4             59            124
                  30              1             54            133
                  31              5             30            126
                  32              8             60            131
                  33              5             60            132
                  34              7             30            125
                  35              2             30            131
                  36              5             59            127
                  37              3             27            131
                  38              9             47            131
                  39              4             43            127
                  40              3             60            129
                  41              8             68            126
                  42              3              5            124
                  43              2             56            130
                  44              6             46            124
                  45              3             33            130
                  46              4              3            128
                  47              9             33            124
                  48              4             95            133
                  49              1             60            131
                  50              5             86            128
                  51              4             59            132
                  52              6             95            133
                  53              3             46            127
                  54              8             54            131
                  55              4             46            132
                  56              8             27            128
                  57              2             47            130
                  58              1             95            125
                  59              2             56            125
                  60              2             46            132
                  61              1             47            130
                  62              4             30            132
                  63              2             46            133
                  64              6             86            125
                  65              8             27            128
                  66              8             86            124
                  67              2             30            129
                  68              7             56            133
                  69              6             54            128

    #            o/d              7             13             14             15             26             28             32             34             35             43             45             50             51             53             55             56             67             68             69             72             82             88             91             96            100            106            114            117            119            120            121            124            125            126            127            128            129            130            131            132            133
                  13             11
                  14             29             37
                  15             73             68            102
                  26             60             68             33            129
                  28             55             46             71             82            102
                  32             55             46             82             42            114             41
                  34             87             91            102             74            114            130            102
                  35             62             72             42            124             23            112            116             97
                  43             15             23             15             88             46             62             68             94             51
                  45             46             37             61             81             92             11             42            124            102             52
                  50             58             65             65             84             72            110             94             42             55             60            102
                  51             73             80             84             81             92            122            100             23             74             78            115             21
                  53             78             87             72            116             65            132            122             65             42             73            123             33             43
                  55             84             87            102             65            116            124             94             11            100             92            119             46             29             72
                  56             71             72             94             42            114            105             72             33            102             82            100             51             42             82             23
                  67             94            102             96            112             94            146            129             46             72             94            138             37             31             31             55             72
                  68             31             41             23             94             37             84             84             81             33             23             74             42             62             51             82             78             73
                  69             15             11             43             60             73             51             42             82             74             29             43             60             72             84             78             62             96             42
                  72             51             58             23            124             23             84            102            122             43             37             74             82            102             82            122            116            109             41             65
                  82             62             72             51            114             42            116            112             78             21             55            106             37             55             23             82             86             52             33             71             60
                  88             78             74            105             15            130             94             55             62            122             91             92             78             72            109             52             31            102             94             65            127            110
                  91             51             61             37            110             31            104            104             84             15             42             94             42             62             37             87             88             65             21             62             46             15            108
                  96             52             62             33            116             21            102            106             94             11             41             92             52             72             46             97             96             74             23             65             37             23            115             11
                 100             51             46             80             23            108             65             29             73            105             65             62             71             74            102             65             43            104             73             37            102             97             31             91             96
                 106             23             29             11             96             42             61             73            104             52             11             51             68             87             80            102             92            102             29             37             29             60            100             46             42             73
                 114             73             82             73            104             72            127            114             51             51             72            119             21             29             15             58             68             23             51             78             87             31             97             42             52             92             80
                 117            108            115            114            114            114            159            136             41             92            110            151             51             37             51             51             72             21             91            108            129             72            102             84             94            109            119             42
                 119             60             68             60             97             61            114            102             55             42             58            105             15             33             21             60             65             37             37             65             74             23             91             31             41             82             65             15             55
                 120             72             65            101             15            130             71             31             87            127             86             72             92             92            124             78             55            122             96             58            122            119             29            114            119             23             94            112            126            104
                 121             29             23             58             46             88             51             31             80             87             43             46             65             73             92             73             55            100             55             15             80             82             52             74             78             23             51             84            110             72             43
                 124             29             37             41             73             60             82             71             62             51             33             73             29             46             52             61             55             65             23             33             62             42             72             37             43             55             42             46             80             33             78             41
                 125             58             51             86             21            116             62             23             82            114             72             61             81             84            112             73             51            114             82             43            108            106             33            100            105             11             80            102            119             92             15             29             65
                 126             65             68             81             61             97            108             82             23             82             72            102             29             21             60             21             23             51             62             60            102             65             52             68             78             55             82             46             55             43             72             58             41             65
                 127             33             37             52             60             73             80             62             55             65             41             72             33             43             61             52             42             68             37             29             74             55             58             51             58             42             51             52             80             41             65             33             15             52             33
                 128             72             82             52            132             29            122            126            100             11             61            112             60             78             41            105            108             71             42             84             51             23            130             23             21            114             62             52             92             46            136             97             60            123             88             73
                 129             55             60             71             62             87            101             78             33             73             62             94             23             23             55             31             29             52             52             51             92             58             55             60             68             52             72             42             60             37             71             51             31             62             11             23             80
                 130             52             42             72             72            104             11             31            122            112             61             15            105            116            129            116             96            141             82             46             87            114             84            102            102             55             62            123            152            109             61             43             78             52            101             73            122             94
                 131             81             82            104             46            123            114             80             31            110             92            109             58             46             88             21             11             74             87             72            126             94             33             96            105             51            102             73             71             72             60             65             65             58             29             52            116             37            105
                 132             74             72            100             23            124             97             60             52            115             87             94             68             62            100             42             21             92             88             62            123            102             11            101            108             33             97             87             92             82             37             51             65             37             42             51            122             46             87             23
                 133             23             21             31             87             62             41             58            109             72             23             31             80             96             96            106             92            115             46             31             46             78             94             65             62             65             21             94            130             80             82             42             51             68             87             55             82             78             42            102             92
