    #        ngroups         ntours         nspots
                  70             18             48

    #        spot_id         n_name         length              a              b
                   1         Spot_1            150              0           1440
                   6         Spot_6             60              0           1440
                   7         Spot_7             60              0           1440
                  10        Spot_10            120              0           1440
                  11        Spot_11            180              0           1440
                  15        Spot_15            210              0           1440
                  19        Spot_19            150              0           1440
                  21        Spot_21            180              0           1440
                  23        Spot_23            210              0           1440
                  29        Spot_29             60              0           1440
                  32        Spot_32            150              0           1440
                  33        Spot_33            210              0           1440
                  34        Spot_34            120              0           1440
                  35        Spot_35            150              0           1440
                  40        Spot_40             60              0           1440
                  43        Spot_43            210              0           1440
                  44        Spot_44            150              0           1440
                  45        Spot_45            120              0           1440
                  47        Spot_47            120              0           1440
                  49        Spot_49             60              0           1440
                  57        Spot_57             90              0           1440
                  58        Spot_58            180              0           1440
                  60        Spot_60             90              0           1440
                  65        Spot_65             90              0           1440
                  69        Spot_69            120              0           1440
                  71        Spot_71            180              0           1440
                  72        Spot_72             60              0           1440
                  77        Spot_77            150              0           1440
                  79        Spot_79             60              0           1440
                  80        Spot_80            210              0           1440
                  85        Spot_85             90              0           1440
                  86        Spot_86            180              0           1440
                  88        Spot_88            210              0           1440
                  91        Spot_91            210              0           1440
                 101       Spot_101             60              0           1440
                 107       Spot_107            120              0           1440
                 118       Spot_118            210              0           1440
                 119       Spot_119            120              0           1440
                 124      Hotel_124              0              0           1440
                 125      Hotel_125              0              0           1440
                 126      Hotel_126              0              0           1440
                 127      Hotel_127              0              0           1440
                 128      Hotel_128              0              0           1440
                 129      Hotel_129              0              0           1440
                 130      Hotel_130              0              0           1440
                 131      Hotel_131              0              0           1440
                 132      Hotel_132              0              0           1440
                 133      Hotel_133              0              0           1440

    #          tr_id        tr_name          nspot            seq
                  49        Tour_49              4             57            101             44             65
                  34        Tour_34              2            101             10
                  14        Tour_14              2             88             85
                  20        Tour_20              2             35             86
                  62        Tour_62              2             15            119
                  25        Tour_25              2             58             21
                  70        Tour_70              1             11
                  92        Tour_92              2             23             85
                  81        Tour_81              2            118             71
                  59        Tour_59              3            119             34             72
                  41        Tour_41              2             80             32
                  96        Tour_96              2            107             79
                  39        Tour_39              2             77             60
                   9         Tour_9              3              7             43             32
                  86        Tour_86              1             91
                  84        Tour_84              3             49             69             47
                  97        Tour_97              3             45             19              1
                  82        Tour_82              4             40             29             33              6

    #          gr_id        gr_size          tr_id         origin
                   0              6             49            131
                   1              4             34            129
                   2              4             14            125
                   3              5             20            129
                   4              9             62            133
                   5              5             25            130
                   6              2             70            133
                   7              3             92            130
                   8              3             81            132
                   9              6             59            125
                  10              7             41            127
                  11              6             96            126
                  12              6             39            129
                  13              5              9            129
                  14              4             86            133
                  15              5             84            127
                  16              6             97            124
                  17              1             82            131
                  18              7             96            127
                  19              3             14            130
                  20              2             25            128
                  21              9             81            125
                  22              2             97            124
                  23              9             62            130
                  24              2             62            132
                  25              2             92            128
                  26              4             62            127
                  27              8             41            126
                  28              9             84            133
                  29              1             97            125
                  30              9             86            128
                  31              3             96            126
                  32              7             59            124
                  33              9             62            126
                  34              8             70            131
                  35              7             62            124
                  36              7             20            130
                  37              3             41            128
                  38              5             41            127
                  39              1             39            131
                  40              6             34            124
                  41              6             59            131
                  42              5             34            125
                  43              4             70            128
                  44              9             14            126
                  45              2             82            125
                  46              3             81            127
                  47              9             92            124
                  48              9             81            126
                  49              7             92            131
                  50              1             39            132
                  51              3             96            125
                  52              7             14            132
                  53              5             14            127
                  54              2             14            128
                  55              6             84            132
                  56              5             25            129
                  57              1             59            124
                  58              9             59            126
                  59              8             82            132
                  60              5             86            133
                  61              3             96            129
                  62              4             25            131
                  63              4             82            126
                  64              5             86            130
                  65              8             92            131
                  66              5             96            132
                  67              2             59            128
                  68              8             96            133
                  69              7             82            130

    #            o/d              1              6              7             10             11             15             19             21             23             29             32             33             34             35             40             43             44             45             47             49             57             58             60             65             69             71             72             77             79             80             85             86             88             91            101            107            118            119            124            125            126            127            128            129            130            131            132            133
                   6             11
                   7             94            101
                  10             15             23             96
                  11            158            165             65            159
                  15            102            112             73             94            102
                  19            114            123             46            110             62             41
                  21            123            127             42            129             61            114             80
                  23             21             23             80             33            144            102            106            105
                  29             29             37             65             33            129             82             87             97             21
                  32            123            132             55            119             61             42             11             86            116             97
                  33             71             72             61             82            119            119            104             65             51             55            114
                  34             33             42             87             21            146             74             94            124             43             33            102             87
                  35             81             82             62             92            116            124            106             60             61             65            116             11             97
                  40             33             42             68             29            130             71             82            104             33             15             91             68             21             78
                  43             96            102             15            100             68             88             60             31             80             68             68             52             94             51             74
                  44            104            106             51            112             92            122             96             33             84             81            105             37            112             29             92             37
                  45            137            144             46            137             23             81             41             55            124            108             42            104            124            102            108             52             82
                  47            122            130             33            122             37             72             33             51            110             94             37             92            110             92             94             41             74             15
                  49            138            144             46            141             31            104             65             31            122            110             68             91            132             87            114             43             62             29             33
                  57             94             97             46            102             94            115             91             37             74             71            100             29            102             23             82             33             11             81             72             65
                  58            112            122             80            104            102             11             42            119            112             92             41            127             84            132             81             94            129             82             74            106            122
                  60             31             41             78             23            138             72             88            114             37             23             96             78             11             87             11             84            102            116            102            123             92             82
                  65             52             62             82             41            136             55             80            122             60             43             86             96             21            105             29             92            116            114            100            126            106             65             23
                  69             94            102             15             94             65             60             33             55             82             65             42             72             82             74             65             29             65             43             29             52             60             65             73             74
                  71             65             68             42             72            105             96             82             60             46             41             92             23             72             29             52             37             41             87             74             80             31            105             62             78             51
                  72            116            119             51            124             81            124             94             21             97             92            102             51            122             43            102             37             15             74             68             51             23            130            112            124             65             52
                  77            127            132             41            132             51            109             73             11            110            100             80             73            126             68            106             33             42             46             43             21             46            114            116            122             52             65             31
                  79             72             82             82             61            129             37             68            124             78             60             73            108             41            116             46             94            123            106             94            122            114             46             42             21             71             88            129            122
                  80            130            137             37            132             33             94             55             33            115            102             60             87            123             84            105             37             61             23             23             11             62             97            114            116             42             73             52             23            112
                  85             86             94             11             88             72             65             42             52             73             58             52             62             78             65             60             23             58             51             37             55             51             72             68             72             11             41             60             51             72             46
                  86            151            158             58            152             11            102             61             51            137            122             62            109            141            106            124             60             82             21             33             21             84            102            132            132             60             96             71             41            126             23             65
                  88             92            102             78             82            114             15             52            119             94             74             55            116             62            122             62             91            124             92             81            112            116             23             61             42             65             94            127            116             23            102             68            112
                  91             72             74             51             81            109            110             94             58             52             52            104             11             84             15             65             42             33             94             82             82             23            119             74             91             62             15             46             65            102             78             52            100            108
                 101             72             71             71             84            129            127            114             73             52             60            124             11             91             15             73             62             43            114            102            100             37            136             82            102             82             33             58             82            115             97             72            119            124             21
                 107             23             21             88             37            152            112            116            110             11             31            126             52             51             62             42             86             87            132            119            129             78            122             46             68             91             51            100            116             87            122             82            144            104             55             51
                 118            144            151             51            146             21            102             62             41            129            116             65            100            136             97            119             51             72             23             31             11             74            104            127            129             55             88             61             31            124             15             60             11            112             91            109            137
                 119             42             46             60             51            124             97             92             82             23             23            102             33             55             42             37             58             62            105             91            101             52            106             46             65             65             23             74             88             80             94             55            116             91             31             37             29            108
                 124             65             72             29             68             94             73             61             62             51             37             71             46             62             51             42             33             55             73             60             73             46             82             52             62             33             23             62             65             68             65             23             86             72             37             55             60             80             33
                 125            106            116             58            100             82             21             21             96            102             82             23            109             82            114             74             72            108             61             52             84            102             23             78             65             43             87            108             91             51             74             51             81             33            100            119            112             82             92             65
                 126             42             52             65             37            124             61             73            102             42             23             82             73             23             82             11             72             94            102             88            109             84             71             15             23             60             55            102            104             37            100             55            119             52             68             80             52            114             43             41             65
                 127             65             73             33             65             94             60             52             71             55             37             62             60             55             65             37             41             68             72             58             78             60             68             46             51             29             37             74             72             55             68             23             88             58             51             68             65             82             41             15             52             33
                 128             82             81             72             94            126            132            116             68             62             68            126             15            100             11             82             61             37            112            102             97             33            141             91            110             84             37             51             78            122             94             74            116            130             23             11             61            106             46             60            123             88             73
                 129             46             55             55             43            116             62             68             92             41             21             78             65             33             73             15             62             84             94             80            100             74             72             23             33             51             46             92             94             43             91             46            110             55             60             72             51            105             37             31             62             11             23             80
                 130            138            146             52            137             31             72             33             68            127            110             31            112            122            112            108             61             94             15             21             43             92             71            115            110             46             94             87             60            100             37             55             33             84            102            122            136             37            109             78             52            101             73            122             94
                 131             62             72             81             51            132             46             73            122             68             51             80            102             31            110             37             92            119            109             97            124            109             55             33             11             72             82            126            122             11            114             71            129             33             96            108             78            126             72             65             58             29             52            116             37            105
                 132             81             92             74             72            116             23             55            116             84             65             60            108             52            115             52             87            119             94             82            112            110             33             51             33             62             86            123            114             15            102             65            114             11            101            116             94            112             82             65             37             42             51            122             46             87             23
                 133            116            122             23            119             46             87             51             29            101             88             58             74            109             72             91             23             52             31             23             23             51             91            100            104             31             60             46             23            102             15             33             37             94             65             84            108             29             80             51             68             87             55             82             78             42            102             92
