    #        ngroups         ntours         nspots
                  80             20             45

    #        spot_id         n_name         length              a              b
                   1         Spot_1            150              0           1440
                   7         Spot_7             60              0           1440
                  13        Spot_13            120              0           1440
                  14        Spot_14            120              0           1440
                  15        Spot_15            210              0           1440
                  19        Spot_19            150              0           1440
                  26        Spot_26            150              0           1440
                  28        Spot_28            180              0           1440
                  32        Spot_32            150              0           1440
                  34        Spot_34            120              0           1440
                  35        Spot_35            150              0           1440
                  43        Spot_43            210              0           1440
                  45        Spot_45            120              0           1440
                  46        Spot_46             60              0           1440
                  50        Spot_50            210              0           1440
                  51        Spot_51             60              0           1440
                  53        Spot_53            150              0           1440
                  55        Spot_55             60              0           1440
                  56        Spot_56            180              0           1440
                  67        Spot_67             60              0           1440
                  68        Spot_68            210              0           1440
                  69        Spot_69            120              0           1440
                  72        Spot_72             60              0           1440
                  82        Spot_82            150              0           1440
                  88        Spot_88            210              0           1440
                  91        Spot_91            210              0           1440
                  96        Spot_96            180              0           1440
                 100       Spot_100             90              0           1440
                 106       Spot_106            180              0           1440
                 114       Spot_114             60              0           1440
                 115       Spot_115            210              0           1440
                 117       Spot_117             60              0           1440
                 119       Spot_119            120              0           1440
                 120       Spot_120            180              0           1440
                 121       Spot_121             90              0           1440
                 124      Hotel_124              0              0           1440
                 125      Hotel_125              0              0           1440
                 126      Hotel_126              0              0           1440
                 127      Hotel_127              0              0           1440
                 128      Hotel_128              0              0           1440
                 129      Hotel_129              0              0           1440
                 130      Hotel_130              0              0           1440
                 131      Hotel_131              0              0           1440
                 132      Hotel_132              0              0           1440
                 133      Hotel_133              0              0           1440

    #          tr_id        tr_name          nspot            seq
                  27        Tour_27              3             43             51             67
                  62        Tour_62              2             15            119
                  59        Tour_59              3            119             34             72
                  56        Tour_56              2            117             13
                  68        Tour_68              2            106             53
                   3         Tour_3              2             96            114
                  60        Tour_60              2             26            106
                  32        Tour_32              2             45             67
                   5         Tour_5              2             88             68
                  86        Tour_86              1             91
                  30        Tour_30              2            121             55
                  46        Tour_46              2            120             28
                  95        Tour_95              2             28             15
                  43        Tour_43              2             14             35
                   9         Tour_9              3              7             43             32
                  54        Tour_54              3             69            100             82
                  33        Tour_33              3             50             51            100
                  47        Tour_47              1             56
                  97        Tour_97              3             45             19              1
                  57        Tour_57              2             46            115

    #          gr_id        gr_size          tr_id         origin
                   0              8             27            126
                   1              8             62            132
                   2              4             59            130
                   3              8             56            126
                   4              7             68            129
                   5              6              3            132
                   6              6             60            129
                   7              8             32            130
                   8              8              5            127
                   9              1             86            125
                  10              7             30            125
                  11              7             46            125
                  12              7             95            127
                  13              1             43            132
                  14              1              9            131
                  15              7             54            124
                  16              7             33            125
                  17              1             47            129
                  18              8             97            128
                  19              9             57            133
                  20              6             59            127
                  21              3             43            131
                  22              2             59            126
                  23              6             60            129
                  24              9              3            126
                  25              8             86            128
                  26              5             97            129
                  27              2             62            130
                  28              7              5            130
                  29              8             56            124
                  30              9             46            133
                  31              8             95            126
                  32              5             33            131
                  33              5             43            132
                  34              2             43            125
                  35              2             59            131
                  36              2             47            127
                  37              3             95            131
                  38              9             32            131
                  39              6             62            127
                  40              1             62            129
                  41              4             68            126
                  42              2             68            124
                  43              1             97            130
                  44              3             47            124
                  45              6             60            130
                  46              8             95            128
                  47              9             30            124
                  48              7             33            133
                  49              7              3            131
                  50              2             46            128
                  51              7             47            132
                  52              1             27            133
                  53              4             59            127
                  54              6             46            131
                  55              4             46            132
                  56              3             54            128
                  57              3              3            130
                  58              4             27            125
                  59              1             68            125
                  60              5             56            132
                  61              3             60            130
                  62              8             68            132
                  63              2              3            133
                  64              7             33            125
                  65              6             97            128
                  66              9             30            124
                  67              7             97            129
                  68              1             68            133
                  69              2              3            128
                  70              2              3            124
                  71              8             47            129
                  72              4             56            126
                  73              1             60            127
                  74              5              9            133
                  75              6             62            124
                  76              1             30            133
                  77              4              5            128
                  78              5             30            126
                  79              9             86            127

    #            o/d              1              7             13             14             15             19             26             28             32             34             35             43             45             46             50             51             53             55             56             67             68             69             72             82             88             91             96            100            106            114            115            117            119            120            121            124            125            126            127            128            129            130            131            132            133
                   7             94
                  13            101             11
                  14            100             29             37
                  15            102             73             68            102
                  19            114             46             37             73             41
                  26            102             60             68             33            129            105
                  28            144             55             46             71             82             42            102
                  32            123             55             46             82             42             11            114             41
                  34             33             87             91            102             74             94            114            130            102
                  35             81             62             72             42            124            106             23            112            116             97
                  43             96             15             23             15             88             60             46             62             68             94             51
                  45            137             46             37             61             81             41             92             11             42            124            102             52
                  46             68             41             42             65             46             46             88             80             55             51             80             52             73
                  50             37             58             65             65             84             84             72            110             94             42             55             60            102             41
                  51             23             73             80             84             81             91             92            122            100             23             74             78            115             46             21
                  53             42             78             87             72            116            112             65            132            122             65             42             73            123             72             33             43
                  55             42             84             87            102             65             86            116            124             94             11            100             92            119             46             46             29             72
                  56             61             71             72             94             42             65            114            105             72             33            102             82            100             31             51             42             82             23
                  67             15             94            102             96            112            119             94            146            129             46             72             94            138             74             37             31             31             55             72
                  68             78             31             41             23             94             74             37             84             84             81             33             23             74             51             42             62             51             82             78             73
                  69             94             15             11             43             60             33             73             51             42             82             74             29             43             33             60             72             84             78             62             96             42
                  72            116             51             58             23            124             94             23             84            102            122             43             37             74             87             82            102             82            122            116            109             41             65
                  82             61             62             72             51            114            102             42            116            112             78             21             55            106             68             37             55             23             82             86             52             33             71             60
                  88             92             78             74            105             15             52            130             94             55             62            122             91             92             43             78             72            109             52             31            102             94             65            127            110
                  91             72             51             61             37            110             94             31            104            104             84             15             42             94             65             42             62             37             87             88             65             21             62             46             15            108
                  96             82             52             62             33            116             97             21            102            106             94             11             41             92             72             52             72             46             97             96             74             23             65             37             23            115             11
                 100             97             51             46             80             23             23            108             65             29             73            105             65             62             31             71             74            102             65             43            104             73             37            102             97             31             91             96
                 106            105             23             29             11             96             65             42             61             73            104             52             11             51             62             68             87             80            102             92            102             29             37             29             60            100             46             42             73
                 114             31             73             82             73            104            104             72            127            114             51             51             72            119             61             21             29             15             58             68             23             51             78             87             31             97             42             52             92             80
                 115             23             91             96            104             84            102            112            137            110             11             94             97            130             58             41             21             60             21             42             37             82             88            122             74             72             82             92             82            106             46
                 117             15            108            115            114            114            127            114            159            136             41             92            110            151             82             51             37             51             51             72             21             91            108            129             72            102             84             94            109            119             42             31
                 119             42             60             68             60             97             92             61            114            102             55             42             58            105             52             15             33             21             60             65             37             37             65             74             23             91             31             41             82             65             15             52             55
                 120            114             72             65            101             15             33            130             71             31             87            127             86             72             52             92             92            124             78             55            122             96             58            122            119             29            114            119             23             94            112             97            126            104
                 121             96             29             23             58             46             21             88             51             31             80             87             43             46             29             65             73             92             73             55            100             55             15             80             82             52             74             78             23             51             84             86            110             72             43
                 124             65             29             37             41             73             61             60             82             71             62             51             33             73             29             29             46             52             61             55             65             23             33             62             42             72             37             43             55             42             46             65             80             33             78             41
                 125            106             58             51             86             21             21            116             62             23             82            114             72             61             41             81             84            112             73             51            114             82             43            108            106             33            100            105             11             80            102             91            119             92             15             29             65
                 126             42             65             68             81             61             73             97            108             82             23             82             72            102             29             29             21             60             21             23             51             62             60            102             65             52             68             78             55             82             46             29             55             43             72             58             41             65
                 127             65             33             37             52             60             52             73             80             62             55             65             41             72             15             33             43             61             52             42             68             37             29             74             55             58             51             58             42             51             52             60             80             41             65             33             15             52             33
                 128             82             72             82             52            132            116             29            122            126            100             11             61            112             88             60             78             41            105            108             71             42             84             51             23            130             23             21            114             62             52             97             92             46            136             97             60            123             88             73
                 129             46             55             60             71             62             68             87            101             78             33             73             62             94             23             23             23             55             31             29             52             52             51             92             58             55             60             68             52             72             42             37             60             37             71             51             31             62             11             23             80
                 130            138             52             42             72             72             33            104             11             31            122            112             61             15             72            105            116            129            116             96            141             82             46             87            114             84            102            102             55             62            123            129            152            109             61             43             78             52            101             73            122             94
                 131             62             81             82            104             46             73            123            114             80             31            110             92            109             41             58             46             88             21             11             74             87             72            126             94             33             96            105             51            102             73             41             71             72             60             65             65             58             29             52            116             37            105
                 132             81             74             72            100             23             55            124             97             60             52            115             87             94             37             68             62            100             42             21             92             88             62            123            102             11            101            108             33             97             87             62             92             82             37             51             65             37             42             51            122             46             87             23
                 133            116             23             21             31             87             51             62             41             58            109             72             23             31             62             80             96             96            106             92            115             46             31             46             78             94             65             62             65             21             94            114            130             80             82             42             51             68             87             55             82             78             42            102             92
