    #        ngroups         ntours         nspots
                  10             10             29

    #        spot_id         n_name         length              a              b
                   4         Spot_4            150              0           1440
                   5         Spot_5             90              0           1440
                   7         Spot_7             60              0           1440
                  11        Spot_11            180              0           1440
                  14        Spot_14            120              0           1440
                  27        Spot_27             90              0           1440
                  32        Spot_32            150              0           1440
                  35        Spot_35            150              0           1440
                  47        Spot_47            120              0           1440
                  48        Spot_48            150              0           1440
                  53        Spot_53            150              0           1440
                  54        Spot_54            180              0           1440
                  56        Spot_56            180              0           1440
                  59        Spot_59            180              0           1440
                  68        Spot_68            210              0           1440
                  69        Spot_69            120              0           1440
                  85        Spot_85             90              0           1440
                  86        Spot_86            180              0           1440
                  87        Spot_87             60              0           1440
                 107       Spot_107            120              0           1440
                 108       Spot_108             90              0           1440
                 109       Spot_109            120              0           1440
                 124      Hotel_124              0              0           1440
                 125      Hotel_125              0              0           1440
                 126      Hotel_126              0              0           1440
                 127      Hotel_127              0              0           1440
                 128      Hotel_128              0              0           1440
                 132      Hotel_132              0              0           1440
                 133      Hotel_133              0              0           1440

    #          tr_id        tr_name          nspot            seq
                  65        Tour_65              3             59            109             69
                  37        Tour_37              2            108            107
                  18        Tour_18              2             11             47
                  47        Tour_47              1             56
                  98        Tour_98              3              7             53             48
                  58        Tour_58              3             87             27             54
                  66        Tour_66              3             68             87             47
                  31        Tour_31              3             86              4              7
                  75        Tour_75              3             85             32              5
                  43        Tour_43              2             14             35

    #          gr_id        gr_size          tr_id         origin
                   0              3             65            128
                   1              7             37            125
                   2              3             18            126
                   3              2             47            133
                   4              1             98            128
                   5              8             58            127
                   6              2             66            127
                   7              6             31            124
                   8              1             75            132
                   9              6             43            124

    #            o/d              4              5              7             11             14             27             32             35             47             48             53             54             56             59             68             69             85             86             87            107            108            109            124            125            126            127            128            132            133
                   5            132
                   7             46             87
                  11             71            124             65
                  14             21            114             29             74
                  27            129             11             84            126            109
                  32             94             65             55             61             82             68
                  35             51            129             62            116             42            122            116
                  47             60             92             33             37             52             92             37             92
                  48             46            102             29             37             41            102             51             82             15
                  53             88            114             78            141             72            105            122             42            109            105
                  54             33            114             33             42             33            112             65             74             29             15            102
                  56            114             33             71            123             94             23             72            102             87             94             82            102
                  59            104             37             61            114             84             29             65             94             78             84             78             92             11
                  68             42            102             31             91             23             96             84             33             62             55             51             51             78             68
                  69             60             74             15             65             43             72             42             74             29             33             84             41             62             52             42
                  85             55             78             11             72             37             74             52             65             37             37             74             42             61             51             33             11
                  86             61            122             58             11             65            124             62            106             33             29            132             33            119            109             82             60             65
                  87            127             15             82            112            110             23             52            130             82             94            119            106             41             42            101             68             73            112
                 107            105            106             88            152             88             97            126             62            119            116             21            115             74             72             65             91             82            144            114
                 108             80             61             37             65             65             62             21             97             31             42            102             55             60             51             65             23             33             62             52            106
                 109            109             94             86            151             91             84            119             71            116            115             33            116             62             61             68             88             80            144            102             15            100
                 124             61             80             29             94             41             73             71             51             60             58             52             60             55             46             23             33             23             86             80             60             51             58
                 125            102             42             58             82             86             46             23            114             52             65            112             78             51             46             82             43             51             81             31            112             23            104             65
                 126            102             55             65            124             81             46             82             82             88             91             60             97             23             21             62             60             55            119             62             52             65             41             41             65
                 127             72             65             33             94             52             60             62             65             58             60             61             65             42             33             37             29             23             88             65             65             42             60             15             52             33
                 128             60            137             72            126             52            129            126             11            102             92             41             84            108            101             42             84             74            116            138             61            106             72             60            123             88             73
                 132            119             15             74            116            100             11             60            115             82             92            100            102             21             23             88             62             65            114             21             94             52             82             65             37             42             51            122
                 133             37            104             23             46             31            102             58             72             23             11             96             11             92             82             46             31             33             37             97            108             46            108             51             68             87             55             82             92
