    #        ngroups         ntours         nspots
                  30             30             65

    #        spot_id         n_name         length              a              b
                   1         Spot_1            150              0           1440
                   6         Spot_6             60              0           1440
                   7         Spot_7             60              0           1440
                  10        Spot_10            120              0           1440
                  11        Spot_11            180              0           1440
                  13        Spot_13            120              0           1440
                  14        Spot_14            120              0           1440
                  15        Spot_15            210              0           1440
                  18        Spot_18            210              0           1440
                  19        Spot_19            150              0           1440
                  21        Spot_21            180              0           1440
                  22        Spot_22            150              0           1440
                  26        Spot_26            150              0           1440
                  28        Spot_28            180              0           1440
                  29        Spot_29             60              0           1440
                  32        Spot_32            150              0           1440
                  33        Spot_33            210              0           1440
                  34        Spot_34            120              0           1440
                  35        Spot_35            150              0           1440
                  40        Spot_40             60              0           1440
                  43        Spot_43            210              0           1440
                  45        Spot_45            120              0           1440
                  46        Spot_46             60              0           1440
                  47        Spot_47            120              0           1440
                  49        Spot_49             60              0           1440
                  50        Spot_50            210              0           1440
                  51        Spot_51             60              0           1440
                  53        Spot_53            150              0           1440
                  55        Spot_55             60              0           1440
                  56        Spot_56            180              0           1440
                  57        Spot_57             90              0           1440
                  58        Spot_58            180              0           1440
                  67        Spot_67             60              0           1440
                  68        Spot_68            210              0           1440
                  69        Spot_69            120              0           1440
                  72        Spot_72             60              0           1440
                  76        Spot_76             90              0           1440
                  78        Spot_78             90              0           1440
                  82        Spot_82            150              0           1440
                  88        Spot_88            210              0           1440
                  89        Spot_89            120              0           1440
                  91        Spot_91            210              0           1440
                  92        Spot_92            180              0           1440
                  96        Spot_96            180              0           1440
                 100       Spot_100             90              0           1440
                 101       Spot_101             60              0           1440
                 104       Spot_104            210              0           1440
                 106       Spot_106            180              0           1440
                 108       Spot_108             90              0           1440
                 114       Spot_114             60              0           1440
                 115       Spot_115            210              0           1440
                 117       Spot_117             60              0           1440
                 119       Spot_119            120              0           1440
                 120       Spot_120            180              0           1440
                 121       Spot_121             90              0           1440
                 124      Hotel_124              0              0           1440
                 125      Hotel_125              0              0           1440
                 126      Hotel_126              0              0           1440
                 127      Hotel_127              0              0           1440
                 128      Hotel_128              0              0           1440
                 129      Hotel_129              0              0           1440
                 130      Hotel_130              0              0           1440
                 131      Hotel_131              0              0           1440
                 132      Hotel_132              0              0           1440
                 133      Hotel_133              0              0           1440

    #          tr_id        tr_name          nspot            seq
                  27        Tour_27              3             43             51             67
                  62        Tour_62              2             15            119
                  59        Tour_59              3            119             34             72
                  56        Tour_56              2            117             13
                  68        Tour_68              2            106             53
                   3         Tour_3              2             96            114
                  60        Tour_60              2             26            106
                  32        Tour_32              2             45             67
                   5         Tour_5              2             88             68
                  86        Tour_86              1             91
                  30        Tour_30              2            121             55
                  46        Tour_46              2            120             28
                  95        Tour_95              2             28             15
                  43        Tour_43              2             14             35
                   9         Tour_9              3              7             43             32
                  54        Tour_54              3             69            100             82
                  33        Tour_33              3             50             51            100
                  47        Tour_47              1             56
                  97        Tour_97              3             45             19              1
                  57        Tour_57              2             46            115
                  25        Tour_25              2             58             21
                  91        Tour_91              2            104             22
                  17        Tour_17              3             34            108             49
                  21        Tour_21              3            100             78             18
                  23        Tour_23              3             76             89            120
                  34        Tour_34              2            101             10
                  10        Tour_10              2             18             92
                  99        Tour_99              3             67             13             57
                  82        Tour_82              4             40             29             33              6
                  18        Tour_18              2             11             47

    #          gr_id        gr_size          tr_id         origin
                   0              9             27            126
                   1              7             62            132
                   2              7             59            127
                   3              2             56            126
                   4              4             68            130
                   5              2              3            127
                   6              9             60            133
                   7              6             32            130
                   8              2              5            128
                   9              4             86            125
                  10              9             30            125
                  11              7             46            132
                  12              1             95            127
                  13              3             43            133
                  14              1              9            133
                  15              7             54            126
                  16              7             33            130
                  17              9             47            131
                  18              8             97            128
                  19              5             57            124
                  20              7             25            124
                  21              1             91            131
                  22              3             17            129
                  23              4             21            129
                  24              4             23            126
                  25              8             34            128
                  26              2             10            129
                  27              2             99            125
                  28              1             82            130
                  29              8             18            124

    #            o/d              1              6              7             10             11             13             14             15             18             19             21             22             26             28             29             32             33             34             35             40             43             45             46             47             49             50             51             53             55             56             57             58             67             68             69             72             76             78             82             88             89             91             92             96            100            101            104            106            108            114            115            117            119            120            121            124            125            126            127            128            129            130            131            132            133
                   6             11
                   7             94            101
                  10             15             23             96
                  11            158            165             65            159
                  13            101            108             11            102             58
                  14            100            105             29            106             74             37
                  15            102            112             73             94            102             68            102
                  18             80             86             15             82             80             23             33             72
                  19            114            123             46            110             62             37             73             41             52
                  21            123            127             42            129             61             46             23            114             51             80
                  22             88             94             11             91             73             21             23             80             11             55             41
                  26            102            104             60            112            102             68             33            129             58            105             42             51
                  28            144            152             55            144             21             46             71             82             68             42             65             65            102
                  29             29             37             65             33            129             72             74             82             51             87             97             60             82            116
                  32            123            132             55            119             61             46             82             42             62             11             86             65            114             41             97
                  33             71             72             61             82            119             71             46            119             52            104             65             51             33            114             55            114
                  34             33             42             87             21            146             91            102             74             74             94            124             84            114            130             33            102             87
                  35             81             82             62             92            116             72             42            124             55            106             60             52             23            112             65            116             11             97
                  40             33             42             68             29            130             73             82             71             55             82            104             65             94            115             15             91             68             21             78
                  43             96            102             15            100             68             23             15             88             21             60             31             11             46             62             68             68             52             94             51             74
                  45            137            144             46            137             23             37             61             81             60             41             55             55             92             11            108             42            104            124            102            108             52
                  46             68             78             41             65             96             42             65             46             33             46             82             42             88             80             42             55             73             51             80             37             52             73
                  47            122            130             33            122             37             23             52             72             46             33             51             42             84             23             94             37             92            110             92             94             41             15             60
                  49            138            144             46            141             31             42             46            104             60             65             31             51             72             37            110             68             91            132             87            114             43             29             84             33
                  50             37             43             58             42            122             65             65             84             43             84             87             51             72            110             11             94             46             42             55             23             60            102             41             88            102
                  51             23             33             73             23            137             80             84             81             60             91            106             68             92            122             11            100             65             23             74             11             78            115             46            101            119             21
                  53             42             41             78             55            141             87             72            116             65            112             94             68             65            132             37            122             33             65             42             51             73            123             72            109            116             33             43
                  55             42             52             84             31            141             87            102             65             72             86            122             82            116            124             37             94             91             11            100             23             92            119             46            105            129             46             29             72
                  56             61             71             71             52            123             72             94             42             62             65            112             72            114            105             46             72             94             33            102             33             82            100             31             87            114             51             42             82             23
                  57             94             97             46            102             94             55             21            115             43             91             37             37             15             92             71            100             29            102             23             82             33             81             73             72             65             61             81             60            104            100
                  58            112            122             80            104            102             73            108             11             80             42            119             86            137             81             92             41            127             84            132             81             94             82             55             74            106             94             92            126             74             52            122
                  67             15             11             94             29            159            102             96            112             80            119            119             86             94            146             33            129             62             46             72             41             94            138             74            124            137             37             31             31             55             72             87            122
                  68             78             82             31             84             91             41             23             94             23             74             46             21             37             84             52             84             31             81             33             61             23             74             51             62             65             42             62             51             82             78             23            102             73
                  69             94            102             15             94             65             11             43             60             21             33             55             23             73             51             65             42             72             82             74             65             29             43             33             29             52             60             72             84             78             62             60             65             96             42
                  72            116            119             51            124             81             58             23            124             55             94             21             46             23             84             92            102             51            122             43            102             37             74             87             68             51             82            102             82            122            116             23            130            109             41             65
                  76             62             65             52             71            114             62             43            105             41             92             65             42             41            106             42            102             15             74             23             55             46             97             60             84             88             33             52             29             78             80             33            114             55             23             61             55
                  78             43             51             51             46            115             58             62             74             37             74             84             46             74            102             15             84             51             41             60             21             55             94             31             80             96             11             23             42             42             43             62             84             46             41             51             81             37
                  82             61             62             62             72            123             72             51            114             51            102             72             52             42            116             46            112             11             78             21             60             55            106             68             94             96             37             55             23             82             86             37            123             52             33             71             60             11             43
                  88             92            102             78             82            114             74            105             15             73             52            119             82            130             94             74             55            116             62            122             62             91             92             43             81            112             78             72            109             52             31            116             23            102             94             65            127            102             68            110
                  89            151            159             60            151             11             51             72             92             73             52             62             68            102             11            122             51            116            138            114            122             65             15             88             29             33            116            129            136            132            114             92             92            152             87             58             82            109            108            119            104
                  91             72             74             51             81            109             61             37            110             42             94             58             41             31            104             52            104             11             84             15             65             42             94             65             82             82             42             62             37             87             88             23            119             65             21             62             46             11             46             15            108            106
                  92            130            138             42            129             33             33             62             71             55             31             60             52             94             15            102             33            102            116            102            101             51             11             65             11             37             96            108            119            110             91             82             72            132             72             37             78             94             88            104             82             23             92
                  96             82             84             52             92            106             62             33            116             46             97             51             42             21            102             62            106             15             94             11             74             41             92             72             81             78             52             72             46             97             96             15            124             74             23             65             37             21             55             23            115            104             11             92
                 100             97            106             51             91             84             46             80             23             51             23             91             58            108             65             72             29            100             73            105             65             65             62             31             51             82             71             74            102             65             43             94             29            104             73             37            102             87             61             97             31             74             91             52             96
                 101             72             71             71             84            129             81             55            127             62            114             73             61             37            124             60            124             11             91             15             73             62            114             82            102            100             51             68             31             96            101             37            136             61             41             82             58             23             58             15            124            126             21            112             23            109
                 104            102            102             68            112            112             78             42            137             65            114             52             60             11            112             84            123             31            116             21             97             55            102             94             94             82             74             94             62            119            119             23            144             92             43             82             33             42             78             41            137            112             33            104             23            116             33
                 106            105            110             23            109             65             29             11             96             31             65             21             21             42             61             78             73             55            104             52             84             11             51             62             42             37             68             87             80            102             92             31            102            102             29             37             29             51             65             60            100             62             46             52             42             73             65             52
                 108            105            114             37            102             65             29             65             42             42             11             73             46             96             46             78             21             94             86             97             73             51             42             37             31             62             74             82            102             80             60             82             46            109             65             23             86             82             65             92             51             55             84             33             87             21            104            105             58
                 114             31             33             73             42            138             82             73            104             60            104             96             65             72            127             23            114             41             51             51             37             72            119             61            105            115             21             29             15             58             68             65            114             23             51             78             87             33             31             31             97            132             42            114             52             92             42             71             80             94
                 115             23             33             91             11            152             96            104             84             78            102            126             87            112            137             31            110             84             11             94             23             97            130             58            116            136             41             21             60             21             42            102             94             37             82             88            122             72             42             74             72            144             82            122             92             82             87            114            106             94             46
                 117             15             11            108             21            172            115            114            114             94            127            136            102            114            159             43            136             82             41             92             46            110            151             82            137            152             51             37             51             51             72            106            124             21             91            108            129             74             58             72            102            165             84            144             94            109             81            112            119            119             42             31
                 119             42             46             60             51            124             68             60             97             46             92             82             51             61            114             23            102             33             55             42             37             58            105             52             91            101             15             33             21             60             65             52            106             37             37             65             74             21             23             23             91            119             31            100             41             82             37             62             65             82             15             52             55
                 120            114            124             72            106             92             65            101             15             73             33            110             80            130             71             92             31            123             87            127             82             86             72             52             65             97             92             92            124             78             55            116             11            122             96             58            122            109             82            119             29             81            114             62            119             23            132            138             94             37            112             97            126            104
                 121             96            105             29             94             68             23             58             46             33             21             68             37             88             51             68             31             84             80             87             65             43             46             29             33             61             65             73             92             73             55             73             51            100             55             15             80             72             55             82             52             60             74             37             78             23             94             96             51             11             84             86            110             72             43
                 124             65             72             29             68             94             37             41             73             15             61             62             23             60             82             37             71             46             62             51             42             33             73             29             60             73             29             46             52             61             55             46             82             65             23             33             62             33             23             42             72             88             37             68             43             55             55             65             42             51             46             65             80             33             78             41
                 125            106            116             58            100             82             51             86             21             60             21             96             65            116             62             82             23            109             82            114             74             72             61             41             52             84             81             84            112             73             51            102             23            114             82             43            108             97             71            106             33             72            100             51            105             11            119            124             80             23            102             91            119             92             15             29             65
                 126             42             52             65             37            124             68             81             61             52             73            102             62             97            108             23             82             73             23             82             11             72            102             29             88            109             29             21             60             21             23             84             71             51             62             60            102             60             23             65             52            116             68             94             78             55             80            100             82             65             46             29             55             43             72             58             41             65
                 127             65             73             33             65             94             37             52             60             21             52             71             31             73             80             37             62             60             55             65             37             41             72             15             58             78             33             43             61             52             42             60             68             68             37             29             74             46             23             55             58             86             51             65             58             42             68             80             51             42             52             60             80             41             65             33             15             52             33
                 128             82             81             72             94            126             82             52            132             65            116             68             62             29            122             68            126             15            100             11             82             61            112             88            102             97             60             78             41            105            108             33            141             71             42             84             51             29             65             23            130            124             23            112             21            114             11             23             62            106             52             97             92             46            136             97             60            123             88             73
                 129             46             55             55             43            116             60             71             62             42             68             92             52             87            101             21             78             65             33             73             15             62             94             23             80            100             23             23             55             31             29             74             72             52             52             51             92             51             15             58             55            108             60             86             68             52             72             91             72             60             42             37             60             37             71             51             31             62             11             23             80
                 130            138            146             52            137             31             42             72             72             65             33             68             62            104             11            110             31            112            122            112            108             61             15             72             21             43            105            116            129            116             96             92             71            141             82             46             87            104             96            114             84             21            102             11            102             55            122            114             62             37            123            129            152            109             61             43             78             52            101             73            122             94
                 131             62             72             81             51            132             82            104             46             72             73            122             82            123            114             51             80            102             31            110             37             92            109             41             97            124             58             46             88             21             11            109             55             74             87             72            126             88             51             94             33            123             96            100            105             51            108            127            102             68             73             41             71             72             60             65             65             58             29             52            116             37            105
                 132             81             92             74             72            116             72            100             23             68             55            116             78            124             97             65             60            108             52            115             52             87             94             37             82            112             68             62            100             42             21            110             33             92             88             62            123             94             60            102             11            106            101             84            108             33            116            130             97             52             87             62             92             82             37             51             65             37             42             51            122             46             87             23
                 133            116            122             23            119             46             21             31             87             37             51             29             29             62             41             88             58             74            109             72             91             23             31             62             23             23             80             96             96            106             92             51             91            115             46             31             46             68             73             78             94             42             65             33             62             65             84             72             21             46             94            114            130             80             82             42             51             68             87             55             82             78             42            102             92
