    #        ngroups         ntours         nspots
                  50             50             95

    #        spot_id         n_name         length              a              b
                   3         Spot_3            210              0           1440
                   4         Spot_4            150              0           1440
                   5         Spot_5             90              0           1440
                   6         Spot_6             60              0           1440
                   7         Spot_7             60              0           1440
                   8         Spot_8            120              0           1440
                   9         Spot_9            150              0           1440
                  10        Spot_10            120              0           1440
                  11        Spot_11            180              0           1440
                  12        Spot_12            120              0           1440
                  13        Spot_13            120              0           1440
                  14        Spot_14            120              0           1440
                  15        Spot_15            210              0           1440
                  17        Spot_17             90              0           1440
                  18        Spot_18            210              0           1440
                  20        Spot_20            180              0           1440
                  22        Spot_22            150              0           1440
                  23        Spot_23            210              0           1440
                  25        Spot_25            180              0           1440
                  26        Spot_26            150              0           1440
                  27        Spot_27             90              0           1440
                  28        Spot_28            180              0           1440
                  29        Spot_29             60              0           1440
                  30        Spot_30             60              0           1440
                  31        Spot_31             90              0           1440
                  32        Spot_32            150              0           1440
                  33        Spot_33            210              0           1440
                  34        Spot_34            120              0           1440
                  35        Spot_35            150              0           1440
                  37        Spot_37             60              0           1440
                  38        Spot_38            180              0           1440
                  39        Spot_39             90              0           1440
                  40        Spot_40             60              0           1440
                  41        Spot_41             60              0           1440
                  42        Spot_42             60              0           1440
                  43        Spot_43            210              0           1440
                  46        Spot_46             60              0           1440
                  48        Spot_48            150              0           1440
                  49        Spot_49             60              0           1440
                  50        Spot_50            210              0           1440
                  51        Spot_51             60              0           1440
                  52        Spot_52             90              0           1440
                  53        Spot_53            150              0           1440
                  56        Spot_56            180              0           1440
                  60        Spot_60             90              0           1440
                  63        Spot_63            120              0           1440
                  65        Spot_65             90              0           1440
                  66        Spot_66            120              0           1440
                  67        Spot_67             60              0           1440
                  68        Spot_68            210              0           1440
                  69        Spot_69            120              0           1440
                  75        Spot_75            120              0           1440
                  77        Spot_77            150              0           1440
                  78        Spot_78             90              0           1440
                  79        Spot_79             60              0           1440
                  80        Spot_80            210              0           1440
                  81        Spot_81             60              0           1440
                  82        Spot_82            150              0           1440
                  83        Spot_83             60              0           1440
                  84        Spot_84            210              0           1440
                  85        Spot_85             90              0           1440
                  86        Spot_86            180              0           1440
                  87        Spot_87             60              0           1440
                  88        Spot_88            210              0           1440
                  90        Spot_90            180              0           1440
                  91        Spot_91            210              0           1440
                  93        Spot_93            150              0           1440
                  94        Spot_94            210              0           1440
                  98        Spot_98             90              0           1440
                 100       Spot_100             90              0           1440
                 101       Spot_101             60              0           1440
                 102       Spot_102            150              0           1440
                 104       Spot_104            210              0           1440
                 106       Spot_106            180              0           1440
                 107       Spot_107            120              0           1440
                 108       Spot_108             90              0           1440
                 110       Spot_110            180              0           1440
                 111       Spot_111            180              0           1440
                 112       Spot_112            210              0           1440
                 113       Spot_113            210              0           1440
                 114       Spot_114             60              0           1440
                 116       Spot_116            150              0           1440
                 117       Spot_117             60              0           1440
                 119       Spot_119            120              0           1440
                 123       Spot_123            210              0           1440
                 124      Hotel_124              0              0           1440
                 125      Hotel_125              0              0           1440
                 126      Hotel_126              0              0           1440
                 127      Hotel_127              0              0           1440
                 128      Hotel_128              0              0           1440
                 129      Hotel_129              0              0           1440
                 130      Hotel_130              0              0           1440
                 131      Hotel_131              0              0           1440
                 132      Hotel_132              0              0           1440
                 133      Hotel_133              0              0           1440

    #          tr_id        tr_name          nspot            seq
                  94        Tour_94              3             63             90             75
                  78        Tour_78              2            102              8
                  38        Tour_38              3             81             28             29
                  71        Tour_71              3             94             83             20
                  76        Tour_76              3             38             98             39
                  26        Tour_26              2            113             91
                  87        Tour_87              2            114             33
                  98        Tour_98              3              7             53             48
                  34        Tour_34              2            101             10
                  19        Tour_19              3             52             29             77
                   8         Tour_8              2              9             79
                  92        Tour_92              2             23             85
                  96        Tour_96              2            107             79
                  45        Tour_45              2              6             88
                  17        Tour_17              3             34            108             49
                  75        Tour_75              3             85             32              5
                  72        Tour_72              3             66             27            123
                  39        Tour_39              2             77             60
                  50        Tour_50              3            116             40             87
                  14        Tour_14              2             88             85
                  70        Tour_70              1             11
                  91        Tour_91              2            104             22
                  41        Tour_41              2             80             32
                  43        Tour_43              2             14             35
                  89        Tour_89              2             41              3
                  21        Tour_21              3            100             78             18
                  80        Tour_80              2            101              5
                  69        Tour_69              2             12             88
                  29        Tour_29              3             17            111            110
                  36        Tour_36              2             31             53
                  63        Tour_63              3             68             10              8
                  77        Tour_77              1             25
                  44        Tour_44              3             25             42             37
                  47        Tour_47              1             56
                   7         Tour_7              3            100            112              9
                  60        Tour_60              2             26            106
                  56        Tour_56              2            117             13
                  12        Tour_12              2             50             53
                  54        Tour_54              3             69            100             82
                   5         Tour_5              2             88             68
                   2         Tour_2              3             84             30              8
                  53        Tour_53              4             66             65             10            101
                  22        Tour_22              1             88
                  73        Tour_73              2             46            113
                  27        Tour_27              3             43             51             67
                  85        Tour_85              3             94             35            114
                  62        Tour_62              2             15            119
                  67        Tour_67              2             93             80
                  31        Tour_31              3             86              4              7
                   9         Tour_9              3              7             43             32

    #          gr_id        gr_size          tr_id         origin
                   0              3             94            132
                   1              9             78            130
                   2              4             38            128
                   3              6             71            132
                   4              3             76            131
                   5              4             26            124
                   6              7             87            131
                   7              5             98            131
                   8              7             34            125
                   9              1             19            125
                  10              3              8            133
                  11              7             92            127
                  12              4             96            128
                  13              4             45            128
                  14              9             17            124
                  15              7             75            129
                  16              1             72            124
                  17              3             39            124
                  18              2             50            126
                  19              4             14            132
                  20              1             70            129
                  21              4             91            130
                  22              1             41            130
                  23              4             43            131
                  24              4             89            127
                  25              3             21            133
                  26              8             80            129
                  27              3             69            127
                  28              3             29            129
                  29              6             36            131
                  30              8             63            129
                  31              7             77            126
                  32              1             44            125
                  33              1             47            126
                  34              5              7            130
                  35              6             60            133
                  36              7             56            125
                  37              8             12            128
                  38              9             54            126
                  39              9              5            130
                  40              9              2            133
                  41              7             53            125
                  42              1             22            126
                  43              5             73            129
                  44              7             27            126
                  45              3             85            125
                  46              2             62            127
                  47              2             67            132
                  48              4             31            132
                  49              3              9            127

    #            o/d              3              4              5              6              7              8              9             10             11             12             13             14             15             17             18             20             22             23             25             26             27             28             29             30             31             32             33             34             35             37             38             39             40             41             42             43             46             48             49             50             51             52             53             56             60             63             65             66             67             68             69             75             77             78             79             80             81             82             83             84             85             86             87             88             90             91             93             94             98            100            101            102            104            106            107            108            110            111            112            113            114            116            117            119            123            124            125            126            127            128            129            130            131            132            133
                   4             37
                   5             97            132
                   6            108            123            102
                   7             11             46             87            101
                   8             96            116             82             21             88
                   9             31             33            110             91             33             84
                  10            105            126             81             23             96             11             94
                  11             60             71            124            165             65            151             87            159
                  12             82            116             23             81             72             61             91             62            119
                  13             15             51             84            108             11             94             42            102             58             71
                  14             23             21            114            105             29             97             15            106             74             97             37
                  15             82            119             23            112             73             92            101             94            102             33             68            102
                  17             96            132             23            122             88            102            115            102            112             41             82            116             15
                  18             23             52             82             86             15             73             29             82             80             65             23             33             72             86
                  20             51             21            141            116             58            112             33            122             92            123             65             29            130            144             60
                  22             15             42             91             94             11             82             23             91             73             74             21             23             80             94             11             51
                  23             86            100             97             23             80             23             68             33            144             74             88             82            102            114             65             94             72
                  25             37             52            112            144             43            130             65            138             23            104             37             52             92            104             58             72             51            122
                  26             55             33            138            104             60            102             29            112            102            119             68             33            129            144             58             15             51             82             81
                  27             94            129             11             92             84             72            105             71            126             15             82            109             29             33             78            136             87             87            112            132
                  28             52             74            104            152             55            137             82            144             21            100             46             71             82             92             68             94             65            132             23            102            106
                  29             73             94             78             37             65             23             62             33            129             55             72             74             82             94             51             92             60             21            108             82             68            116
                  30             88             96            109             31             82             37             65             46            146             87             91             80            114            126             68             87             73             15            124             74            100            136             33
                  31             21             51             92            122             23            108             51            116             43             82             15             42             74             87             37             68             33            102             23             74             92             33             86            105
                  32             60             94             65            132             55            114             87            119             61             65             46             82             42             51             62            110             65            116             55            114             68             41             97            124             43
                  33             62             58            122             72             61             72             33             82            119            101             71             46            119            132             52             46             51             51             97             33            115            114             55             42             82            114
                  34             97            122             61             42             87             23             92             21            146             42             91            102             74             82             74            122             84             43            127            114             51            130             33             58            105            102             87
                  35             61             51            129             82             62             82             31             92            116            108             72             42            124            138             55             37             52             61             94             23            122            112             65             52             81            116             11             97
                  37             37             72             71            119             33            102             65            108             55             65             23             60             52             65             41             88             42            100             41             91             72             37             82            106             23             23             92             94             94
                  38             68             92             68             46             60             29             61             37            122             46             65             72             72             84             46             92             55             31            102             84             60            108             11             42             80             87             60             31             68             73
                  39             33             62             73             80             23             65             37             73             86             55             29             42             65             80             11             68             21             60             65             65             68             73             43             65             43             61             55             65             60             42             37
                  40             78            102             65             42             68             23             71             29            130             42             73             82             71             82             55            102             65             33            110             94             55            115             15             46             88             91             68             21             78             80             11             46
                  41             74            109             23             92             65             72             88             74            106             15             62             91             21             33             60            119             68             82             92            116             21             87             62             94             71             51            102             55            108             52             52             51             51
                  42             78            114             21            102             68             82             94             84            104             23             65             96             11             23             65            124             73             92             92            122             23             84             72            104             72             46            110             65            116             51             62             58             61             11
                  43             11             33            100            102             15             91             21            100             68             84             23             15             88            102             21             43             11             80             46             46             97             62             68             80             31             68             52             94             51             46             65             31             74             78             82
                  46             51             84             51             78             41             60             60             65             96             33             42             65             46             60             33             91             42             62             78             88             46             80             42             71             55             55             73             51             80             43             33             23             37             29             37             52
                  48             23             46            102            129             29            116             52            124             37             92             23             41             84             97             43             65             37            108             15             72            102             31             94            110             11             51             84            114             82             33             88             51             96             81             82             33             65
                  49             37             41            122            144             46            132             60            141             31            112             42             46            104            116             60             61             51            122             15             72            122             37            110            122             31             68             91            132             87             52            105             68            114            102            102             43             84             21
                  50             65             84             82             43             58             33             52             42            122             60             65             65             84             97             43             81             51             23            101             72             73            110             11             31             80             94             46             42             55             78             15             37             23             65             74             60             41             86            102
                  51             82            104             74             33             73             15             72             23            137             52             80             84             81             92             60            102             68             23            116             92             65            122             11             37             94            100             65             23             74             88             15             51             11             61             71             78             46            102            119             21
                  52             23             58             82            116             21            101             52            108             51             72             11             46             65             78             33             73             31             96             33             78             81             37             80            100             11             37             81             96             82             15             72             37             80             61             62             33             46             21             41             73             86
                  53             82             88            114             41             78             46             58             55            141             91             87             72            116            129             65             78             68             23            119             65            105            132             37             11            100            122             33             65             42            104             46             62             51             97            106             73             72            105            116             33             43             97
                  56             81            114             33             71             71             51             87             52            123             11             72             94             42             51             62            119             72             65            106            114             23            105             46             78             84             72             94             33            102             68             37             52             33             23             33             82             31             94            114             51             42             74             82
                  60             87            112             62             41             78             21             81             23            138             41             82             92             72             81             65            112             74             37            119            104             52            122             23             51             96             96             78             11             87             86             21             55             11             52             62             84             43            105            123             33             15             88             58             31
                  63             33             31            124            138             42            127             51            136             41            112             41             37            106            119             55             51             46            116             23             62            122             46            105            115             33             73             82            129             78             55            100             65            109            102            104             37             82             23             11             96            114             42            108            112            119
                  65             92            122             41             62             82             42             94             41            136             23             84            102             55             62             71            126             81             60            119            119             31            119             43             73             97             86             96             21            105             82             37             61             29             37             46             92             42            106            126             51             37             87             80             15             23            124
                  66             72            106             29             82             62             62             82             65            109             11             61             87             31             42             55            114             65             72             94            110             23             91             52             84             72             58             94             46            101             55             42             46             41             11             21             74             23             82            102             55             51             62             87             15             42            102             29
                  67            101            114            104             11             94             23             82             29            159             82            102             96            112            122             80            106             86             15            137             94             94            146             33             21            116            129             62             46             72            114             42             73             41             92            102             94             74            122            137             37             31            110             31             72             42            130             65             81
                  68             33             42            102             82             31             74             11             84             91             82             41             23             94            108             23             42             21             60             68             37             96             84             52             58             52             84             31             81             33             62             51             29             61             80             86             23             51             55             65             42             62             51             51             78             71             58             84             73             73
                  69             23             60             74            102             15             86             46             94             65             61             11             43             60             73             21             72             23             82             46             73             72             51             65             87             23             42             72             82             74             21             58             23             65             52             55             29             33             33             52             60             72             15             84             62             73             51             74             51             96             42
                  75             55             88             74            136             52            119             84            124             51             73             42             78             52             61             61            105             62            119             46            109             78             31            100            126             37             11            112            108            114             21             91             62             96             60             55             65             60             43             60             97            105             33            124             80            102             65             94             65            132             82             41
                  77             31             21            126            132             41            123             43            132             51            112             42             29            109            123             52             41             42            110             33             52            124             55            100            108             37             80             73            126             68             60             97             62            106            104            106             33             81             29             21             91            109             46            101            112            116             11            122            102            124             51             52             72
                  78             60             82             73             51             51             37             51             46            115             51             58             62             74             87             37             82             46             33             94             74             65            102             15             41             72             84             51             41             60             68             11             29             21             55             65             55             31             80             96             11             23             65             42             43             31             91             46             46             46             41             51             87             87
                  79             92            126             21             82             82             62            100             61            129             11             81            106             37             42             74            132             84             78            114            127             11            109             60             91             92             73            108             41            116             74             51             65             46             23             29             94             42            102            122             65             55             82             96             15             42            122             21             21             84             91             71             82            122             58
                  80             29             42            112            137             37            124             55            132             33            102             33             42             94            106             51             62             43            115             11             71            112             33            102            116             21             60             87            123             84             42             96             60            105             92             92             37             74             11             11             94            110             31            110            104            114             15            116             92            129             60             42             51             23             88            112
                  81             78             80            119             51             74             55             51             65            136             96             84             65            119            132             62             68             65             33            114             55            110            129             43             21             97            122             23             73             33            102             51             61             58            100            109             68             74            100            110             37             51             94             11             88             65            102             86             91             41             46             82            122             94             46            102            105
                  82             65             65            116             62             62             62             37             72            123             94             72             51            114            127             51             55             52             41            100             42            108            116             46             33             84            112             11             78             21             92             51             52             60             96            105             55             68             87             96             37             55             82             23             86             68             88             88             88             52             33             71            112             80             43            101             91             15
                  83             23             15            119            119             33            109             29            119             62            104             37             15            105            119             41             33             31             96             41             41            116             62             87             94             37             80             60            114             55             58             84             51             94             97            100             21             72             33             33             78             97             43             86            102            104             23            112             94            110             37             46             73             15             74            114             31             80             65
                  84             21             31            105             96             23             87             11             97             78             87             33             11             94            108             23             37             15             73             55             37            100             72             65             72             41             78             42             92             41             55             62             33             72             82             88             11             55             42             51             55             74             42             65             84             82             43             92             78             88             15             37             74             37             52             97             46             60             46             23
                  85             21             55             78             94             11             80             37             88             72             62             15             37             65             80             11             65             15             73             51             65             74             60             58             78             29             52             62             78             65             31             51             15             60             55             60             23             31             37             55             51             65             23             74             61             68             52             72             52             88             33             11             51             51             43             72             46             72             61             42             29
                  86             51             61            122            158             58            144             78            152             11            116             51             65            102            112             72             81             65            137             15             92            124             23            122            138             37             62            109            141            106             52            116             80            124            104            102             60             91             29             21            115            130             46            132            119            132             31            132            106            151             82             60             52             41            108            126             23            127            114             52             68             65
                  87             91            127             15            112             82             92            108             92            112             31             78            110             11             11             80            138             88            104            102            137             23             92             84            116             84             52            124             72            130             62             74             72             72             23             15             96             51             94            114             87             82             74            119             41             71            116             52             33            112            101             68             62            119             78             33            104            123            119            114            102             73            112
                  88             87            123             11            102             78             81            102             82            114             21             74            105             15             21             73            132             82             94            102            130             15             94             74            106             82             55            116             62            122             61             65             65             62             15             11             91             43             92            112             78             72             72            109             31             61            114             42             23            102             94             65             65            116             68             23            102            114            110            109             96             68            112             11
                  90             65            100             33             94             55             74             80             78             97             23             52             82             23             37             51            110             60             81             82            108             31             78             61             92             61             43             96             60            102             42             51             43             52             11             15             68             23             71             92             62             62             51             94             29             55             92             43             15             92             72             42             51             94             52             33             81             97             91             87             73             46             94             29             23
                  91             52             51            115             74             51             71             23             81            109             94             61             37            110            124             42             42             41             52             87             31            108            104             52             46             72            104             11             84             15             82             55             46             65             94            102             42             65             74             82             42             62             71             37             88             74             73             91             86             65             21             62            102             65             46            102             78             29             15             51             33             52            100            116            108             88
                  93             11             43             94            115             15            102             41            110             51             81             11             33             78             91             29             60             23             94             29             65             92             42             80             96             11             51             72            100             71             29             73             37             82             72             74             21             52             15             33             72             88             15             91             82             91             31             94             71            108             42             21             46             33             65             92             23             87             74             29             31             23             43             87             84             62             62
                  94             62             92             51             65             52             46             65             51            110             29             55             72             52             65             41             97             51             51             91             91             43             94             31             62             68             68             72             37             80             58             21             31             23             33             42             61             15             78             97             33             33             60             65             23             29             94             31             23             62             55             46             73             92             23             37             87             68             65             81             62             42            105             55             46             31             65             65
                  98             33             65             81            124             31            108             62            115             46             74             21             55             62             74             42             82             41            105             31             87             82             29             88            109             15             29             92            102             92             11             80             46             86             62             61             42             51             23             42             82             94             11            106             78             94             46             91             65            119             61             23             23             51             73             84             33            104             92             51             52             33             42             72             71             52             81             23             65
                 100             60             96             41            106             51             87             80             91             84             37             46             80             23             37             51            108             58             92             71            108             42             65             72            102             52             29            100             73            105             31             62             46             65             23             21             65             31             62             82             71             74             42            102             43             68             84             58             29            104             73             37             37             87             61             46             72            104             97             82             72             43             82             33             31             15             91             55             42             41
                 101             72             65            130             71             71             74             42             84            129            108             81             55            127            141             62             51             61             52            106             37            122            124             60             41             92            124             11             91             15            102             65             65             73            110            119             62             82             94            100             51             68             92             31            101             82             91            102            102             61             41             82            122             82             58            115             97             21             15             68             52             72            119            132            124            105             21             82             80            102            109
                 102             52             82             84            141             51            124             82            130             41             82             41             74             62             71             62            100             61            123             37            106             87             21            105            129             33             21            112            115            112             23             96             65            102             68             65             62             65             37             51            100            110             31            126             88            108             58            102             73            136             81             42             11             65             91             91             43            124            112             68             72             52             42             72             74             60            102             42             80             21             46            122
                 104             65             42            144            102             68            102             37            112            112            124             78             42            137            151             65             23             60             81             92             11            138            112             84             72             84            123             31            116             21            100             87             72             97            122            129             55             94             82             82             74             94             87             62            119            106             72            123            116             92             43             82            119             62             78            132             81             52             41             51             46             73            102            144            137            115             33             74             96             97            116             33            116
                 106             15             23            109            110             23            100             23            109             65             94             29             11             96            110             31             37             21             88             42             42            106             61             78             86             33             73             55            104             52             51             74             41             84             87             91             11             62             31             37             68             87             37             80             92             94             29            102             84            102             29             37             68             23             65            104             33             73             60             11             15             33             55            105            100             78             46             23             71             46             73             65             65             52
                 107             94            105            106             21             88             29             73             37            152             84             96             88            112            124             73             97             80             11            130             84             97            141             31             11            110            126             52             51             62            109             41             68             42             92            102             86             72            116            129             33             33            105             21             74             46            122             68             82             11             65             91            129            116             42             87            122             31             42            102             80             82            144            114            104             92             55            102             61            114            102             51            132             82             94
                 108             43             80             61            114             37             96             68            102             65             55             29             65             42             55             42             94             46             97             51             96             62             46             78            104             33             21             94             86             97             11             68             41             73             42             41             51             37             42             62             74             82             23            102             60             80             65             73             46            109             65             23             23             68             65             65             52            102             92             65             60             33             62             52             51             33             84             37             51             21             21            104             29            105             58            106
                 110             52             37            130             94             55             92             23            102            104            110             65             31            122            137             51             23             46             72             82             11            124            102             72             65             72            109             23            104             15             87             74             58             84            108            115             42             80             71             74             62             82             74             55            105             94             65            109            102             84             29             68            106             55             65            119             72             46             33             42             33             60             94            129            122            101             21             62             82             84            102             29            104             15             41             74             91
                 111             23             41             96             88             21             78             15             87             82             78             31             21             86            101             15             46             11             65             60             43             91             74             55             65             42             74             41             82             42             52             52             23             62             73             80             15             46             46             58             46             65             41             60             74             72             51             82             68             80             11             33             72             46             42             87             51             55             42             33             11             23             73             94             88             65             31             33             52             51             65             51             71             51             23             72             55             37
                 112             62             46            137             92             65             92             33            102            114            116             74             41            130            144             60             29             55             71             92             15            130            112             74             62             82            119             21            106             11             97             78             65             87            115            122             52             86             81             84             65             84             84             52            110             97             74            114            108             82             37             78            116             65             68            124             82             42             31             52             42             68            104            137            129            108             23             72             88             94            110             23            114             11             51             72            100             11             46
                 113             68            105             31            104             60             84             86             87             94             29             55             88             15             29             58            116             65             92             81            115             33             74             71            102             62             37            105             68            110             41             61             51             62             15             11             73             33             72             92             72             72             52            104             37             65             94             51             23            102             80             46             46             97             62             37             82            106            100             91             80             51             92             23             21             11             96             65             41             51             11            114             55            122             82            102             31            108             72            116
                 114             80             91            100             33             73             33             60             42            138             78             82             73            104            116             60             84             65             11            116             72             91            127             23             11             96            114             41             51             51             97             33             55             37             84             94             72             61            102            115             21             29             91             15             68             43            108             65             74             23             51             78            116            102             31             82            108             23             31             88             65             68            130            106             97             82             42             88             52            100             92             42            119             71             80             15             94             62             58             61             92
                 116             33             68             65             96             23             80             51             86             73             51             21             51             51             65             23             80             29             78             55             80             62             58             60             84             33             41             74             73             78             23             51             21             58             42             46             37             23             42             62             55             65             23             82             52             65             61             65             41             91             46             11             42             62             46             61             52             81             72             55             43             15             68             60             55             33             65             31             37             29             29             84             46             88             46             87             21             73             37             82             37             74
                 117            116            132            102             11            108             23            100             21            172             82            115            114            114            122             94            126            102             33            151            114             92            159             43             41            129            136             82             41             92            124             51             86             46             94            104            110             82            137            152             51             37            122             51             72             42            146             61             84             21             91            108            141            141             58             81            144             61             72            127            105            101            165            112            102             97             84            122             68            130            109             81            146            112            119             31            119            104             96            102            106             42            102
                 119             65             78             96             46             60             41             46             51            124             73             68             60             97            109             46             72             51             23            102             61             88            114             23             23             82            102             33             55             42             84             29             42             37             78             87             58             52             88            101             15             33             78             21             65             46             94             65             68             37             37             65            104             88             23             80             94             23             23             73             51             55            116            100             91             74             31             73             46             87             82             37            106             62             65             29             82             51             43             52             84             15             62             55
                 123             72             87             91             37             65             31             55             41            130             68             73             68             94            106             51             82             58             15            108             71             82            119             15             21             88            104             42             46             52             87             23             46             29             74             84             65             51             94            108             11             23             82             23             60             37            102             58             65             29             46             68            106             96             21             73            101             29             33             82             60             60            122             97             87             72             41             80             42             91             81             46            109             72             73             23             84             61             51             62             82             11             65             46             11
                 124             37             61             80             72             29             60             33             68             94             60             37             41             73             88             15             65             23             51             72             60             73             82             37             55             51             71             46             62             51             52             33             11             42             58             65             33             29             58             73             29             46             46             52             55             52             68             62             51             65             23             33             72             65             23             68             65             51             42             52             31             23             86             80             72             51             37             43             33             55             55             55             74             65             42             60             51             51             21             58             60             46             31             80             33             37
                 125             65            102             42            116             58             97             88            100             82             43             51             86             21             33             60            115             65            102             72            116             46             62             82            112             55             23            109             82            114             33             72             55             74             29             23             72             41             65             84             81             84             46            112             51             78             87             65             37            114             82             43             33             91             71             51             74            114            106             88             80             51             81             31             33             23            100             60             52             42             11            119             42            124             80            112             23            110             73            119             15            102             37            119             92             92             65
                 126             74            102             55             52             65             33             72             37            124             33             68             81             61             72             52            104             62             42            105             97             46            108             23             55             82             82             73             23             82             72             15             42             11             41             51             72             29             91            109             29             21             73             60             23             15            106             23             31             51             62             60             88            104             23             37            100             65             65             92             71             55            119             62             52             42             68             78             15             80             55             80             94            100             82             52             65             87             61             91             52             46             51             55             43             37             41             65
                 127             42             72             65             73             33             58             46             65             94             46             37             52             60             73             21             78             31             55             73             73             60             80             37             62             51             62             60             55             65             46             29             11             37             43             51             41             15             60             78             33             43             43             61             42             46             74             51             37             68             37             29             65             72             23             55             68             62             55             61             42             23             88             65             58             37             51             46             21             51             42             68             68             80             51             65             42             65             33             72             46             52             23             80             41             42             15             52             33
                 128             71             60            137             81             72             84             41             94            126            115             82             52            132            146             65             43             62             62            104             29            129            122             68             51             92            126             15            100             11            104             73             68             82            116            124             61             88             92             97             60             78             92             41            108             91             87            110            108             71             42             84            124             78             65            122             94             31             23             65             51             74            116            138            130            110             23             81             86            102            114             11            122             23             62             61            106             23             52             15            119             52             87             92             46             55             60            123             88             73
                 129             65             92             60             55             55             37             62             43            116             37             60             71             62             74             42             94             52             41             96             87             51            101             21             52             73             78             65             33             73             65             11             33             15             42             52             62             23             82            100             23             23             65             55             29             23             97             33             33             52             52             51             82             94             15             43             91             60             58             82             61             46            110             65             55             41             60             68             11             72             52             72             88             91             72             51             60             78             51             82             51             42             43             60             37             33             31             62             11             23             80
                 130             51             78             94            146             52            130             81            137             31             91             42             72             72             81             65             97             62            127             29            104             97             11            110            132             31             31            112            122            112             29            102             68            108             78             74             61             72             33             43            105            116             33            129             96            115             51            110             82            141             82             46             21             60             96            100             37            126            114             65             71             55             33             82             84             68            102             41             86             23             55            122             11            114             62            136             37            102             72            112             65            123             51            152            109            114             78             52            101             73            122             94
                 131             92            124             31             72             81             52             97             51            132             15             82            104             46             52             72            129             82             68            116            123             21            114             51             82             94             80            102             31            110             78             43             62             37             29             37             92             41            104            124             58             46             84             88             11             33            122             11             23             74             87             72             88            122             51             11            114             94             94            112             94             71            129             42             33             37             96             92             33             87             51            108             96            127            102             78             68            114             84            119             43             73             62             71             72             65             65             58             29             52            116             37            105
                 132             84            119             15             92             74             71             96             72            116             11             72            100             23             31             68            127             78             84            102            124             11             97             65             97             81             60            108             52            115             62             55             60             52             11             15             87             37             92            112             68             62             71            100             21             51            112             33             15             92             88             62             68            114             60             15            102            105            102            106             91             65            114             21             11             21            101             82             37             72             33            116             78            130             97             94             52            116             82            122             23             87             52             92             82             78             65             37             42             51            122             46             87             23
                 133             15             37            104            122             23            110             42            119             46             92             21             31             87            100             37             55             29            101             23             62            102             41             88            102             15             58             74            109             72             37             82             46             91             82             84             23             62             11             23             80             96             23             96             92            100             21            104             81            115             46             31             51             23             73            102             15             91             78             23             33             33             37             97             94             72             65             11             74             29             65             84             46             72             21            108             46             61             37             71             74             94             41            130             80             86             51             68             87             55             82             78             42            102             92
