    #        ngroups         ntours         nspots
                   5              5             18

    #        spot_id         n_name         length              a              b
                   8         Spot_8            120              0           1440
                  20        Spot_20            180              0           1440
                  28        Spot_28            180              0           1440
                  29        Spot_29             60              0           1440
                  38        Spot_38            180              0           1440
                  39        Spot_39             90              0           1440
                  63        Spot_63            120              0           1440
                  75        Spot_75            120              0           1440
                  81        Spot_81             60              0           1440
                  83        Spot_83             60              0           1440
                  90        Spot_90            180              0           1440
                  94        Spot_94            210              0           1440
                  98        Spot_98             90              0           1440
                 102       Spot_102            150              0           1440
                 128      Hotel_128              0              0           1440
                 131      Hotel_131              0              0           1440
                 132      Hotel_132              0              0           1440
                 133      Hotel_133              0              0           1440

    #          tr_id        tr_name          nspot            seq
                  94        Tour_94              3             63             90             75
                  78        Tour_78              2            102              8
                  38        Tour_38              3             81             28             29
                  71        Tour_71              3             94             83             20
                  76        Tour_76              3             38             98             39

    #          gr_id        gr_size          tr_id         origin
                   0              8             94            133
                   1              3             78            128
                   2              4             38            132
                   3              1             71            131
                   4              8             76            133

    #            o/d              8             20             28             29             38             39             63             75             81             83             90             94             98            102            128            131            132            133
                  20            112
                  28            137             94
                  29             23             92            116
                  38             29             92            108             11
                  39             65             68             73             43             37
                  63            127             51             46            105            100             65
                  75            119            105             31            100             91             62             65
                  81             55             68            129             43             51             61            102            122
                  83            109             33             62             87             84             51             23             73             80
                  90             74            110             78             61             51             43             92             51             97             87
                  94             46             97             94             31             21             31             94             73             68             81             31
                  98            108             82             29             88             80             46             46             23            104             51             52             65
                 102            124            100             21            105             96             65             58             11            124             68             60             80             21
                 128             84             43            122             68             73             68             87            124             31             65            110             86            102            122
                 131             52            129            114             51             43             62            122             88             94            112             37             33             87             96            116
                 132             71            127             97             65             55             60            112             68            105            106             21             37             72             78            122             23
                 133            110             55             41             88             82             46             21             51             91             23             72             74             29             46             82            102             92
