    #        ngroups         ntours         nspots
                   5              5             15

    #        spot_id         n_name         length              a              b
                   4         Spot_4            150              0           1440
                   7         Spot_7             60              0           1440
                  32        Spot_32            150              0           1440
                  42        Spot_42             60              0           1440
                  46        Spot_46             60              0           1440
                  53        Spot_53            150              0           1440
                  86        Spot_86            180              0           1440
                 113       Spot_113            210              0           1440
                 115       Spot_115            210              0           1440
                 122       Spot_122             60              0           1440
                 124      Hotel_124              0              0           1440
                 128      Hotel_128              0              0           1440
                 130      Hotel_130              0              0           1440
                 131      Hotel_131              0              0           1440
                 132      Hotel_132              0              0           1440

    #          tr_id        tr_name          nspot            seq
                  31        Tour_31              3             86              4              7
                  48        Tour_48              3            122             86             42
                  57        Tour_57              2             46            115
                  73        Tour_73              2             46            113
                  15        Tour_15              2             53             32

    #          gr_id        gr_size          tr_id         origin
                   0              5             31            128
                   1              7             48            132
                   2              5             57            130
                   3              9             73            124
                   4              5             15            131

    #            o/d              4              7             32             42             46             53             86            113            115            122            124            128            130            131            132
                   7             46
                  32             94             55
                  42            114             68             46
                  46             84             41             55             37
                  53             88             78            122            106             72
                  86             61             58             62            102             91            132
                 113            105             60             37             11             33            104             92
                 115            124             91            110             74             58             60            146             78
                 122             23             31             72             97             71             94             42             87            119
                 124             61             29             71             65             29             52             86             60             65             55
                 128             60             72            126            124             88             41            116            119             97             74             60
                 130             78             52             31             74             72            129             33             65            129             55             78            122
                 131            124             81             80             37             41             88            129             43             41            112             65            116            105
                 132            119             74             60             15             37            100            114             23             62            104             65            122             87             23
