    #        ngroups         ntours         nspots
                  20             20             52

    #        spot_id         n_name         length              a              b
                   0         Spot_0            210              0           1440
                   2         Spot_2            210              0           1440
                   5         Spot_5             90              0           1440
                   8         Spot_8            120              0           1440
                  18        Spot_18            210              0           1440
                  25        Spot_25            180              0           1440
                  26        Spot_26            150              0           1440
                  30        Spot_30             60              0           1440
                  32        Spot_32            150              0           1440
                  34        Spot_34            120              0           1440
                  36        Spot_36            120              0           1440
                  39        Spot_39             90              0           1440
                  43        Spot_43            210              0           1440
                  46        Spot_46             60              0           1440
                  47        Spot_47            120              0           1440
                  49        Spot_49             60              0           1440
                  52        Spot_52             90              0           1440
                  53        Spot_53            150              0           1440
                  61        Spot_61            210              0           1440
                  68        Spot_68            210              0           1440
                  69        Spot_69            120              0           1440
                  72        Spot_72             60              0           1440
                  73        Spot_73            180              0           1440
                  77        Spot_77            150              0           1440
                  78        Spot_78             90              0           1440
                  79        Spot_79             60              0           1440
                  87        Spot_87             60              0           1440
                  88        Spot_88            210              0           1440
                  91        Spot_91            210              0           1440
                  92        Spot_92            180              0           1440
                  96        Spot_96            180              0           1440
                 100       Spot_100             90              0           1440
                 102       Spot_102            150              0           1440
                 103       Spot_103            120              0           1440
                 105       Spot_105             90              0           1440
                 106       Spot_106            180              0           1440
                 108       Spot_108             90              0           1440
                 109       Spot_109            120              0           1440
                 113       Spot_113            210              0           1440
                 114       Spot_114             60              0           1440
                 116       Spot_116            150              0           1440
                 122       Spot_122             60              0           1440
                 124      Hotel_124              0              0           1440
                 125      Hotel_125              0              0           1440
                 126      Hotel_126              0              0           1440
                 127      Hotel_127              0              0           1440
                 128      Hotel_128              0              0           1440
                 129      Hotel_129              0              0           1440
                 130      Hotel_130              0              0           1440
                 131      Hotel_131              0              0           1440
                 132      Hotel_132              0              0           1440
                 133      Hotel_133              0              0           1440

    #          tr_id        tr_name          nspot            seq
                  84        Tour_84              3             49             69             47
                  21        Tour_21              3            100             78             18
                  83        Tour_83              2             52             88
                  88        Tour_88              3             39             36             77
                  86        Tour_86              1             91
                  35        Tour_35              3             61            116            122
                  26        Tour_26              2            113             91
                   3         Tour_3              2             96            114
                  79        Tour_79              2             79             91
                  90        Tour_90              3             43             72             30
                  77        Tour_77              1             25
                  55        Tour_55              3             47             46            103
                  74        Tour_74              3            105              2            109
                  60        Tour_60              2             26            106
                  15        Tour_15              2             53             32
                  78        Tour_78              2            102              8
                  17        Tour_17              3             34            108             49
                  10        Tour_10              2             18             92
                  66        Tour_66              3             68             87             47
                   4         Tour_4              3             73              0              5

    #          gr_id        gr_size          tr_id         origin
                   0              7             84            127
                   1              7             21            129
                   2              4             83            130
                   3              5             88            132
                   4              4             86            132
                   5              6             35            131
                   6              7             26            130
                   7              7              3            129
                   8              6             79            128
                   9              4             90            126
                  10              1             77            127
                  11              8             55            125
                  12              6             74            124
                  13              4             60            128
                  14              6             15            124
                  15              4             78            133
                  16              4             17            126
                  17              7             10            133
                  18              4             66            125
                  19              5              4            131

    #            o/d              0              2              5              8             18             25             26             30             32             34             36             39             43             46             47             49             52             53             61             68             69             72             73             77             78             79             87             88             91             92             96            100            102            103            105            106            108            109            113            114            116            122            124            125            126            127            128            129            130            131            132            133
                   2             23
                   5             60             65
                   8             65             43             82
                  18             23             33             82             73
                  25             68             88            112            130             58
                  26             80             78            138            102             58             81
                  30             72             51            109             37             68            124             74
                  32             52             74             65            114             62             55            114            124
                  34             60             42             61             23             74            127            114             58            102
                  36            101             96            159            114             80            102             23             81            136            129
                  39             15             23             73             65             11             65             65             65             61             65             86
                  43             42             52            100             91             21             46             46             80             68             94             68             31
                  46             11             21             51             60             33             78             88             71             55             51            108             23             52
                  47             51             72             92            115             46             21             84            114             37            110            106             51             41             60
                  49             74             91            122            132             60             15             72            122             68            132             92             68             43             84             33
                  52             37             58             82            101             33             33             78            100             37             96            100             37             33             46             15             41
                  53             71             52            114             46             65            119             65             11            122             65             71             62             73             72            109            116             97
                  61             42             33             42             41             61            109            109             68             80             23            127             51             81             33             91            116             78             73
                  68             43             42            102             74             23             68             37             58             84             81             58             29             23             51             62             65             51             51             74
                  69             23             43             74             86             21             46             73             87             42             82             96             23             29             33             29             52             15             84             65             42
                  72             78             82            136            114             55             62             23             91            102            122             41             65             37             87             68             51             65             82            114             41             65
                  73             11             33             55             73             29             65             86             82             42             65            108             23             46             15             46             72             33             81             46             51             21             82
                  77             71             84            126            123             52             33             52            108             80            126             71             62             33             81             43             21             46            101            112             51             52             31             72
                  78             33             11             73             37             37             94             74             41             84             41             91             29             55             31             80             96             65             42             37             41             51             81             42             87
                  79             52             51             21             62             74            114            127             91             73             41            146             65             94             42             94            122             82             96             23             91             71            129             51            122             58
                  87             58             68             15             92             80            102            137            116             52             72            158             72             96             51             82            114             74            119             51            101             68            132             51            119             78             33
                  88             51             60             11             81             73            102            130            106             55             62            151             65             91             43             81            112             72            109             41             94             65            127             46            116             68             23             11
                  91             60             51            115             71             42             87             31             46            104             84             46             46             42             65             82             82             71             37             82             21             62             46             68             65             46            102            116            108
                  92             58             80             92            122             55             23             94            123             33            116            116             60             51             65             11             37             23            119             96             72             37             78             51             51             88             97             81             82             92
                  96             65             60            122             81             46             84             21             55            106             94             37             51             41             72             81             78             72             46             91             23             65             37             73             60             55            110            122            115             11             92
                 100             33             51             41             87             51             71            108            102             29             73            130             46             65             31             51             82             42            102             51             73             37            102             23             87             61             46             33             31             91             52             96
                 102             60             82             84            124             62             37            106            129             21            115            129             65             62             65             23             51             31            126             94             81             42             91             51             65             91             91             72             74            102             15            102             46
                 103             11             29             68             72             15             60             72             74             51             68             94             11             33             21             43             65             29             72             52             37             15             68             15             61             37             62             65             60             55             51             60             37             55
                 105             94             91            152            112             72             92             15             82            127            126             11             80             60            102             97             81             91             72            123             51             88             31            101             61             87            141            151            144             42            106             33            122            119             86
                 106             52             62            109            100             31             42             42             86             73            104             65             41             11             62             42             37             37             80             92             29             37             29             55             23             65            104            105            100             46             52             42             73             65             42             55
                 108             33             55             61             96             42             51             96            104             21             86            119             41             51             37             31             62             23            102             65             65             23             86             23             68             65             65             52             51             84             33             87             21             29             31            110             58
                 109             68             46             94             15             72            129             92             23            119             37            102             65             88             65            116            130            102             33             52             68             88            106             78            119             37             74            102             92             62            124             72             94            127             73            102             96            100
                 113             37             52             31             84             58             81            115            102             37             68            137             51             73             33             61             92             52            104             46             80             46            110             29             97             62             37             23             21             96             62            102             11             55             43            129             82             31             92
                 114             62             41            100             33             60            116             72             11            114             51             82             55             72             61            105            115             91             15             60             51             78             87             72            102             31             82            106             97             42            114             52             92            119             65             81             80             94             21             92
                 116             15             37             65             80             23             55             80             84             41             73            102             21             37             23             37             62             23             82             55             46             11             73             11             62             46             61             60             55             65             43             68             29             46             11             94             46             21             82             37             74
                 122             61             74            116            114             42             31             51            101             72            116             72             52             23             71             37             23             37             94            102             43             42             33             62             11             78            112            109            106             60             46             55             78             60             51             62             15             60            110             87             94             52
                 124             23             21             80             60             15             72             60             55             71             62             80             11             33             29             60             73             46             52             52             23             33             62             33             65             23             68             80             72             37             68             43             55             74             21             73             42             51             58             60             46             31             55
                 125             42             61             42             97             60             72            116            112             23             82            138             55             72             41             52             84             46            112             60             82             43            108             33             91             71             51             31             33            100             51            105             11             42             46            130             80             23            104             15            102             37             82             65
                 126             37             21             55             33             52            105             97             55             82             23            114             42             72             29             88            109             73             60             15             62             60            102             43            104             23             37             62             52             68             94             78             55             94             46            109             82             65             41             52             46             51             94             41             65
                 127             11             15             65             58             21             73             73             62             62             55             94             11             41             15             58             78             43             61             41             37             29             74             21             72             23             55             65             58             51             65             58             42             68             15             88             51             42             60             46             52             23             62             15             52             33
                 128             82             72            137             84             65            104             29             51            126            100             31             68             61             88            102             97             92             41            102             42             84             51             91             78             65            122            138            130             23            112             21            114            122             78             33             62            106             72            119             52             87             74             60            123             88             73
                 129             29             11             60             37             42             96             87             52             78             33            105             33             62             23             80            100             65             55             23             52             51             92             37             94             15             43             65             55             60             86             68             52             88             37            100             72             60             42             51             42             43             84             31             62             11             23             80
                 130             65             88             94            130             65             29            104            132             31            122            126             68             61             72             21             43             33            129            102             82             46             87             58             60             96            100             82             84            102             11            102             55             11             60            116             62             37            132             65            123             51             55             78             52            101             73            122             94
                 131             51             46             31             52             72            116            123             82             80             31            141             62             92             41             97            124             84             88             15             87             72            126             52            122             51             11             42             33             96            100            105             51             96             61            136            102             68             65             43             73             62            112             65             58             29             52            116             37            105
                 132             46             51             15             71             68            102            124             97             60             52            144             60             87             37             82            112             71            100             31             88             62            123             42            114             60             15             21             11            101             84            108             33             78             55            138             97             52             82             23             87             52            104             65             37             42             51            122             46             87             23
                 133             52             68            104            110             37             23             62            102             58            109             84             46             23             62             23             23             23             96             94             46             31             46             51             23             73            102             97             94             65             33             62             65             46             42             74             21             46            108             74             94             41             15             51             68             87             55             82             78             42            102             92
