    #        ngroups         ntours         nspots
                  20             20             54

    #        spot_id         n_name         length              a              b
                   5         Spot_5             90              0           1440
                   6         Spot_6             60              0           1440
                   7         Spot_7             60              0           1440
                   8         Spot_8            120              0           1440
                   9         Spot_9            150              0           1440
                  10        Spot_10            120              0           1440
                  20        Spot_20            180              0           1440
                  23        Spot_23            210              0           1440
                  27        Spot_27             90              0           1440
                  28        Spot_28            180              0           1440
                  29        Spot_29             60              0           1440
                  32        Spot_32            150              0           1440
                  33        Spot_33            210              0           1440
                  34        Spot_34            120              0           1440
                  38        Spot_38            180              0           1440
                  39        Spot_39             90              0           1440
                  40        Spot_40             60              0           1440
                  48        Spot_48            150              0           1440
                  49        Spot_49             60              0           1440
                  52        Spot_52             90              0           1440
                  53        Spot_53            150              0           1440
                  60        Spot_60             90              0           1440
                  63        Spot_63            120              0           1440
                  66        Spot_66            120              0           1440
                  75        Spot_75            120              0           1440
                  77        Spot_77            150              0           1440
                  79        Spot_79             60              0           1440
                  81        Spot_81             60              0           1440
                  83        Spot_83             60              0           1440
                  85        Spot_85             90              0           1440
                  87        Spot_87             60              0           1440
                  88        Spot_88            210              0           1440
                  90        Spot_90            180              0           1440
                  91        Spot_91            210              0           1440
                  94        Spot_94            210              0           1440
                  98        Spot_98             90              0           1440
                 101       Spot_101             60              0           1440
                 102       Spot_102            150              0           1440
                 107       Spot_107            120              0           1440
                 108       Spot_108             90              0           1440
                 113       Spot_113            210              0           1440
                 114       Spot_114             60              0           1440
                 116       Spot_116            150              0           1440
                 123       Spot_123            210              0           1440
                 124      Hotel_124              0              0           1440
                 125      Hotel_125              0              0           1440
                 126      Hotel_126              0              0           1440
                 127      Hotel_127              0              0           1440
                 128      Hotel_128              0              0           1440
                 129      Hotel_129              0              0           1440
                 130      Hotel_130              0              0           1440
                 131      Hotel_131              0              0           1440
                 132      Hotel_132              0              0           1440
                 133      Hotel_133              0              0           1440

    #          tr_id        tr_name          nspot            seq
                  94        Tour_94              3             63             90             75
                  78        Tour_78              2            102              8
                  38        Tour_38              3             81             28             29
                  71        Tour_71              3             94             83             20
                  76        Tour_76              3             38             98             39
                  26        Tour_26              2            113             91
                  87        Tour_87              2            114             33
                  98        Tour_98              3              7             53             48
                  34        Tour_34              2            101             10
                  19        Tour_19              3             52             29             77
                   8         Tour_8              2              9             79
                  92        Tour_92              2             23             85
                  96        Tour_96              2            107             79
                  45        Tour_45              2              6             88
                  17        Tour_17              3             34            108             49
                  75        Tour_75              3             85             32              5
                  72        Tour_72              3             66             27            123
                  39        Tour_39              2             77             60
                  50        Tour_50              3            116             40             87
                  14        Tour_14              2             88             85

    #          gr_id        gr_size          tr_id         origin
                   0              8             94            133
                   1              3             78            128
                   2              4             38            132
                   3              1             71            131
                   4              6             76            133
                   5              5             26            124
                   6              5             87            129
                   7              8             98            132
                   8              8             34            130
                   9              4             19            131
                  10              8              8            125
                  11              7             92            127
                  12              1             96            128
                  13              1             45            129
                  14              1             17            127
                  15              5             75            126
                  16              4             72            125
                  17              3             39            124
                  18              2             50            130
                  19              2             14            126

    #            o/d              5              6              7              8              9             10             20             23             27             28             29             32             33             34             38             39             40             48             49             52             53             60             63             66             75             77             79             81             83             85             87             88             90             91             94             98            101            102            107            108            113            114            116            123            124            125            126            127            128            129            130            131            132            133
                   6            102
                   7             87            101
                   8             82             21             88
                   9            110             91             33             84
                  10             81             23             96             11             94
                  20            141            116             58            112             33            122
                  23             97             23             80             23             68             33             94
                  27             11             92             84             72            105             71            136             87
                  28            104            152             55            137             82            144             94            132            106
                  29             78             37             65             23             62             33             92             21             68            116
                  32             65            132             55            114             87            119            110            116             68             41             97
                  33            122             72             61             72             33             82             46             51            115            114             55            114
                  34             61             42             87             23             92             21            122             43             51            130             33            102             87
                  38             68             46             60             29             61             37             92             31             60            108             11             87             60             31
                  39             73             80             23             65             37             73             68             60             68             73             43             61             55             65             37
                  40             65             42             68             23             71             29            102             33             55            115             15             91             68             21             11             46
                  48            102            129             29            116             52            124             65            108            102             31             94             51             84            114             88             51             96
                  49            122            144             46            132             60            141             61            122            122             37            110             68             91            132            105             68            114             21
                  52             82            116             21            101             52            108             73             96             81             37             80             37             81             96             72             37             80             21             41
                  53            114             41             78             46             58             55             78             23            105            132             37            122             33             65             46             62             51            105            116             97
                  60             62             41             78             21             81             23            112             37             52            122             23             96             78             11             21             55             11            105            123             88             58
                  63            124            138             42            127             51            136             51            116            122             46            105             73             82            129            100             65            109             23             11             42            108            119
                  66             29             82             62             62             82             65            114             72             23             91             52             58             94             46             42             46             41             82            102             62             87             42            102
                  75             74            136             52            119             84            124            105            119             78             31            100             11            112            108             91             62             96             43             60             33            124            102             65             65
                  77            126            132             41            123             43            132             41            110            124             55            100             80             73            126             97             62            106             29             21             46            101            116             11            102             72
                  79             21             82             82             62            100             61            132             78             11            109             60             73            108             41             51             65             46            102            122             82             96             42            122             21             82            122
                  81            119             51             74             55             51             65             68             33            110            129             43            122             23             73             51             61             58            100            110             94             11             65            102             91            122             94            102
                  83            119            119             33            109             29            119             33             96            116             62             87             80             60            114             84             51             94             33             33             43             86            104             23             94             73             15            114             80
                  85             78             94             11             80             37             88             65             73             74             60             58             52             62             78             51             15             60             37             55             23             74             68             52             52             51             51             72             72             42
                  87             15            112             82             92            108             92            138            104             23             92             84             52            124             72             74             72             72             94            114             74            119             71            116             33             62            119             33            123            114             73
                  88             11            102             78             81            102             82            132             94             15             94             74             55            116             62             65             65             62             92            112             72            109             61            114             23             65            116             23            114            109             68             11
                  90             33             94             55             74             80             78            110             81             31             78             61             43             96             60             51             43             52             71             92             51             94             55             92             15             51             94             33             97             87             46             29             23
                  91            115             74             51             71             23             81             42             52            108            104             52            104             11             84             55             46             65             74             82             71             37             74             73             86            102             65            102             29             51             52            116            108             88
                  94             51             65             52             46             65             51             97             51             43             94             31             68             72             37             21             31             23             78             97             60             65             29             94             23             73             92             37             68             81             42             55             46             31             65
                  98             81            124             31            108             62            115             82            105             82             29             88             29             92            102             80             46             86             23             42             11            106             94             46             65             23             51             84            104             51             33             72             71             52             81             65
                 101            130             71             71             74             42             84             51             52            122            124             60            124             11             91             65             65             73             94            100             92             31             82             91            102            122             82            115             21             68             72            132            124            105             21             80            102
                 102             84            141             51            124             82            130            100            123             87             21            105             21            112            115             96             65            102             37             51             31            126            108             58             73             11             65             91            124             68             52             72             74             60            102             80             21            122
                 107            106             21             88             29             73             37             97             11             97            141             31            126             52             51             41             68             42            116            129            105             21             46            122             82            129            116             87             31            102             82            114            104             92             55             61            114             51            132
                 108             61            114             37             96             68            102             94             97             62             46             78             21             94             86             68             41             73             42             62             23            102             80             65             46             23             68             65            102             65             33             52             51             33             84             51             21            104             29            106
                 113             31            104             60             84             86             87            116             92             33             74             71             37            105             68             61             51             62             72             92             52            104             65             94             23             46             97             37            106             91             51             23             21             11             96             41             51            114             55            102             31
                 114            100             33             73             33             60             42             84             11             91            127             23            114             41             51             33             55             37            102            115             91             15             43            108             74            116            102             82             23             88             68            106             97             82             42             52            100             42            119             15             94             92
                 116             65             96             23             80             51             86             80             78             62             58             60             41             74             73             51             21             58             42             62             23             82             65             61             41             42             62             61             81             55             15             60             55             33             65             37             29             84             46             87             21             37             74
                 123             91             37             65             31             55             41             82             15             82            119             15            104             42             46             23             46             29             94            108             82             23             37            102             65            106             96             73             29             82             60             97             87             72             41             42             91             46            109             23             84             82             11             65
                 124             80             72             29             60             33             68             65             51             73             82             37             71             46             62             33             11             42             58             73             46             52             52             68             51             72             65             68             51             52             23             80             72             51             37             33             55             55             74             60             51             60             46             31             37
                 125             42            116             58             97             88            100            115            102             46             62             82             23            109             82             72             55             74             65             84             46            112             78             87             37             33             91             51            114             88             51             31             33             23            100             52             42            119             42            112             23             15            102             37             92             65
                 126             55             52             65             33             72             37            104             42             46            108             23             82             73             23             15             42             11             91            109             73             60             15            106             31             88            104             37             65             92             55             62             52             42             68             15             80             80             94             52             65             52             46             51             37             41             65
                 127             65             73             33             58             46             65             78             55             60             80             37             62             60             55             29             11             37             60             78             43             61             46             74             37             65             72             55             62             61             23             65             58             37             51             21             51             68             68             65             42             46             52             23             42             15             52             33
                 128            137             81             72             84             41             94             43             62            129            122             68            126             15            100             73             68             82             92             97             92             41             91             87            108            124             78            122             31             65             74            138            130            110             23             86            102             11            122             61            106            119             52             87             55             60            123             88             73
                 129             60             55             55             37             62             43             94             41             51            101             21             78             65             33             11             33             15             82            100             65             55             23             97             33             82             94             43             60             82             46             65             55             41             60             11             72             72             88             51             60             51             42             43             33             31             62             11             23             80
                 130             94            146             52            130             81            137             97            127             97             11            110             31            112            122            102             68            108             33             43             33            129            115             51             82             21             60            100            126             65             55             82             84             68            102             86             23            122             11            136             37             65            123             51            114             78             52            101             73            122             94
                 131             31             72             81             52             97             51            129             68             21            114             51             80            102             31             43             62             37            104            124             84             88             33            122             23             88            122             11             94            112             71             42             33             37             96             33             87            108             96             78             68             43             73             62             65             65             58             29             52            116             37            105
                 132             15             92             74             71             96             72            127             84             11             97             65             60            108             52             55             60             52             92            112             71            100             51            112             15             68            114             15            105            106             65             21             11             21            101             37             72            116             78             94             52             23             87             52             78             65             37             42             51            122             46             87             23
                 133            104            122             23            110             42            119             55            101            102             41             88             58             74            109             82             46             91             11             23             23             96            100             21             81             51             23            102             91             23             33             97             94             72             65             74             29             84             46            108             46             74             94             41             86             51             68             87             55             82             78             42            102             92
