    #        ngroups         ntours         nspots
                  30             30             70

    #        spot_id         n_name         length              a              b
                   0         Spot_0            210              0           1440
                   2         Spot_2            210              0           1440
                   4         Spot_4            150              0           1440
                   5         Spot_5             90              0           1440
                   6         Spot_6             60              0           1440
                   7         Spot_7             60              0           1440
                   8         Spot_8            120              0           1440
                   9         Spot_9            150              0           1440
                  18        Spot_18            210              0           1440
                  20        Spot_20            180              0           1440
                  23        Spot_23            210              0           1440
                  25        Spot_25            180              0           1440
                  29        Spot_29             60              0           1440
                  30        Spot_30             60              0           1440
                  31        Spot_31             90              0           1440
                  32        Spot_32            150              0           1440
                  33        Spot_33            210              0           1440
                  34        Spot_34            120              0           1440
                  35        Spot_35            150              0           1440
                  36        Spot_36            120              0           1440
                  38        Spot_38            180              0           1440
                  39        Spot_39             90              0           1440
                  40        Spot_40             60              0           1440
                  43        Spot_43            210              0           1440
                  46        Spot_46             60              0           1440
                  47        Spot_47            120              0           1440
                  49        Spot_49             60              0           1440
                  51        Spot_51             60              0           1440
                  53        Spot_53            150              0           1440
                  55        Spot_55             60              0           1440
                  56        Spot_56            180              0           1440
                  59        Spot_59            180              0           1440
                  68        Spot_68            210              0           1440
                  69        Spot_69            120              0           1440
                  73        Spot_73            180              0           1440
                  76        Spot_76             90              0           1440
                  77        Spot_77            150              0           1440
                  79        Spot_79             60              0           1440
                  84        Spot_84            210              0           1440
                  85        Spot_85             90              0           1440
                  86        Spot_86            180              0           1440
                  87        Spot_87             60              0           1440
                  88        Spot_88            210              0           1440
                  89        Spot_89            120              0           1440
                  92        Spot_92            180              0           1440
                  94        Spot_94            210              0           1440
                  96        Spot_96            180              0           1440
                  98        Spot_98             90              0           1440
                 102       Spot_102            150              0           1440
                 105       Spot_105             90              0           1440
                 106       Spot_106            180              0           1440
                 107       Spot_107            120              0           1440
                 108       Spot_108             90              0           1440
                 109       Spot_109            120              0           1440
                 113       Spot_113            210              0           1440
                 114       Spot_114             60              0           1440
                 116       Spot_116            150              0           1440
                 118       Spot_118            210              0           1440
                 120       Spot_120            180              0           1440
                 121       Spot_121             90              0           1440
                 124      Hotel_124              0              0           1440
                 125      Hotel_125              0              0           1440
                 126      Hotel_126              0              0           1440
                 127      Hotel_127              0              0           1440
                 128      Hotel_128              0              0           1440
                 129      Hotel_129              0              0           1440
                 130      Hotel_130              0              0           1440
                 131      Hotel_131              0              0           1440
                 132      Hotel_132              0              0           1440
                 133      Hotel_133              0              0           1440

    #          tr_id        tr_name          nspot            seq
                  65        Tour_65              3             59            109             69
                  96        Tour_96              2            107             79
                  66        Tour_66              3             68             87             47
                  74        Tour_74              3            105              2            109
                   1         Tour_1              2            121             56
                  22        Tour_22              1             88
                  23        Tour_23              3             76             89            120
                  73        Tour_73              2             46            113
                  17        Tour_17              3             34            108             49
                  45        Tour_45              2              6             88
                  68        Tour_68              2            106             53
                  36        Tour_36              2             31             53
                   4         Tour_4              3             73              0              5
                  76        Tour_76              3             38             98             39
                   3         Tour_3              2             96            114
                  42        Tour_42              2            118             51
                  82        Tour_82              4             40             29             33              6
                  85        Tour_85              3             94             35            114
                  88        Tour_88              3             39             36             77
                  31        Tour_31              3             86              4              7
                   8         Tour_8              2              9             79
                   9         Tour_9              3              7             43             32
                   2         Tour_2              3             84             30              8
                  92        Tour_92              2             23             85
                  78        Tour_78              2            102              8
                  87        Tour_87              2            114             33
                  50        Tour_50              3            116             40             87
                  30        Tour_30              2            121             55
                  51        Tour_51              2             20             25
                  10        Tour_10              2             18             92

    #          gr_id        gr_size          tr_id         origin
                   0              2             65            126
                   1              8             96            132
                   2              7             66            125
                   3              3             74            127
                   4              9              1            126
                   5              1             22            128
                   6              7             23            125
                   7              3             73            130
                   8              9             17            126
                   9              3             45            130
                  10              8             68            128
                  11              2             36            124
                  12              7              4            129
                  13              4             76            124
                  14              9              3            133
                  15              2             42            131
                  16              4             82            132
                  17              3             85            133
                  18              1             88            129
                  19              8             31            132
                  20              9              8            125
                  21              9              9            126
                  22              2              2            127
                  23              6             92            127
                  24              4             78            132
                  25              9             87            127
                  26              5             50            133
                  27              7             30            124
                  28              6             51            131
                  29              4             10            129

    #            o/d              0              2              4              5              6              7              8              9             18             20             23             25             29             30             31             32             33             34             35             36             38             39             40             43             46             47             49             51             53             55             56             59             68             69             73             76             77             79             84             85             86             87             88             89             92             94             96             98            102            105            106            107            108            109            113            114            116            118            120            121            124            125            126            127            128            129            130            131            132            133
                   2             23
                   4             74             81
                   5             60             65            132
                   6             82             60            123            102
                   7             31             46             46             87            101
                   8             65             43            116             82             21             88
                   9             51             52             33            110             91             33             84
                  18             23             33             52             82             86             15             73             29
                  20             82             84             21            141            116             58            112             33             60
                  23             65             42            100             97             23             80             23             68             65             94
                  25             68             88             52            112            144             43            130             65             58             72            122
                  29             46             23             94             78             37             65             23             62             51             92             21            108
                  30             72             51             96            109             31             82             37             65             68             87             15            124             33
                  31             46             65             51             92            122             23            108             51             37             68            102             23             86            105
                  32             52             74             94             65            132             55            114             87             62            110            116             55             97            124             43
                  33             68             58             58            122             72             61             72             33             52             46             51             97             55             42             82            114
                  34             60             42            122             61             42             87             23             92             74            122             43            127             33             58            105            102             87
                  35             73             65             51            129             82             62             82             31             55             37             61             94             65             52             81            116             11             97
                  36            101             96             51            159            112             82            114             51             80             31             92            102             97             81             97            136             42            129             33
                  38             37             15             92             68             46             60             29             61             46             92             31            102             11             42             80             87             60             31             68            100
                  39             15             23             62             73             80             23             65             37             11             68             60             65             43             65             43             61             55             65             60             86             37
                  40             43             23            102             65             42             68             23             71             55            102             33            110             15             46             88             91             68             21             78            109             11             46
                  43             42             52             33            100            102             15             91             21             21             43             80             46             68             80             31             68             52             94             51             68             65             31             74
                  46             11             21             84             51             78             41             60             60             33             91             62             78             42             71             55             55             73             51             80            108             33             23             37             52
                  47             51             72             60             92            130             33            115             61             46             78            110             21             94            114             11             37             92            110             92            106             86             51             94             41             60
                  49             74             91             41            122            144             46            132             60             60             61            122             15            110            122             31             68             91            132             87             92            105             68            114             43             84             33
                  51             51             29            104             74             33             73             15             72             60            102             23            116             11             37             94            100             65             23             74            106             15             51             11             78             46            101            119
                  53             71             52             88            114             41             78             46             58             65             78             23            119             37             11            100            122             33             65             42             71             46             62             51             73             72            109            116             43
                  55             55             41            122             51             52             84             33             92             72            124             51            123             37             65            100             94             91             11            100            132             33             62             23             92             46            105            129             29             72
                  56             41             37            114             33             71             71             51             87             62            119             65            106             46             78             84             72             94             33            102            132             37             52             33             82             31             87            114             42             82             23
                  59             31             29            104             37             72             61             52             78             52            109             62             97             42             74             74             65             86             37             94            124             33             42             31             72             21             78            104             41             78             29             11
                  68             43             42             42            102             82             31             74             11             23             42             60             68             52             58             52             84             31             81             33             58             51             29             61             23             51             62             65             62             51             82             78             68
                  69             23             43             60             74            102             15             86             46             21             72             82             46             65             87             23             42             72             82             74             96             58             23             65             29             33             29             52             72             84             78             62             52             42
                  73             11             33             78             55             91             33             73             58             29             88             74             65             55             82             42             42             78             65             82            108             46             23             51             46             15             46             72             60             81             60             42             33             51             21
                  76             55             43             60            108             65             52             61             29             41             52             42             91             42             37             74            102             15             74             23             55             46             42             55             46             60             84             88             52             29             78             80             72             23             61             65
                  77             71             84             21            126            132             41            123             43             52             41            110             33            100            108             37             80             73            126             68             71             97             62            106             33             81             43             21            109            101            124            112            102             51             52             72             72
                  79             52             51            126             21             82             82             62            100             74            132             78            114             60             91             92             73            108             41            116            146             51             65             46             94             42             94            122             55             96             31             15             23             91             71             51             94            122
                  84             46             51             31            105             96             23             87             11             23             37             73             55             65             72             41             78             42             92             41             60             62             33             72             11             55             51             51             74             65             92             84             74             15             37             51             37             37             97
                  85             21             37             55             78             94             11             80             37             11             65             73             51             58             78             29             52             62             78             65             88             51             15             60             23             31             37             55             65             74             74             61             51             33             11             23             51             51             72             29
                  86             82            102             61            122            158             58            144             78             72             81            137             15            122            138             37             62            109            141            106            112            116             80            124             60             91             33             21            130            132            136            119            109             82             60             78            105             41            126             68             65
                  87             58             68            127             15            112             82             92            108             80            138            104            102             84            116             84             52            124             72            130            158             74             72             72             96             51             82            114             82            119             62             41             42            101             68             51            110            119             33            102             73            112
                  88             51             60            123             11            102             78             81            102             73            132             94            102             74            106             82             55            116             62            122            151             65             65             62             91             43             81            112             72            109             52             31             33             94             65             46            102            116             23             96             68            112             11
                  89             80            101             72            114            159             60            144             84             73             92            138             21            122            141             37             51            116            138            114            122            115             80            122             65             88             29             33            129            136            132            114            105             87             58             73            109             52            119             74             65             15            102            104
                  92             58             80             68             92            138             42            122             71             55             87            119             23            102            123             21             33            102            116            102            116             94             60            101             51             65             11             37            108            119            110             91             82             72             37             51             94             51             97             61             46             31             81             82             23
                  94             23             15             92             51             65             52             46             65             41             97             51             91             31             62             68             68             72             37             80            110             21             31             23             61             15             73             97             33             65             33             23             15             55             46             29             58             92             37             62             42            105             55             46            102             80
                  96             65             60             43            122             84             52             81             21             46             33             62             84             62             55             71            106             15             94             11             37             65             51             74             41             72             81             78             72             46             97             96             88             23             65             73             21             60            110             31             55             97            122            115            104             92             73
                  98             43             65             65             81            124             31            108             62             42             82            105             31             88            109             15             29             92            102             92            109             80             46             86             42             51             11             42             94            106             96             78             68             61             23             37             82             51             84             52             33             42             72             71             37             15             65             82
                 102             60             82             82             84            141             51            124             82             62            100            123             37            105            129             33             21            112            115            112            129             96             65            102             62             65             23             51            110            126            108             88             80             81             42             51            102             65             91             72             52             42             72             74             31             15             80            102             21
                 105             94             91             41            152            112             73            112             43             72             21             92             92             94             82             87            127             41            126             31             11             97             80            106             60            102             97             81            104             72            129            127            119             51             88            101             52             61            141             51             80            102            151            144            112            106            105             33            100            119
                 106             52             62             23            109            110             23            100             23             31             37             88             42             78             86             33             73             55            104             52             65             74             41             84             11             62             42             37             87             80            102             92             82             29             37             55             51             23            104             15             33             55            105            100             62             52             71             42             46             65             55
                 107             74             52            105            106             21             88             29             73             73             97             11            130             31             11            110            126             52             51             62             92             41             68             42             86             72            119            129             33             21             60             74             72             65             91             84             46            116             87             80             82            144            114            104            146            127             61             65            114            132             92             94
                 108             33             55             80             61            114             37             96             68             42             94             97             51             78            104             33             21             94             86             97            119             68             41             73             51             37             31             62             82            102             80             60             51             65             23             23             82             68             65             60             33             62             52             51             55             33             51             87             21             29            110             58            106
                 109             68             46            109             94             15             86             15             78             72            104             11            129             23             23            108            119             61             37             71            102             33             65             31             88             65            116            130             21             33             46             62             61             68             88             78             52            119             74             82             80            144            102             92            144            124             52             72            110            127            102             96             15            100
                 113             37             52            105             31            104             60             84             86             58            116             92             81             71            102             62             37            105             68            110            137             61             51             62             73             33             61             92             72            104             60             37             33             80             46             29             91             97             37             80             51             92             23             21             84             62             41            102             51             55            129             82            102             31             92
                 114             62             41             91            100             33             73             33             60             60             84             11            116             23             11             96            114             41             51             51             82             33             55             37             72             61            105            115             29             15             58             68             65             51             78             72             33            102             82             65             68            130            106             97            132            114             52             52            100            119             81             80             15             94             21             92
                 116             15             37             68             65             96             23             80             51             23             80             78             55             60             84             33             41             74             73             78            102             51             21             58             37             23             37             62             65             82             68             52             42             46             11             11             62             62             61             43             15             68             60             55             65             43             37             68             29             46             94             46             87             21             82             37             74
                 118             78             96             51            122            151             51            138             68             65             71            129             11            116            130             33             65            100            136             97            102            110             73            119             51             87             31             11            124            124            132            116            106             73             55             74             96             31            124             60             60             11            112            112             23             33            100             87             41             46             92             46            137             61            137             92            122             65
                 120             55             72            116             37            124             72            104            102             73            129            112             84             92            122             68             31            123             87            127            152             81             68             82             86             52             65             97             92            124             78             55             52             96             58             46            109            105             51             94             65             92             23             29             81             62             61            119             55             51            144             94            122             37            112             21            112             51             94
                 121             23             46             73             62            105             29             88             60             33             86             87             52             68             94             31             31             84             80             87            110             60             31             65             43             29             33             61             73             92             73             55             46             55             15             15             72             65             62             51             23             65             55             52             60             37             43             78             23             37            102             51             97             11             91             33             84             11             62             43
                 124             23             21             61             80             72             29             60             33             15             65             51             72             37             55             51             71             46             62             51             80             33             11             42             33             29             60             73             46             52             61             55             46             23             33             33             33             65             68             31             23             86             80             72             88             68             33             43             55             74             73             42             60             51             58             60             46             31             80             78             41
                 125             42             61            102             42            116             58             97             88             60            115            102             72             82            112             55             23            109             82            114            138             72             55             74             72             41             52             84             84            112             73             51             46             82             43             33             97             91             51             80             51             81             31             33             72             51             52            105             42             42            130             80            112             23            104             15            102             37             82             15             29             65
                 126             37             21            102             55             52             65             33             72             52            104             42            105             23             55             82             82             73             23             82            114             15             42             11             72             29             88            109             21             60             21             23             21             62             60             43             60            104             37             71             55            119             62             52            116             94             15             78             80             94            109             82             52             65             41             52             46             51            114             72             58             41             65
                 127             11             15             72             65             73             33             58             46             21             78             55             73             37             62             51             62             60             55             65             94             29             11             37             41             15             58             78             43             61             52             42             33             37             29             21             46             72             55             42             23             88             65             58             86             65             21             58             51             68             88             51             65             42             60             46             52             23             82             65             33             15             52             33
                 128             82             72             60            137             81             72             84             41             65             43             62            104             68             51             92            126             15            100             11             31             73             68             82             61             88            102             97             78             41            105            108            101             42             84             91             29             78            122             51             74            116            138            130            124            112             86             21            102            122             33             62             61            106             72            119             52             87            106            136             97             60            123             88             73
                 129             29             11             92             60             55             55             37             62             42             94             41             96             21             52             73             78             65             33             73            105             11             33             15             62             23             80            100             23             55             31             29             23             52             51             37             51             94             43             61             46            110             65             55            108             86             11             68             72             88            100             72             51             60             42             51             42             43            105             71             51             31             62             11             23             80
                 130             65             88             78             94            146             52            130             81             65             97            127             29            110            132             31             31            112            122            112            126            102             68            108             61             72             21             43            116            129            116             96             88             82             46             58            104             60            100             71             55             33             82             84             21             11             86            102             23             11            116             62            136             37            132             65            123             51             37             61             43             78             52            101             73            122             94
                 131             51             46            124             31             72             81             52             97             72            129             68            116             51             82             94             80            102             31            110            141             43             62             37             92             41             97            124             46             88             21             11             21             87             72             52             88            122             11             94             71            129             42             33            123            100             33            105             87             96            136            102             78             68             65             43             73             62            126             60             65             65             58             29             52            116             37            105
                 132             46             51            119             15             92             74             71             96             68            127             84            102             65             97             81             60            108             52            115            144             55             60             52             87             37             82            112             62            100             42             21             23             88             62             42             94            114             15             91             65            114             21             11            106             84             37            108             72             78            138             97             94             52             82             23             87             52            112             37             51             65             37             42             51            122             46             87             23
                 133             52             68             37            104            122             23            110             42             37             55            101             23             88            102             15             58             74            109             72             84             82             46             91             23             62             23             23             96             96            106             92             82             46             31             51             68             23            102             33             33             37             97             94             42             33             74             62             29             46             74             21            108             46            108             74             94             41             29             82             42             51             68             87             55             82             78             42            102             92
