    #        ngroups         ntours         nspots
                  40             40             84

    #        spot_id         n_name         length              a              b
                   0         Spot_0            210              0           1440
                   1         Spot_1            150              0           1440
                   2         Spot_2            210              0           1440
                   4         Spot_4            150              0           1440
                   5         Spot_5             90              0           1440
                   7         Spot_7             60              0           1440
                   8         Spot_8            120              0           1440
                  11        Spot_11            180              0           1440
                  13        Spot_13            120              0           1440
                  15        Spot_15            210              0           1440
                  16        Spot_16            180              0           1440
                  18        Spot_18            210              0           1440
                  19        Spot_19            150              0           1440
                  20        Spot_20            180              0           1440
                  21        Spot_21            180              0           1440
                  22        Spot_22            150              0           1440
                  25        Spot_25            180              0           1440
                  26        Spot_26            150              0           1440
                  28        Spot_28            180              0           1440
                  30        Spot_30             60              0           1440
                  31        Spot_31             90              0           1440
                  32        Spot_32            150              0           1440
                  34        Spot_34            120              0           1440
                  35        Spot_35            150              0           1440
                  36        Spot_36            120              0           1440
                  39        Spot_39             90              0           1440
                  40        Spot_40             60              0           1440
                  43        Spot_43            210              0           1440
                  45        Spot_45            120              0           1440
                  46        Spot_46             60              0           1440
                  47        Spot_47            120              0           1440
                  48        Spot_48            150              0           1440
                  49        Spot_49             60              0           1440
                  52        Spot_52             90              0           1440
                  53        Spot_53            150              0           1440
                  57        Spot_57             90              0           1440
                  59        Spot_59            180              0           1440
                  61        Spot_61            210              0           1440
                  64        Spot_64            180              0           1440
                  67        Spot_67             60              0           1440
                  68        Spot_68            210              0           1440
                  69        Spot_69            120              0           1440
                  72        Spot_72             60              0           1440
                  73        Spot_73            180              0           1440
                  77        Spot_77            150              0           1440
                  78        Spot_78             90              0           1440
                  79        Spot_79             60              0           1440
                  83        Spot_83             60              0           1440
                  85        Spot_85             90              0           1440
                  86        Spot_86            180              0           1440
                  87        Spot_87             60              0           1440
                  88        Spot_88            210              0           1440
                  91        Spot_91            210              0           1440
                  92        Spot_92            180              0           1440
                  94        Spot_94            210              0           1440
                  96        Spot_96            180              0           1440
                  97        Spot_97             60              0           1440
                  99        Spot_99            210              0           1440
                 100       Spot_100             90              0           1440
                 101       Spot_101             60              0           1440
                 102       Spot_102            150              0           1440
                 103       Spot_103            120              0           1440
                 104       Spot_104            210              0           1440
                 105       Spot_105             90              0           1440
                 106       Spot_106            180              0           1440
                 107       Spot_107            120              0           1440
                 108       Spot_108             90              0           1440
                 109       Spot_109            120              0           1440
                 113       Spot_113            210              0           1440
                 114       Spot_114             60              0           1440
                 116       Spot_116            150              0           1440
                 117       Spot_117             60              0           1440
                 119       Spot_119            120              0           1440
                 122       Spot_122             60              0           1440
                 124      Hotel_124              0              0           1440
                 125      Hotel_125              0              0           1440
                 126      Hotel_126              0              0           1440
                 127      Hotel_127              0              0           1440
                 128      Hotel_128              0              0           1440
                 129      Hotel_129              0              0           1440
                 130      Hotel_130              0              0           1440
                 131      Hotel_131              0              0           1440
                 132      Hotel_132              0              0           1440
                 133      Hotel_133              0              0           1440

    #          tr_id        tr_name          nspot            seq
                  84        Tour_84              3             49             69             47
                  21        Tour_21              3            100             78             18
                  83        Tour_83              2             52             88
                  88        Tour_88              3             39             36             77
                  86        Tour_86              1             91
                  35        Tour_35              3             61            116            122
                  26        Tour_26              2            113             91
                   3         Tour_3              2             96            114
                  79        Tour_79              2             79             91
                  90        Tour_90              3             43             72             30
                  77        Tour_77              1             25
                  55        Tour_55              3             47             46            103
                  74        Tour_74              3            105              2            109
                  60        Tour_60              2             26            106
                  15        Tour_15              2             53             32
                  78        Tour_78              2            102              8
                  17        Tour_17              3             34            108             49
                  10        Tour_10              2             18             92
                  66        Tour_66              3             68             87             47
                   4         Tour_4              3             73              0              5
                  91        Tour_91              2            104             22
                  62        Tour_62              2             15            119
                  50        Tour_50              3            116             40             87
                  80        Tour_80              2            101              5
                  64        Tour_64              2             64             16
                  65        Tour_65              3             59            109             69
                  37        Tour_37              2            108            107
                  36        Tour_36              2             31             53
                  18        Tour_18              2             11             47
                  20        Tour_20              2             35             86
                  99        Tour_99              3             67             13             57
                  14        Tour_14              2             88             85
                  70        Tour_70              1             11
                  95        Tour_95              2             28             15
                  71        Tour_71              3             94             83             20
                   6         Tour_6              2             99              4
                  13        Tour_13              3             97             21            117
                  97        Tour_97              3             45             19              1
                  68        Tour_68              2            106             53
                  98        Tour_98              3              7             53             48

    #          gr_id        gr_size          tr_id         origin
                   0              4             84            130
                   1              7             21            129
                   2              3             83            130
                   3              6             88            132
                   4              2             86            133
                   5              2             35            132
                   6              7             26            133
                   7              6              3            126
                   8              8             79            132
                   9              7             90            126
                  10              5             77            127
                  11              1             55            125
                  12              4             74            124
                  13              6             60            128
                  14              2             15            131
                  15              3             78            127
                  16              9             17            127
                  17              7             10            130
                  18              5             66            128
                  19              3              4            131
                  20              6             91            129
                  21              7             62            127
                  22              4             50            130
                  23              8             80            129
                  24              1             64            126
                  25              8             65            125
                  26              5             37            133
                  27              7             36            126
                  28              3             18            128
                  29              5             20            125
                  30              7             99            131
                  31              9             14            128
                  32              3             70            133
                  33              3             95            124
                  34              3             71            124
                  35              2              6            124
                  36              2             13            131
                  37              4             97            129
                  38              2             68            125
                  39              4             98            132

    #            o/d              0              1              2              4              5              7              8             11             13             15             16             18             19             20             21             22             25             26             28             30             31             32             34             35             36             39             40             43             45             46             47             48             49             52             53             57             59             61             64             67             68             69             72             73             77             78             79             83             85             86             87             88             91             92             94             96             97             99            100            101            102            103            104            105            106            107            108            109            113            114            116            117            119            122            124            125            126            127            128            129            130            131            132            133
                   1             73
                   2             23             51
                   4             74            119             81
                   5             60             92             65            132
                   7             31             94             46             46             87
                   8             65             11             43            116             82             88
                  11             88            158            108             71            124             65            151
                  13             33            101             51             51             84             11             94             58
                  15             51            102             65            119             23             73             92            102             68
                  16             65            109             71             11            123             37            106             72             43            110
                  18             23             80             33             52             82             15             73             80             23             72             42
                  19             42            114             65             86             62             46            105             62             37             41             80             52
                  20             82            114             84             21            141             58            112             92             65            130             23             60            102
                  21             72            123             82             11            129             42            119             61             46            114             15             51             80             31
                  22             33             88             42             42             91             11             82             73             21             80             33             11             55             51             41
                  25             68            137             88             52            112             43            130             23             37             92             51             58             52             72             42             51
                  26             80            102             78             33            138             60            102            102             68            129             31             58            105             15             42             51             81
                  28             72            144             94             74            104             55            137             21             46             82             72             68             42             94             65             65             23            102
                  30             72             33             51             96            109             82             37            146             91            114             88             68            114             87            102             73            124             74            136
                  31             46            115             65             51             92             23            108             43             15             74             46             37             37             68             43             33             23             74             33            105
                  32             52            123             74             94             65             55            114             61             46             42             88             62             11            110             86             65             55            114             41            124             43
                  34             60             33             42            122             61             87             23            146             91             74            112             74             94            122            124             84            127            114            130             58            105            102
                  35             73             81             65             51            129             62             82            116             72            124             46             55            106             37             60             52             94             23            112             52             81            116             97
                  36            101            112             96             51            159             82            114            122             91            151             52             80            127             31             61             73            102             23            124             81             97            136            129             33
                  39             15             72             23             62             73             23             65             86             29             65             52             11             51             68             61             21             65             65             73             65             43             61             65             60             86
                  40             43             33             23            102             65             68             23            130             73             71             92             55             82            102            104             65            110             94            115             46             88             91             21             78            109             46
                  43             42             96             52             33            100             15             91             68             23             88             23             21             60             43             31             11             46             46             62             80             31             68             94             51             68             31             74
                  45             65            137             86             65            102             46            129             23             37             81             62             60             41             84             55             55             15             92             11            127             23             42            124            102            114             65            108             52
                  46             11             68             21             84             51             41             60             96             42             46             74             33             46             91             82             42             78             88             80             71             55             55             51             80            108             23             37             52             73
                  47             51            122             72             60             92             33            115             37             23             72             55             46             33             78             51             42             21             84             23            114             11             37            110             92            106             51             94             41             15             60
                  48             55            122             73             46            102             29            116             37             23             84             42             43             46             65             37             37             15             72             31            110             11             51            114             82             94             51             96             33             21             65             15
                  49             74            138             91             41            122             46            132             31             42            104             42             60             65             61             31             51             15             72             37            122             31             68            132             87             92             68            114             43             29             84             33             21
                  52             37            108             58             58             82             21            101             51             11             65             51             33             29             73             51             31             33             78             37            100             11             37             96             82            100             37             80             33             29             46             15             21             41
                  53             71             42             52             88            114             78             46            141             87            116             80             65            112             78             94             68            119             65            132             11            100            122             65             42             71             62             51             73            123             72            109            105            116             97
                  57             65             94             65             29            124             46             92             94             55            115             23             43             91             21             37             37             72             15             92             68             62            100            102             23             37             51             82             33             81             73             72             61             65             65             60
                  59             31             62             29            104             37             61             52            114             62             41             94             52             58            109            102             62             97            105             96             74             74             65             37             94            124             42             31             72             91             21             78             84            104             65             78             91
                  61             42             51             33            112             42             72             41            127             74             52            102             61             72            116            112             71            109            109            110             68             87             80             23             96            127             51             23             81            105             33             91             97            116             78             73             97             15
                  64             42             55             29             65             94             46             52            110             55             91             55             33             81             61             68             37             88             52            100             37             68             92             62             37             68             31             42             43             91             46             78             73             86             65             33             41             58             60
                  67             78             15             55            114            104             94             23            159            102            112            105             80            119            106            119             86            137             94            146             21            116            129             46             72            102             73             41             94            138             74            124            122            137            110             31             87             71             62             51
                  68             43             78             42             42            102             31             74             91             41             94             33             23             74             42             46             21             68             37             84             58             52             84             81             33             58             29             61             23             74             51             62             55             65             51             51             23             68             74             23             73
                  69             23             94             43             60             74             15             86             65             11             60             51             21             33             72             55             23             46             73             51             87             23             42             82             74             96             23             65             29             43             33             29             33             52             15             84             60             52             65             52             96             42
                  72             78            116             82             11            136             51            114             81             58            124             15             55             94             11             21             46             62             23             84             91             60            102            122             43             41             65            102             37             74             87             68             55             51             65             82             23            106            114             62            109             41             65
                  73             11             82             33             78             55             33             73             82             31             43             68             29             33             88             74             37             65             86             65             82             42             42             65             82            108             23             51             46             60             15             46             52             72             33             81             72             33             46             52             87             51             21             82
                  77             71            127             84             21            126             41            123             51             42            109             23             52             73             41             11             42             33             52             55            108             37             80            126             68             71             62            106             33             46             81             43             29             21             46            101             46            102            112             73            124             51             52             31             72
                  78             33             43             11             82             73             51             37            115             58             74             72             37             74             82             84             46             94             74            102             41             72             84             41             60             91             29             21             55             94             31             80             80             96             65             42             62             37             37             23             46             41             51             81             42             87
                  79             52             72             51            126             21             82             62            129             81             37            116             74             68            132            124             84            114            127            109             91             92             73             41            116            146             65             46             94            106             42             94            102            122             82             96            114             23             23             80             84             91             71            129             51            122             58
                  83             62            114             72             15            119             33            109             62             37            105             11             41             72             33             11             31             41             41             62             94             37             80            114             55             62             51             94             21             52             72             46             33             33             43             86             33             92            102             60            110             37             46             23             65             15             74            114
                  85             21             86             37             55             78             11             80             72             15             65             46             11             42             65             52             15             51             65             60             78             29             52             78             65             88             15             60             23             51             31             37             37             55             23             74             51             51             62             42             88             33             11             60             23             51             43             72             42
                  86             82            151            102             61            122             58            144             11             51            102             62             72             61             81             51             65             15             92             23            138             37             62            141            106            112             80            124             60             21             91             33             29             21             46            132             84            109            123            102            151             82             60             71             78             41            108            126             52             65
                  87             58            102             68            127             15             82             92            112             78             11            119             80             51            138            123             88            102            137             92            116             84             52             72            130            158             72             72             96             92             51             82             94            114             74            119            122             42             51             96            112            101             68            132             51            119             78             33            114             73            112
                  88             51             92             60            123             11             78             81            114             74             15            114             73             52            132            119             82            102            130             94            106             82             55             62            122            151             65             62             91             92             43             81             92            112             72            109            116             33             41             88            102             94             65            127             46            116             68             23            109             68            112             11
                  91             60             72             51             51            115             51             71            109             61            110             43             42             94             42             58             41             87             31            104             46             72            104             84             15             46             46             65             42             94             65             82             74             82             71             37             23             80             82             23             65             21             62             46             68             65             46            102             51             52            100            116            108
                  92             58            130             80             68             92             42            122             33             33             71             65             55             31             87             60             52             23             94             15            123             21             33            116            102            116             60            101             51             11             65             11             23             37             23            119             82             82             96             87            132             72             37             78             51             51             88             97             55             46             31             81             82             92
                  94             23             55             15             92             51             52             46            110             55             52             82             41             60             97             92             51             91             91             94             62             68             68             37             80            110             31             23             61             88             15             73             78             97             60             65             78             15             21             43             62             55             46             94             29             92             23             37             81             42            105             55             46             65             80
                  96             65             82             60             43            122             52             81            106             62            116             37             46             97             33             51             42             84             21            102             55             71            106             94             11             37             51             74             41             92             72             81             72             78             72             46             15             88             91             33             74             23             65             37             73             60             55            110             46             55             97            122            115             11             92             73
                  97             52             52             37             68            102             55             51            119             65            100             60             42             92             62             73             46             96             51            109             29             78            102             65             33             65             41             46             51            100             55             87             82             94             74             23             42             65             65             11             46             29             62             65             62             80             29             86             65             52            110            105             96             21             97             51             31
                  99             58             84             55             37            116             42             82             97             52            108             29             37             87             31             43             33             74             23             92             60             61             97             92             21             43             43             72             31             82             65             71             62             68             62             51             11             82             87             31             78             15             55             33             65             51             52            105             37             46             87            115            108             15             81             68             11             33
                 100             33             97             51             96             41             51             87             84             46             23             88             51             23            108             91             58             71            108             65            102             52             29             73            105            130             46             65             65             62             31             51             62             82             42            102             94             37             51             74            104             73             37            102             23             87             61             46             82             43             82             33             31             91             52             42             96             84             88
                 101             78             72             65             65            130             71             74            129             81            127             60             62            114             51             73             61            106             37            124             41             92            124             91             15             41             65             73             62            114             82            102             94            100             92             31             37             94             94             37             61             41             82             58             87             82             58            115             68             72            119            132            124             21            112             80             23             29             33            109
                 102             60            132             82             82             84             51            124             41             41             62             78             62             23            100             73             61             37            106             21            129             33             21            115            112            129             65            102             62             23             65             23             37             51             31            126             94             80             94             94            136             81             42             91             51             65             91             91             68             52             42             72             74            102             15             80            102            104             92             46            122
                 103             11             80             29             65             68             21             72             80             23             58             55             15             41             73             62             23             60             72             65             74             37             51             68             68             94             11             51             33             58             21             43             46             65             29             72             58             41             52             41             82             37             15             68             15             61             37             62             52             11             73             65             60             55             51             33             60             51             51             37             74             55
                 104             86            102             82             42            144             68            102            112             78            137             41             65            114             23             52             60             92             11            112             72             84            123            116             21             15             72             97             55            102             94             94             82             82             87             62             23            110            114             55             92             43             82             33             94             62             78            132             51             73            102            144            137             33            104             96             23             52             29            116             33            116             80
                 105             94            112             91             41            152             73            112            112             82            144             42             72            119             21             51             65             92             15            114             82             87            127            126             31             11             80            106             60            104            102             97             84             81             91             72             29            119            123             65            102             51             88             31            101             61             87            141             52             80            102            151            144             42            106            105             33             62             37            122             42            119             86             11
                 106             52            105             62             23            109             23            100             65             29             96             15             31             65             37             21             21             42             42             61             86             33             73            104             52             65             41             84             11             51             62             42             31             37             37             80             31             82             92             51            102             29             37             29             55             23             65            104             11             33             55            105            100             46             52             71             42             58             33             73             65             65             42             52             55
                 107             74             23             52            105            106             88             29            152             96            112             96             73            116             97            110             80            130             84            141             11            110            126             51             62             92             68             42             86            132             72            119            116            129            105             21             78             72             65             43             11             65             91            100             84            116             42             87            102             82            144            114            104             55            127             61             65             37             68            102             51            132             78             82             92             94
                 108             33            105             55             80             61             37             96             65             29             42             72             42             11             94             73             46             51             96             46            104             33             21             86             97            119             41             73             51             42             37             31             42             62             23            102             82             51             65             71            109             65             23             86             23             68             65             65             65             33             62             52             51             84             33             51             87             81             78             21            104             29             31            105            110             58            106
                 109             68             11             46            109             94             86             15            151             94            102            100             72            109            104            114             80            129             92            138             23            108            119             37             71            102             65             31             88            130             65            116            115            130            102             33             84             61             52             46             11             68             88            106             78            119             37             74            105             80            144            102             92             62            124             52             72             42             74             94             62            127             73             92            102             96             15            100
                 113             37             94             52            105             31             60             84             94             55             15             96             58             33            116            100             65             81            115             74            102             62             37             68            110            137             51             62             73             72             33             61             72             92             52            104            101             33             46             78            102             80             46            110             29             97             62             37             91             51             92             23             21             96             62             41            102             87             94             11            114             55             43            122            129             82            102             31             92
                 114             62             31             41             91            100             73             33            138             82            104             82             60            104             84             96             65            116             72            127             11             96            114             51             51             82             55             37             72            119             61            105            102            115             91             15             65             65             60             29             23             51             78             87             72            102             31             82             88             68            130            106             97             42            114             52             52             23             55             92             42            119             65             71             81             80             15             94             21             92
                 116             15             88             37             68             65             23             80             73             21             51             60             23             31             80             65             29             55             80             58             84             33             41             73             78            102             21             58             37             51             23             37             42             62             23             82             65             42             55             51             91             46             11             73             11             62             46             61             55             15             68             60             55             65             43             37             68             61             60             29             84             46             11             88             94             46             87             21             82             37             74
                 117             88             15             65            132            102            108             23            172            115            114            123             94            127            126            136            102            151            114            159             41            129            136             41             92            122             86             46            110            151             82            137            137            152            122             51            106             74             62             68             21             91            108            129             96            141             58             81            127            101            165            112            102             84            144             68             94             65             97            109             81            146             94            112            122            119             31            119             23            106             42            102
                 119             51             42             33             78             96             60             41            124             68             97             68             46             92             72             82             51            102             61            114             23             82            102             55             42             74             42             37             58            105             52             91             88            101             78             21             52             60             58             15             37             37             65             74             61             88             23             80             73             55            116            100             91             31            100             46             41             11             42             82             37            106             52             62             72             65             29             82             33             84             15             62             55
                 122             61            119             74             23            116             31            114             52             33            100             21             42             65             42             15             33             31             51             52            101             29             72            116             65             72             52             97             23             42             71             37             23             23             37             94             42             92            102             65            116             43             42             33             62             11             78            112             11             41             42            109            106             60             46             82             55             72             46             78             78             60             51             61             62             15            108             60            110             87             94             52            132             80
                 124             23             65             21             61             80             29             60             94             37             73             51             15             61             65             62             23             72             60             82             55             51             71             62             51             80             11             42             33             73             29             60             58             73             46             52             46             46             52             21             65             23             33             62             33             65             23             68             52             23             86             80             72             37             68             33             43             31             37             55             55             74             21             65             73             42             60             51             58             60             46             31             80             33             55
                 125             42            106             61            102             42             58             97             82             51             21             94             60             21            115             96             65             72            116             62            112             55             23             82            114            138             55             74             72             61             41             52             65             84             46            112            102             46             60             84            114             82             43            108             33             91             71             51             88             51             81             31             33            100             51             52            105             94             96             11            119             42             46            124            130             80            112             23            104             15            102             37            119             92             82             65
                 126             37             42             21            102             55             65             33            124             68             61             92             52             73            104            102             62            105             97            108             55             82             82             23             82            114             42             11             72            102             29             88             91            109             73             60             84             21             15             46             51             62             60            102             43            104             23             37             92             55            119             62             52             68             94             15             78             51             74             55             80             94             46            100            109             82             52             65             41             52             46             51             55             43             94             41             65
                 127             11             65             15             72             65             33             58             94             37             60             62             21             52             78             71             31             73             73             80             62             51             62             55             65             94             11             37             41             72             15             58             60             78             43             61             60             33             41             33             68             37             29             74             21             72             23             55             61             23             88             65             58             51             65             21             58             42             51             42             68             68             15             80             88             51             65             42             60             46             52             23             80             41             62             15             52             33
                 128             82             82             72             60            137             72             84            126             82            132             55             65            116             43             68             62            104             29            122             51             92            126            100             11             31             68             82             61            112             88            102             92             97             92             41             33            101            102             43             71             42             84             51             91             78             65            122             65             74            116            138            130             23            112             86             21             37             31            114             11            122             78             23             33             62             61            106             72            119             52             87             92             46             74             60            123             88             73
                 129             29             46             11             92             60             55             37            116             60             62             81             42             68             94             92             52             96             87            101             52             73             78             33             73            105             33             15             62             94             23             80             82            100             65             55             74             23             23             37             52             52             51             92             37             94             15             43             82             46            110             65             55             60             86             11             68             43             65             52             72             88             37             91            100             72             51             60             42             51             42             43             60             37             84             31             62             11             23             80
                 130             65            138             88             78             94             52            130             31             42             72             74             65             33             97             68             62             29            104             11            132             31             31            122            112            126             68            108             61             15             72             21             33             43             33            129             92             88            102             97            141             82             46             87             58             60             96            100             65             55             33             82             84            102             11             86            102            106             92             55            122             11             60            114            116             62            136             37            132             65            123             51            152            109             55             78             52            101             73            122             94
                 131             51             62             46            124             31             81             52            132             82             46            114             72             73            129            122             82            116            123            114             82             94             80             31            110            141             62             37             92            109             41             97            104            124             84             88            109             21             15             73             74             87             72            126             52            122             51             11            112             71            129             42             33             96            100             33            105             80            100             51            108             96             61            127            136            102             78             68             65             43             73             62             71             72            112             65             58             29             52            116             37            105
                 132             46             81             51            119             15             74             71            116             72             23            109             68             55            127            116             78            102            124             97             97             81             60             52            115            144             60             52             87             94             37             82             92            112             71            100            110             23             31             80             92             88             62            123             42            114             60             15            106             65            114             21             11            101             84             37            108             88            102             33            116             78             55            130            138             97             94             52             82             23             87             52             92             82            104             65             37             42             51            122             46             87             23
                 133             52            116             68             37            104             23            110             46             21             87             33             37             51             55             29             29             23             62             41            102             15             58            109             72             84             46             91             23             31             62             23             11             23             23             96             51             82             94             65            115             46             31             46             51             23             73            102             23             33             37             97             94             65             33             74             62             73             52             65             84             46             42             72             74             21            108             46            108             74             94             41            130             80             15             51             68             87             55             82             78             42            102             92
