    #        ngroups         ntours         nspots
                  50             50             93

    #        spot_id         n_name         length              a              b
                   0         Spot_0            210              0           1440
                   1         Spot_1            150              0           1440
                   2         Spot_2            210              0           1440
                   5         Spot_5             90              0           1440
                   6         Spot_6             60              0           1440
                   7         Spot_7             60              0           1440
                   8         Spot_8            120              0           1440
                  11        Spot_11            180              0           1440
                  15        Spot_15            210              0           1440
                  16        Spot_16            180              0           1440
                  18        Spot_18            210              0           1440
                  19        Spot_19            150              0           1440
                  20        Spot_20            180              0           1440
                  21        Spot_21            180              0           1440
                  22        Spot_22            150              0           1440
                  23        Spot_23            210              0           1440
                  25        Spot_25            180              0           1440
                  28        Spot_28            180              0           1440
                  29        Spot_29             60              0           1440
                  30        Spot_30             60              0           1440
                  32        Spot_32            150              0           1440
                  33        Spot_33            210              0           1440
                  34        Spot_34            120              0           1440
                  36        Spot_36            120              0           1440
                  38        Spot_38            180              0           1440
                  39        Spot_39             90              0           1440
                  40        Spot_40             60              0           1440
                  42        Spot_42             60              0           1440
                  43        Spot_43            210              0           1440
                  44        Spot_44            150              0           1440
                  45        Spot_45            120              0           1440
                  47        Spot_47            120              0           1440
                  48        Spot_48            150              0           1440
                  49        Spot_49             60              0           1440
                  50        Spot_50            210              0           1440
                  51        Spot_51             60              0           1440
                  52        Spot_52             90              0           1440
                  53        Spot_53            150              0           1440
                  57        Spot_57             90              0           1440
                  58        Spot_58            180              0           1440
                  63        Spot_63            120              0           1440
                  64        Spot_64            180              0           1440
                  65        Spot_65             90              0           1440
                  67        Spot_67             60              0           1440
                  68        Spot_68            210              0           1440
                  69        Spot_69            120              0           1440
                  70        Spot_70            150              0           1440
                  71        Spot_71            180              0           1440
                  72        Spot_72             60              0           1440
                  73        Spot_73            180              0           1440
                  74        Spot_74            150              0           1440
                  75        Spot_75            120              0           1440
                  77        Spot_77            150              0           1440
                  78        Spot_78             90              0           1440
                  79        Spot_79             60              0           1440
                  81        Spot_81             60              0           1440
                  83        Spot_83             60              0           1440
                  84        Spot_84            210              0           1440
                  85        Spot_85             90              0           1440
                  86        Spot_86            180              0           1440
                  87        Spot_87             60              0           1440
                  88        Spot_88            210              0           1440
                  90        Spot_90            180              0           1440
                  91        Spot_91            210              0           1440
                  94        Spot_94            210              0           1440
                  95        Spot_95             90              0           1440
                  96        Spot_96            180              0           1440
                  97        Spot_97             60              0           1440
                  98        Spot_98             90              0           1440
                 100       Spot_100             90              0           1440
                 101       Spot_101             60              0           1440
                 104       Spot_104            210              0           1440
                 105       Spot_105             90              0           1440
                 106       Spot_106            180              0           1440
                 107       Spot_107            120              0           1440
                 108       Spot_108             90              0           1440
                 109       Spot_109            120              0           1440
                 114       Spot_114             60              0           1440
                 117       Spot_117             60              0           1440
                 118       Spot_118            210              0           1440
                 119       Spot_119            120              0           1440
                 120       Spot_120            180              0           1440
                 122       Spot_122             60              0           1440
                 124      Hotel_124              0              0           1440
                 125      Hotel_125              0              0           1440
                 126      Hotel_126              0              0           1440
                 127      Hotel_127              0              0           1440
                 128      Hotel_128              0              0           1440
                 129      Hotel_129              0              0           1440
                 130      Hotel_130              0              0           1440
                 131      Hotel_131              0              0           1440
                 132      Hotel_132              0              0           1440
                 133      Hotel_133              0              0           1440

    #          tr_id        tr_name          nspot            seq
                  70        Tour_70              1             11
                  94        Tour_94              3             63             90             75
                  21        Tour_21              3            100             78             18
                  77        Tour_77              1             25
                  82        Tour_82              4             40             29             33              6
                   9         Tour_9              3              7             43             32
                   3         Tour_3              2             96            114
                  49        Tour_49              4             57            101             44             65
                  17        Tour_17              3             34            108             49
                  61        Tour_61              2             34             48
                  88        Tour_88              3             39             36             77
                  71        Tour_71              3             94             83             20
                  52        Tour_52              3             40             70             74
                  66        Tour_66              3             68             87             47
                  45        Tour_45              2              6             88
                  32        Tour_32              2             45             67
                  38        Tour_38              3             81             28             29
                   2         Tour_2              3             84             30              8
                  62        Tour_62              2             15            119
                  81        Tour_81              2            118             71
                  25        Tour_25              2             58             21
                  76        Tour_76              3             38             98             39
                  91        Tour_91              2            104             22
                  42        Tour_42              2            118             51
                  80        Tour_80              2            101              5
                  79        Tour_79              2             79             91
                  33        Tour_33              3             50             51            100
                  28        Tour_28              2             91             81
                  68        Tour_68              2            106             53
                  13        Tour_13              3             97             21            117
                  83        Tour_83              2             52             88
                  96        Tour_96              2            107             79
                   4         Tour_4              3             73              0              5
                  48        Tour_48              3            122             86             42
                  95        Tour_95              2             28             15
                  24        Tour_24              3            100             52             95
                  18        Tour_18              2             11             47
                  59        Tour_59              3            119             34             72
                  40        Tour_40              3             79             49              5
                  97        Tour_97              3             45             19              1
                  84        Tour_84              3             49             69             47
                  14        Tour_14              2             88             85
                  98        Tour_98              3              7             53             48
                  64        Tour_64              2             64             16
                  46        Tour_46              2            120             28
                  74        Tour_74              3            105              2            109
                  12        Tour_12              2             50             53
                  37        Tour_37              2            108            107
                  92        Tour_92              2             23             85
                  90        Tour_90              3             43             72             30

    #          gr_id        gr_size          tr_id         origin
                   0              4             70            129
                   1              3             94            125
                   2              3             21            128
                   3              3             77            130
                   4              6             82            126
                   5              4              9            132
                   6              5              3            129
                   7              7             49            128
                   8              4             17            127
                   9              3             61            132
                  10              3             88            133
                  11              3             71            124
                  12              6             52            131
                  13              6             66            125
                  14              3             45            132
                  15              9             32            126
                  16              1             38            127
                  17              8              2            130
                  18              4             62            126
                  19              2             81            128
                  20              5             25            131
                  21              3             76            127
                  22              7             91            127
                  23              3             42            130
                  24              9             80            131
                  25              1             79            126
                  26              4             33            132
                  27              4             28            133
                  28              2             68            133
                  29              5             13            129
                  30              7             83            126
                  31              8             96            131
                  32              5              4            127
                  33              8             48            127
                  34              6             95            124
                  35              8             24            131
                  36              8             18            130
                  37              3             59            133
                  38              7             40            128
                  39              5             97            129
                  40              9             84            130
                  41              3             14            124
                  42              4             98            124
                  43              8             64            133
                  44              2             46            130
                  45              3             74            132
                  46              6             12            124
                  47              4             37            124
                  48              1             92            125
                  49              3             90            132

    #            o/d              0              1              2              5              6              7              8             11             15             16             18             19             20             21             22             23             25             28             29             30             32             33             34             36             38             39             40             42             43             44             45             47             48             49             50             51             52             53             57             58             63             64             65             67             68             69             70             71             72             73             74             75             77             78             79             81             83             84             85             86             87             88             90             91             94             95             96             97             98            100            101            104            105            106            107            108            109            114            117            118            119            120            122            124            125            126            127            128            129            130            131            132            133
                   1             73
                   2             23             51
                   5             60             92             65
                   6             82             11             60            102
                   7             31             94             46             87            101
                   8             65             11             43             82             21             88
                  11             88            158            108            124            165             65            151
                  15             51            102             65             23            112             73             92            102
                  16             65            109             71            123            114             37            106             72            110
                  18             23             80             33             82             86             15             73             80             72             42
                  19             42            114             65             62            123             46            105             62             41             80             52
                  20             82            114             84            141            116             58            112             92            130             23             60            102
                  21             72            123             82            129            127             42            119             61            114             15             51             80             31
                  22             33             88             42             91             94             11             82             73             80             33             11             55             51             41
                  23             65             21             42             97             23             80             23            144            102             91             65            106             94            105             72
                  25             68            137             88            112            144             43            130             23             92             51             58             52             72             42             51            122
                  28             72            144             94            104            152             55            137             21             82             72             68             42             94             65             65            132             23
                  29             46             29             23             78             37             65             23            129             82             84             51             87             92             97             60             21            108            116
                  30             72             33             51            109             31             82             37            146            114             88             68            114             87            102             73             15            124            136             33
                  32             52            123             74             65            132             55            114             61             42             88             62             11            110             86             65            116             55             41             97            124
                  33             68             71             58            122             72             61             72            119            119             51             52            104             46             65             51             51             97            114             55             42            114
                  34             60             33             42             61             42             87             23            146             74            112             74             94            122            124             84             43            127            130             33             58            102             87
                  36            101            112             96            159            112             82            114            122            151             52             80            127             31             61             73             92            102            124             97             81            136             42            129
                  38             37             37             15             68             46             60             29            122             72             82             46             78             92             94             55             31            102            108             11             42             87             60             31            100
                  39             15             72             23             73             80             23             65             86             65             52             11             51             68             61             21             60             65             73             43             65             61             55             65             86             37
                  40             43             33             23             65             42             68             23            130             71             92             55             82            102            104             65             33            110            115             15             46             91             68             21            109             11             46
                  42             43             92             55             21            102             68             82            104             11            105             65             42            124            109             73             92             92             84             72            104             46            110             65            144             62             58             61
                  43             42             96             52            100            102             15             91             68             88             23             21             60             43             31             11             80             46             62             68             80             68             52             94             68             65             31             74             82
                  44             73            104             74            132            106             51            102             92            122             21             51             96             11             33             43             84             71             92             81             78            105             37            112             33             82             60             92            116             37
                  45             65            137             86            102            144             46            129             23             81             62             60             41             84             55             55            124             15             11            108            127             42            104            124            114            101             65            108             82             52             82
                  47             51            122             72             92            130             33            115             37             72             55             46             33             78             51             42            110             21             23             94            114             37             92            110            106             86             51             94             71             41             74             15
                  48             55            122             73            102            129             29            116             37             84             42             43             46             65             37             37            108             15             31             94            110             51             84            114             94             88             51             96             82             33             62             21             15
                  49             74            138             91            122            144             46            132             31            104             42             60             65             61             31             51            122             15             37            110            122             68             91            132             92            105             68            114            102             43             62             29             33             21
                  50             42             37             21             82             43             58             33            122             84             74             43             84             81             87             51             23            101            110             11             31             94             46             42             87             15             37             23             74             60             71            102             88             86            102
                  51             51             23             29             74             33             73             15            137             81             94             60             91            102            106             68             23            116            122             11             37            100             65             23            106             15             51             11             71             78             92            115            101            102            119             21
                  52             37            108             58             82            116             21            101             51             65             51             33             29             73             51             31             96             33             37             80            100             37             81             96            100             72             37             80             62             33             68             29             15             21             41             73             86
                  53             71             42             52            114             41             78             46            141            116             80             65            112             78             94             68             23            119            132             37             11            122             33             65             71             46             62             51            106             73             68            123            109            105            116             33             43             97
                  57             65             94             65            124             97             46             92             94            115             23             43             91             21             37             37             74             72             92             71             68            100             29            102             37             72             51             82            108             33             11             81             72             61             65             61             81             65             60
                  58             60            112             74             29            122             80            102            102             11            116             80             42            137            119             86            112             94             81             92            124             41            127             84            159             82             73             81             21             94            129             82             74             87            106             94             92             68            126            122
                  63             72            132             87            124            138             42            127             41            106             33             55             68             51             21             46            116             23             46            105            115             73             82            129             81            100             65            109            104             37             52             37             37             23             11             96            114             42            108             55            109
                  64             42             55             29             94             60             46             52            110             91             55             33             81             61             68             37             37             88            100             31             37             92             29             62             68             33             31             42             82             43             51             91             78             73             86             21             41             65             33             41            100             80
                  65             52             52             42             41             62             82             42            136             55            112             71             80            126            122             81             60            119            119             43             73             86             96             21            136             37             61             29             46             92            116            114            100            106            126             51             37             87             80            106             65            124             68
                  67             78             15             55            104             11             94             23            159            112            105             80            119            106            119             86             15            137            146             33             21            129             62             46            102             42             73             41            102             94             97            138            124            122            137             37             31            110             31             87            122            130             51             65
                  68             43             78             42            102             82             31             74             91             94             33             23             74             42             46             21             60             68             84             52             58             84             31             81             58             51             29             61             86             23             33             74             62             55             65             42             62             51             51             23            102             58             23             84             73
                  69             23             94             43             74            102             15             86             65             60             51             21             33             72             55             23             82             46             51             65             87             42             72             82             96             58             23             65             55             29             65             43             29             33             52             60             72             15             84             60             65             51             52             74             96             42
                  70             29             73             31             88             80             23             68             88             80             41             11             62             55             52             15             58             65             78             46             60             72             42             72             72             42             15             52             72             23             46             68             55             51             65             37             55             42             55             37             88             60             23             72             72             15             31
                  71             46             65             37            101             68             42             62            105             96             46             31             82             51             60             33             46             82             97             41             43             92             23             72             60             42             33             52             88             37             41             87             74             68             80             31             51             62             37             31            105             72             11             78             60             15             51             21
                  72             78            116             82            136            119             51            114             81            124             15             55             94             11             21             46             97             62             84             92             91            102             51            122             41             92             65            102            119             37             15             74             68             55             51             82            102             65             82             23            130             41             62            124            109             41             65             52             52
                  73             11             82             33             55             91             33             73             82             43             68             29             33             88             74             37             74             65             65             55             82             42             78             65            108             46             23             51             37             46             80             60             46             52             72             52             60             33             81             72             51             71             52             55             87             51             21             37             55             82
                  74             60             97             62            119            100             37             94             84            108             15             37             82             23             29             29             78             62             81             72             73             91             37            102             46             71             46             81            102             23             15             71             62             51             55             62             82             55             65             11            115             46             42            104             91             21             51             33             33             21             65
                  75             55            127             78             74            136             52            119             51             52             82             61             15            105             80             62            119             46             31            100            126             11            112            108            132             91             62             96             55             65            100             33             29             43             60             97            105             33            124             97             51             65             92             94            132             82             41             71             92             96             46             87
                  77             71            127             84            126            132             41            123             51            109             23             52             73             41             11             42            110             33             55            100            108             80             73            126             71             97             62            106            106             33             42             46             43             29             21             91            109             46            101             46            114             11             73            122            124             51             52             55             65             31             72             37             72
                  78             33             43             11             73             51             51             37            115             74             72             37             74             82             84             46             33             94            102             15             41             84             51             41             91             11             29             21             65             55             72             94             80             80             96             11             23             65             42             62             84             91             23             46             46             41             51             33             33             81             42             61             87             87
                  79             52             72             51             21             82             82             62            129             37            116             74             68            132            124             84             78            114            109             60             91             73            108             41            146             51             65             46             29             94            123            106             94            102            122             65             55             82             96            114             46            122             80             21             84             91             71             78             88            129             51            109             82            122             58
                  81             72             52             55            119             51             74             55            136            119             72             62            112             68             86             65             33            114            129             43             21            122             23             73             61             51             61             58            109             68             60            119            106            100            110             37             51             94             11             51            129            102             31             86             41             46             82             52             33             73             82             58            122             94             46            102
                  83             62            114             72            119            119             33            109             62            105             11             41             72             33             11             31             96             41             62             87             94             80             60            114             62             84             51             94            100             21             31             52             46             33             33             78             97             43             86             33            110             23             60            112            110             37             46             42             51             23             65             23             73             15             74            114             80
                  84             46             91             51            105             96             23             87             78             94             21             23             68             37             33             15             73             55             72             65             72             78             42             92             60             62             33             72             88             11             29             62             51             42             51             55             74             42             65             23            101             43             37             92             88             15             37             21             29             33             51             15             74             37             52             97             60             23
                  85             21             86             37             78             94             11             80             72             65             46             11             42             65             52             15             73             51             60             58             78             52             62             78             88             51             15             60             60             23             58             51             37             37             55             51             65             23             74             51             72             52             42             72             88             33             11             21             41             60             23             43             51             51             43             72             72             42             29
                  86             82            151            102            122            158             58            144             11            102             62             72             61             81             51             65            137             15             23            122            138             62            109            141            112            116             80            124            102             60             82             21             33             29             21            115            130             46            132             84            102             31            102            132            151             82             60             80             96             71             78             74             52             41            108            126            127             52             68             65
                  87             58            102             68             15            112             82             92            112             11            119             80             51            138            123             88            104            102             92             84            116             52            124             72            158             74             72             72             15             96            130             92             82             94            114             87             82             74            119            122             15            116             96             52            112            101             68             86            102            132             51            116             62            119             78             33            123            114            102             73            112
                  88             51             92             60             11            102             78             81            114             15            114             73             52            132            119             82             94            102             94             74            106             55            116             62            151             65             65             62             11             91            124             92             81             92            112             78             72             72            109            116             23            114             88             42            102             94             65             80             94            127             46            110             65            116             68             23            114            109             96             68            112             11
                  90             29             84             42             33             94             55             74             97             23             91             51             37            110             97             60             81             82             78             61             92             43             96             60            129             51             43             52             15             68            102             74             62             71             92             62             62             51             94             94             33             92             68             43             92             72             42             58             73            105             23             88             51             94             52             33             97             87             73             46             94             29             23
                  91             60             72             51            115             74             51             71            109            110             43             42             94             42             58             41             52             87            104             52             46            104             11             84             46             55             46             65            102             42             33             94             82             74             82             42             62             71             37             23            119             73             23             91             65             21             62             33             15             46             68             29            102             65             46            102             29             51             33             52            100            116            108             88
                  94             23             55             15             51             65             52             46            110             52             82             41             60             97             92             51             51             91             94             31             62             68             72             37            110             21             31             23             42             61             87             88             73             78             97             33             33             60             65             78             62             94             43             31             62             55             46             42             51             94             29             74             73             92             23             37             68             81             62             42            105             55             46             31             65
                  95             15             60             11             58             68             42             51            102             55             72             31             55             87             81             41             52             82             86             33             61             65             65             46            102             23             21             29             46             51             78             80             65             68             87             31             37             51             62             68             65             84             37             41             65             46             37             33             43             84             23             65             68             82             21             46             65             71             52             33             96             60             51             33             58             11
                  96             65             82             60            122             84             52             81            106            116             37             46             97             33             51             42             62             84            102             62             55            106             15             94             37             65             51             74            108             41             23             92             81             72             78             52             72             72             46             15            124             68             33            100             74             23             65             37             23             37             73             23            104             60             55            110             37             46             31             55             97            122            115             94             11             73             65
                  97             52             52             37            102             55             55             51            119            100             60             42             92             62             73             46             33             96            109             33             29            102             23             65             65             37             41             46             91             51             52            100             87             82             94             23             42             74             23             42            109             86             11             73             46             29             62             33             15             65             62             46            102             80             29             86             21             65             43             52            110            105             96             78             21             51             46             31
                  98             43            116             65             81            124             31            108             46             62             60             42             23             82             58             41            105             31             29             88            109             29             92            102            109             80             46             86             61             42             78             23             11             23             42             82             94             11            106             74             65             46             74             91            119             61             23             52             72             73             37             65             23             51             73             84            104             51             52             33             42             72             71             52             81             65             58             82             84
                 100             33             97             51             41            106             51             87             84             23             88             51             23            108             91             58             92             71             65             72            102             29            100             73            130             62             46             65             21             65            101             62             51             62             82             71             74             42            102             94             29             84             74             58            104             73             37             60             78            102             23             86             37             87             61             46            104             82             72             43             82             33             31             15             91             42             41             96             84             41
                 101             78             72             65            130             71             71             74            129            127             60             62            114             51             73             61             52            106            124             60             41            124             11             91             41             65             65             73            119             62             43            114            102             94            100             51             68             92             31             37            136             91             37            102             61             41             82             52             33             58             87             46            122             82             58            115             21             68             52             72            119            132            124            105             21             80             73             23             29            102            109
                 104             86            102             82            144            102             68            102            112            137             41             65            114             23             52             60             81             92            112             84             72            123             31            116             15             87             72             97            129             55             21            102             94             82             82             74             94             87             62             23            144             72             55            123             92             43             82             58             46             33             94             33            119             62             78            132             52             51             46             73            102            144            137            115             33             96             88             23             52             97            116             33
                 105             94            112             91            152            112             73            112            112            144             42             72            119             21             51             65             92             92            114             94             82            127             41            126             11             97             80            106            137             60             23            104             97             84             81             84            104             91             72             29            151             71             65            132            102             51             88             65             55             31            101             37            123             61             87            141             62             52             51             80            102            151            144            122             42            105             96             33             62            100            122             42             11
                 106             52            105             62            109            110             23            100             65             96             15             31             65             37             21             21             88             42             61             78             86             73             55            104             65             74             41             84             91             11             33             51             42             31             37             68             87             37             80             31            102             29             51            102            102             29             37             33             43             29             55             21             68             23             65            104             73             11             15             33             55            105            100             78             46             71             61             42             58             46             73             65             52             55
                 107             74             23             52            106             21             88             29            152            112             96             73            116             97            110             80             11            130            141             31             11            126             52             51             92             41             68             42            102             86             87            132            119            116            129             33             33            105             21             78            122            122             43             68             11             65             91             65             51            100             84             82            129            116             42             87             31            102             80             82            144            114            104             92             55             61             62             65             37            114            102             51             82             92             94
                 108             33            105             55             61            114             37             96             65             42             72             42             11             94             73             46             97             51             46             78            104             21             94             86            119             68             41             73             41             51             88             42             31             42             62             74             82             23            102             82             46             65             71             73            109             65             23             52             72             86             23             73             23             68             65             65            102             65             60             33             62             52             51             33             84             51             46             87             81             21             21            104            105            110             58            106
                 109             68             11             46             94             15             86             15            151            102            100             72            109            104            114             80             11            129            138             23             23            119             61             37            102             33             65             31             92             88             94            130            116            115            130             29             21            102             33             84            112            124             46             55             11             68             88             65             55            106             78             87            123            119             37             74             42            105             82             80            144            102             92             82             62             52             55             72             42            110             94             62             92            102             96             15            100
                 114             62             31             41            100             33             73             33            138            104             82             60            104             84             96             65             11            116            127             23             11            114             41             51             82             33             55             37             94             72             74            119            105            102            115             21             29             91             15             65            114            108             29             65             23             51             78             51             37             87             72             68            116            102             31             82             23             88             65             68            130            106             97             82             42             52             51             52             23            100             92             42             71             81             80             15             94             21
                 117             88             15             65            102             11            108             23            172            114            123             94            127            126            136            102             33            151            159             43             41            136             82             41            122             51             86             46            104            110            116            151            137            137            152             51             37            122             51            106            124            146             68             61             21             91            108             88             78            129             96            109            141            141             58             81             61            127            105            101            165            112            102             97             84             68             73             94             65            130            109             81            112            122            119             31            119             23             42
                 118             78            144             96            122            151             51            138             21            102             52             65             62             71             41             58            129             11             29            116            130             65            100            136            102            110             73            119            102             51             72             23             31             23             11            108            124             42            124             74            104             21             94            129            144             73             55             72             88             61             74             65             55             31            102            124            119             42             60             60             11            112            112             92             91            100             91             87            102             41             81            109             92             92             46            137             61            137            122            159
                 119             51             42             33             96             46             60             41            124             97             68             46             92             72             82             51             23            102            114             23             23            102             33             55             74             29             42             37             87             58             62            105             91             88            101             15             33             78             21             52            106             94             15             65             37             37             65             37             23             74             61             55            104             88             23             80             23             73             51             55            116            100             91             74             31             46             42             41             11             87             82             37             62             72             65             29             82             33             15             55            108
                 120             55            114             72             37            124             72            104             92             15            108             73             33            129            110             80            112             84             71             92            122             31            123             87            152             81             68             82             23             86            122             72             65             78             97             92             92             60            124            116             11            100             97             68            122             96             58             82            100            122             46            108             41            105             82             51            126            102             94             65             92             23             29             31            114             61             62            119            106             55             23            132            138            144             94            122             37            112            112            126             94            104
                 122             61            119             74            116            124             31            114             52            100             21             42             65             42             15             33            102             31             52             91            101             72             68            116             72             87             52             97             97             23             41             42             37             23             23             82            100             37             94             42            105             15             65            112            116             43             42             46             58             33             62             33             65             11             78            112             88             11             29             41             42            109            106             84             60             82             72             55             72             43             78             78             61             62             15            108             60            110             94            132             33             80             96
                 124             23             65             21             80             72             29             60             94             73             51             15             61             65             62             23             51             72             82             37             55             71             46             62             80             33             11             42             65             33             55             73             60             58             73             29             46             46             52             46             82             68             21             62             65             23             33             11             23             62             33             42             72             65             23             68             51             52             31             23             86             80             72             51             37             33             23             43             31             55             55             55             65             73             42             60             51             58             46             80             80             33             78             55
                 125             42            106             61             42            116             58             97             82             21             94             60             21            115             96             65            102             72             62             82            112             23            109             82            138             72             55             74             23             72            108             61             52             65             84             81             84             46            112            102             23             87             84             65            114             82             43             68             87            108             33             94             33             91             71             51            114             88             80             51             81             31             33             23            100             52             51            105             94             42             11            119            124            130             80            112             23            104            102            119             82             92             15             82             65
                 126             37             42             21             55             52             65             33            124             61             92             52             73            104            102             62             42            105            108             23             55             82             73             23            114             15             42             11             51             72             94            102             88             91            109             29             21             73             60             84             71            106             46             23             51             62             60             51             55            102             43             82             88            104             23             37             65             92             71             55            119             62             52             42             68             15             23             78             51             80             55             80            100            109             82             52             65             41             46             55            114             43             72             94             41             65
                 127             11             65             15             65             73             33             58             94             60             62             21             52             78             71             31             55             73             80             37             62             62             60             55             94             29             11             37             51             41             68             72             58             60             78             33             43             43             61             60             68             74             33             51             68             37             29             23             37             74             21             55             65             72             23             55             62             61             42             23             88             65             58             37             51             21             11             58             42             51             42             68             80             88             51             65             42             60             52             80             82             41             65             62             15             52             33
                 128             82             82             72            137             81             72             84            126            132             55             65            116             43             68             62             62            104            122             68             51            126             15            100             31             73             68             82            124             61             37            112            102             92             97             60             78             92             41             33            141             87             43            110             71             42             84             55             37             51             91             42            124             78             65            122             31             65             51             74            116            138            130            110             23             86             80             21             37            102            114             11             23             33             62             61            106             72             52             92            106             46            136             74             60            123             88             73
                 129             29             46             11             60             55             55             37            116             62             81             42             68             94             92             52             41             96            101             21             52             78             65             33            105             11             33             15             52             62             84             94             80             82            100             23             23             65             55             74             72             97             37             33             52             52             51             41             46             92             37             72             82             94             15             43             60             82             61             46            110             65             55             41             60             11             15             68             43             72             52             72             91            100             72             51             60             42             42             60            105             37             71             84             31             62             11             23             80
                 130             65            138             88             94            146             52            130             31             72             74             65             33             97             68             62            127             29             11            110            132             31            112            122            126            102             68            108             74             61             94             15             21             33             43            105            116             33            129             92             71             51             97            110            141             82             46             74             94             87             58             82             21             60             96            100            126             65             71             55             33             82             84             68            102             86             80            102            106             23             55            122            114            116             62            136             37            132            123            152             37            109             61             55             78             52            101             73            122             94
                 131             51             62             46             31             72             81             52            132             46            114             72             73            129            122             82             68            116            114             51             82             80            102             31            141             43             62             37             37             92            119            109             97            104            124             58             46             84             88            109             55            122             73             11             74             87             72             74             82            126             52            106             88            122             51             11             94            112             94             71            129             42             33             37             96             33             42            105             80             87             51            108            127            136            102             78             68             65             73             71            126             72             60            112             65             58             29             52            116             37            105
                 132             46             81             51             15             92             74             71            116             23            109             68             55            127            116             78             84            102             97             65             97             60            108             52            144             55             60             52             15             87            119             94             82             92            112             68             62             71            100            110             33            112             80             33             92             88             62             73             86            123             42            105             68            114             60             15            105            106             91             65            114             21             11             21            101             37             43            108             88             72             33            116            130            138             97             94             52             82             87             92            112             82             37            104             65             37             42             51            122             46             87             23
                 133             52            116             68            104            122             23            110             46             87             33             37             51             55             29             29            101             23             41             88            102             58             74            109             84             82             46             91             84             23             52             31             23             11             23             80             96             23             96             51             91             21             65            104            115             46             31             43             60             46             51             41             51             23             73            102             91             23             33             33             37             97             94             72             65             74             65             62             73             29             65             84             72             74             21            108             46            108             94            130             29             80             82             15             51             68             87             55             82             78             42            102             92
