    #        ngroups         ntours         nspots
                   5              5             16

    #        spot_id         n_name         length              a              b
                  10        Spot_10            120              0           1440
                  23        Spot_23            210              0           1440
                  27        Spot_27             90              0           1440
                  35        Spot_35            150              0           1440
                  59        Spot_59            180              0           1440
                  66        Spot_66            120              0           1440
                  69        Spot_69            120              0           1440
                  85        Spot_85             90              0           1440
                  86        Spot_86            180              0           1440
                 101       Spot_101             60              0           1440
                 109       Spot_109            120              0           1440
                 123       Spot_123            210              0           1440
                 126      Hotel_126              0              0           1440
                 127      Hotel_127              0              0           1440
                 128      Hotel_128              0              0           1440
                 133      Hotel_133              0              0           1440

    #          tr_id        tr_name          nspot            seq
                  72        Tour_72              3             66             27            123
                  20        Tour_20              2             35             86
                  34        Tour_34              2            101             10
                  92        Tour_92              2             23             85
                  65        Tour_65              3             59            109             69

    #          gr_id        gr_size          tr_id         origin
                   0              9             72            133
                   1              2             20            133
                   2              2             34            127
                   3              5             92            128
                   4              8             65            126

    #            o/d             10             23             27             35             59             66             69             85             86            101            109            123            126            127            128            133
                  23             33
                  27             71             87
                  35             92             61            122
                  59             55             62             29             94
                  66             65             72             23            101             11
                  69             94             82             72             74             52             51
                  85             88             73             74             65             51             52             11
                  86            152            137            124            106            109            106             60             65
                 101             84             52            122             15             94            102             82             72            119
                 109             23             11             84             71             61             71             88             80            144             62
                 123             41             15             82             52             55             65             68             60            122             46             23
                 126             37             42             46             82             21             31             60             55            119             80             41             37
                 127             65             55             60             65             33             37             29             23             88             68             60             42             33
                 128             94             62            129             11            101            108             84             74            116             11             72             55             88             73
                 133            119            101            102             72             82             81             31             33             37             84            108             86             87             55             82
