    #        ngroups         ntours         nspots
                   5              5             16

    #        spot_id         n_name         length              a              b
                  13        Spot_13            120              0           1440
                  15        Spot_15            210              0           1440
                  34        Spot_34            120              0           1440
                  43        Spot_43            210              0           1440
                  51        Spot_51             60              0           1440
                  53        Spot_53            150              0           1440
                  67        Spot_67             60              0           1440
                  72        Spot_72             60              0           1440
                 106       Spot_106            180              0           1440
                 117       Spot_117             60              0           1440
                 119       Spot_119            120              0           1440
                 126      Hotel_126              0              0           1440
                 129      Hotel_129              0              0           1440
                 130      Hotel_130              0              0           1440
                 132      Hotel_132              0              0           1440
                 133      Hotel_133              0              0           1440

    #          tr_id        tr_name          nspot            seq
                  27        Tour_27              3             43             51             67
                  62        Tour_62              2             15            119
                  59        Tour_59              3            119             34             72
                  56        Tour_56              2            117             13
                  68        Tour_68              2            106             53

    #          gr_id        gr_size          tr_id         origin
                   0              2             27            126
                   1              7             62            132
                   2              4             59            129
                   3              7             56            133
                   4              1             68            130

    #            o/d             13             15             34             43             51             53             67             72            106            117            119            126            129            130            132            133
                  15             68
                  34             91             74
                  43             23             88             94
                  51             80             81             23             78
                  53             87            116             65             73             43
                  67            102            112             46             94             31             31
                  72             58            124            122             37            102             82            109
                 106             29             96            104             11             87             80            102             29
                 117            115            114             41            110             37             51             21            129            119
                 119             68             97             55             58             33             21             37             74             65             55
                 126             68             61             23             72             21             60             51            102             82             55             43
                 129             60             62             33             62             23             55             52             92             72             60             37             11
                 130             42             72            122             61            116            129            141             87             62            152            109            101             94
                 132             72             23             52             87             62            100             92            123             97             92             82             42             46             87
                 133             21             87            109             23             96             96            115             46             21            130             80             87             78             42             92
