    #        ngroups         ntours         nspots
                   5              5             15

    #        spot_id         n_name         length              a              b
                   7         Spot_7             60              0           1440
                  11        Spot_11            180              0           1440
                  47        Spot_47            120              0           1440
                  48        Spot_48            150              0           1440
                  53        Spot_53            150              0           1440
                  56        Spot_56            180              0           1440
                  59        Spot_59            180              0           1440
                  69        Spot_69            120              0           1440
                 107       Spot_107            120              0           1440
                 108       Spot_108             90              0           1440
                 109       Spot_109            120              0           1440
                 125      Hotel_125              0              0           1440
                 126      Hotel_126              0              0           1440
                 128      Hotel_128              0              0           1440
                 133      Hotel_133              0              0           1440

    #          tr_id        tr_name          nspot            seq
                  65        Tour_65              3             59            109             69
                  37        Tour_37              2            108            107
                  18        Tour_18              2             11             47
                  47        Tour_47              1             56
                  98        Tour_98              3              7             53             48

    #          gr_id        gr_size          tr_id         origin
                   0              3             65            128
                   1              7             37            125
                   2              3             18            126
                   3              2             47            133
                   4              1             98            128

    #            o/d              7             11             47             48             53             56             59             69            107            108            109            125            126            128            133
                  11             65
                  47             33             37
                  48             29             37             15
                  53             78            141            109            105
                  56             71            123             87             94             82
                  59             61            114             78             84             78             11
                  69             15             65             29             33             84             62             52
                 107             88            152            119            116             21             74             72             91
                 108             37             65             31             42            102             60             51             23            106
                 109             86            151            116            115             33             62             61             88             15            100
                 125             58             82             52             65            112             51             46             43            112             23            104
                 126             65            124             88             91             60             23             21             60             52             65             41             65
                 128             72            126            102             92             41            108            101             84             61            106             72            123             88
                 133             23             46             23             11             96             92             82             31            108             46            108             68             87             82
