    #        ngroups         ntours         nspots
                  50             50             88

    #        spot_id         n_name         length              a              b
                   4         Spot_4            150              0           1440
                   5         Spot_5             90              0           1440
                   7         Spot_7             60              0           1440
                   8         Spot_8            120              0           1440
                   9         Spot_9            150              0           1440
                  10        Spot_10            120              0           1440
                  11        Spot_11            180              0           1440
                  14        Spot_14            120              0           1440
                  15        Spot_15            210              0           1440
                  17        Spot_17             90              0           1440
                  21        Spot_21            180              0           1440
                  22        Spot_22            150              0           1440
                  23        Spot_23            210              0           1440
                  24        Spot_24            210              0           1440
                  27        Spot_27             90              0           1440
                  28        Spot_28            180              0           1440
                  29        Spot_29             60              0           1440
                  30        Spot_30             60              0           1440
                  32        Spot_32            150              0           1440
                  34        Spot_34            120              0           1440
                  35        Spot_35            150              0           1440
                  36        Spot_36            120              0           1440
                  39        Spot_39             90              0           1440
                  40        Spot_40             60              0           1440
                  42        Spot_42             60              0           1440
                  43        Spot_43            210              0           1440
                  46        Spot_46             60              0           1440
                  47        Spot_47            120              0           1440
                  48        Spot_48            150              0           1440
                  49        Spot_49             60              0           1440
                  50        Spot_50            210              0           1440
                  51        Spot_51             60              0           1440
                  52        Spot_52             90              0           1440
                  53        Spot_53            150              0           1440
                  54        Spot_54            180              0           1440
                  55        Spot_55             60              0           1440
                  56        Spot_56            180              0           1440
                  58        Spot_58            180              0           1440
                  59        Spot_59            180              0           1440
                  60        Spot_60             90              0           1440
                  61        Spot_61            210              0           1440
                  62        Spot_62            150              0           1440
                  66        Spot_66            120              0           1440
                  68        Spot_68            210              0           1440
                  69        Spot_69            120              0           1440
                  71        Spot_71            180              0           1440
                  77        Spot_77            150              0           1440
                  79        Spot_79             60              0           1440
                  80        Spot_80            210              0           1440
                  81        Spot_81             60              0           1440
                  82        Spot_82            150              0           1440
                  84        Spot_84            210              0           1440
                  85        Spot_85             90              0           1440
                  86        Spot_86            180              0           1440
                  87        Spot_87             60              0           1440
                  88        Spot_88            210              0           1440
                  91        Spot_91            210              0           1440
                  97        Spot_97             60              0           1440
                 100       Spot_100             90              0           1440
                 101       Spot_101             60              0           1440
                 102       Spot_102            150              0           1440
                 103       Spot_103            120              0           1440
                 104       Spot_104            210              0           1440
                 106       Spot_106            180              0           1440
                 107       Spot_107            120              0           1440
                 108       Spot_108             90              0           1440
                 109       Spot_109            120              0           1440
                 110       Spot_110            180              0           1440
                 111       Spot_111            180              0           1440
                 112       Spot_112            210              0           1440
                 113       Spot_113            210              0           1440
                 115       Spot_115            210              0           1440
                 116       Spot_116            150              0           1440
                 117       Spot_117             60              0           1440
                 118       Spot_118            210              0           1440
                 119       Spot_119            120              0           1440
                 122       Spot_122             60              0           1440
                 123       Spot_123            210              0           1440
                 124      Hotel_124              0              0           1440
                 125      Hotel_125              0              0           1440
                 126      Hotel_126              0              0           1440
                 127      Hotel_127              0              0           1440
                 128      Hotel_128              0              0           1440
                 129      Hotel_129              0              0           1440
                 130      Hotel_130              0              0           1440
                 131      Hotel_131              0              0           1440
                 132      Hotel_132              0              0           1440
                 133      Hotel_133              0              0           1440

    #          tr_id        tr_name          nspot            seq
                  72        Tour_72              3             66             27            123
                  20        Tour_20              2             35             86
                  34        Tour_34              2            101             10
                  92        Tour_92              2             23             85
                  65        Tour_65              3             59            109             69
                  29        Tour_29              3             17            111            110
                  40        Tour_40              3             79             49              5
                  41        Tour_41              2             80             32
                  18        Tour_18              2             11             47
                  16        Tour_16              3             62             24             79
                  86        Tour_86              1             91
                  14        Tour_14              2             88             85
                  88        Tour_88              3             39             36             77
                  37        Tour_37              2            108            107
                  31        Tour_31              3             86              4              7
                  11        Tour_11              3             52             66             55
                  39        Tour_39              2             77             60
                  91        Tour_91              2            104             22
                  13        Tour_13              3             97             21            117
                  43        Tour_43              2             14             35
                  47        Tour_47              1             56
                  73        Tour_73              2             46            113
                  80        Tour_80              2            101              5
                  35        Tour_35              3             61            116            122
                  62        Tour_62              2             15            119
                  12        Tour_12              2             50             53
                   9         Tour_9              3              7             43             32
                  81        Tour_81              2            118             71
                  55        Tour_55              3             47             46            103
                  66        Tour_66              3             68             87             47
                  54        Tour_54              3             69            100             82
                   2         Tour_2              3             84             30              8
                  50        Tour_50              3            116             40             87
                  57        Tour_57              2             46            115
                   8         Tour_8              2              9             79
                  25        Tour_25              2             58             21
                  98        Tour_98              3              7             53             48
                  58        Tour_58              3             87             27             54
                   0         Tour_0              1             84
                  15        Tour_15              2             53             32
                  93        Tour_93              2            112             28
                  78        Tour_78              2            102              8
                  61        Tour_61              2             34             48
                  17        Tour_17              3             34            108             49
                  84        Tour_84              3             49             69             47
                  48        Tour_48              3            122             86             42
                  42        Tour_42              2            118             51
                  38        Tour_38              3             81             28             29
                  63        Tour_63              3             68             10              8
                  68        Tour_68              2            106             53

    #          gr_id        gr_size          tr_id         origin
                   0              9             72            129
                   1              1             20            132
                   2              5             34            127
                   3              5             92            128
                   4              4             65            124
                   5              4             29            124
                   6              5             40            124
                   7              8             41            131
                   8              2             18            130
                   9              6             16            132
                  10              3             86            131
                  11              5             14            126
                  12              9             88            128
                  13              9             37            127
                  14              4             31            133
                  15              3             11            127
                  16              2             39            125
                  17              9             91            133
                  18              8             13            130
                  19              7             43            129
                  20              1             47            129
                  21              4             73            125
                  22              8             80            128
                  23              6             35            133
                  24              5             62            128
                  25              7             12            126
                  26              6              9            124
                  27              3             81            126
                  28              4             55            125
                  29              7             66            125
                  30              7             54            127
                  31              6              2            132
                  32              2             50            128
                  33              9             57            129
                  34              3              8            133
                  35              5             25            133
                  36              4             98            129
                  37              7             58            132
                  38              5              0            125
                  39              9             15            132
                  40              8             93            126
                  41              4             78            132
                  42              5             61            126
                  43              7             17            126
                  44              9             84            130
                  45              3             48            125
                  46              9             42            130
                  47              1             38            131
                  48              3             63            131
                  49              2             68            127

    #            o/d              4              5              7              8              9             10             11             14             15             17             21             22             23             24             27             28             29             30             32             34             35             36             39             40             42             43             46             47             48             49             50             51             52             53             54             55             56             58             59             60             61             62             66             68             69             71             77             79             80             81             82             84             85             86             87             88             91             97            100            101            102            103            104            106            107            108            109            110            111            112            113            115            116            117            118            119            122            123            124            125            126            127            128            129            130            131            132            133
                   5            132
                   7             46             87
                   8            116             82             88
                   9             33            110             33             84
                  10            126             81             96             11             94
                  11             71            124             65            151             87            159
                  14             21            114             29             97             15            106             74
                  15            119             23             73             92            101             94            102            102
                  17            132             23             88            102            115            102            112            116             15
                  21             11            129             42            119             37            129             61             23            114            127
                  22             42             91             11             82             23             91             73             23             80             94             41
                  23            100             97             80             23             68             33            144             82            102            114            105             72
                  24             46            108             41             72             15             82            100             29            102            116             51             31             55
                  27            129             11             84             72            105             71            126            109             29             33            126             87             87            102
                  28             74            104             55            137             82            144             21             71             82             92             65             65            132             94            106
                  29             94             78             65             23             62             33            129             74             82             94             97             60             21             51             68            116
                  30             96            109             82             37             65             46            146             80            114            126            102             73             15             51            100            136             33
                  32             94             65             55            114             87            119             61             82             42             51             86             65            116             94             68             41             97            124
                  34            122             61             87             23             92             21            146            102             74             82            124             84             43             82             51            130             33             58            102
                  35             51            129             62             82             31             92            116             42            124            138             60             52             61             23            122            112             65             52            116             97
                  36             51            159             82            114             51            124            122             55            151            165             61             73             92             51            152            124             97             81            136            129             33
                  39             62             73             23             65             37             73             86             42             65             80             61             21             60             37             68             73             43             65             61             65             60             86
                  40            102             65             68             23             71             29            130             82             71             82            104             65             33             62             55            115             15             46             91             21             78            109             46
                  42            114             21             68             82             94             84            104             96             11             23            109             73             92             94             23             84             72            104             46             65            116            144             58             61
                  43             33            100             15             91             21            100             68             15             88            102             31             11             80             33             97             62             68             80             68             94             51             68             31             74             82
                  46             84             51             41             60             60             65             96             65             46             60             82             42             62             58             46             80             42             71             55             51             80            108             23             37             37             52
                  47             60             92             33            115             61            122             37             52             72             84             51             42            110             72             92             23             94            114             37            110             92            106             51             94             71             41             60
                  48             46            102             29            116             52            124             37             41             84             97             37             37            108             65            102             31             94            110             51            114             82             94             51             96             82             33             65             15
                  49             41            122             46            132             60            141             31             46            104            116             31             51            122             73            122             37            110            122             68            132             87             92             68            114            102             43             84             33             21
                  50             84             82             58             33             52             42            122             65             84             97             87             51             23             41             73            110             11             31             94             42             55             87             37             23             74             60             41             88             86            102
                  51            104             74             73             15             72             23            137             84             81             92            106             68             23             61             65            122             11             37            100             23             74            106             51             11             71             78             46            101            102            119             21
                  52             58             82             21            101             52            108             51             46             65             78             51             31             96             61             81             37             80            100             37             96             82            100             37             80             62             33             46             15             21             41             73             86
                  53             88            114             78             46             58             55            141             72            116            129             94             68             23             43            105            132             37             11            122             65             42             71             62             51            106             73             72            109            105            116             33             43             97
                  54             33            114             33            119             46            127             42             33             97            109             23             37            108             60            112             42             96            108             65            119             74             82             55            100             94             29             72             29             15             15             88            105             33            102
                  55            122             51             84             33             92             31            141            102             65             72            122             82             51             84             41            124             37             65             94             11            100            132             62             23             55             92             46            105            109            129             46             29             91             72            116
                  56            114             33             71             51             87             52            123             94             42             51            112             72             65             82             23            105             46             78             72             33            102            132             52             33             33             82             31             87             94            114             51             42             74             82            102             23
                  58            124             29             80            102            108            104            102            108             11             11            119             86            112            110             37             81             92            124             41             84            132            159             73             81             21             94             55             74             87            106             94             92             68            126            100             74             52
                  59            104             37             61             52             78             55            114             84             41             52            102             62             62             73             29             96             42             74             65             37             94            124             42             31             31             72             21             78             84            104             46             41             65             78             92             29             11             51
                  60            112             62             78             21             81             23            138             92             72             81            114             74             37             72             52            122             23             51             96             11             87            119             55             11             62             84             43            102            105            123             33             15             88             58            109             15             31             82             33
                  61            112             42             72             41             84             42            127             92             52             61            112             71             55             78             33            110             37             68             80             23             96            127             51             23             42             81             33             91             97            116             43             33             78             73            104             15             11             62             15             21
                  62             97             37             52             65             73             68            100             78             33             46             94             55             71             72             33             82             51             82             51             51             94            122             37             42             23             65             15             65             72             92             52             52             52             84             81             43             23             42             15             46             29
                  66            106             29             62             62             82             65            109             87             31             42            104             65             72             80             23             91             52             84             58             46            101            130             46             41             21             74             23             74             82            102             55             51             62             87             92             37             15             41             11             42             23             11
                  68             42            102             31             74             11             84             91             23             94            108             46             21             60             11             96             84             52             58             84             81             33             58             29             61             86             23             51             62             55             65             42             62             51             51             51             82             78            102             68             71             74             65             73
                  69             60             74             15             86             46             94             65             43             60             73             55             23             82             52             72             51             65             87             42             82             74             96             23             65             55             29             33             29             33             52             60             72             15             84             41             78             62             65             52             73             65             41             51             42
                  71             55            101             42             62             23             72            105             37             96            110             60             33             46             11             94             97             41             43             92             72             29             60             33             52             88             37             51             74             68             80             31             51             62             37             65             74             73            105             65             62             68             65             72             15             51
                  77             21            126             41            123             43            132             51             29            109            123             11             42            110             58            124             55            100            108             80            126             68             71             62            106            106             33             81             43             29             21             91            109             46            101             15            124            112            114            102            116            112             92            102             51             52             65
                  79            126             21             82             62            100             61            129            106             37             42            124             84             78             96             11            109             60             91             73             41            116            146             65             46             29             94             42             94            102            122             65             55             82             96            112             31             15             46             23             42             23             31             21             91             71             88            122
                  80             42            112             37            124             55            132             33             42             94            106             33             43            115             68            112             33            102            116             60            123             84             92             60            105             92             37             74             23             11             11             94            110             31            110             11            119            104             97             94            114            106             82             92             60             42             73             23            112
                  81             80            119             74             55             51             65            136             65            119            132             86             65             33             37            110            129             43             21            122             73             33             61             61             58            109             68             74            106            100            110             37             51             94             11             96             80             88            129             82             65             80             87             91             46             82             33             94            102            105
                  82             65            116             62             62             37             72            123             51            114            127             72             52             41             23            108            116             46             33            112             78             21             52             52             60            105             55             68             94             87             96             37             55             82             23             82             82             86            123             80             68             80             82             88             33             71             21             80            101             91             15
                  84             31            105             23             87             11             97             78             11             94            108             33             15             73             23            100             72             65             72             78             92             41             60             33             72             88             11             55             51             42             51             55             74             42             65             37             92             84            101             74             82             82             68             78             15             37             29             37             97             46             60             46
                  85             55             78             11             80             37             88             72             37             65             80             52             15             73             42             74             60             58             78             52             78             65             88             15             60             60             23             31             37             37             55             51             65             23             74             42             74             61             72             51             68             62             42             52             33             11             41             51             72             46             72             61             29
                  86             61            122             58            144             78            152             11             65            102            112             51             65            137             91            124             23            122            138             62            141            106            112             80            124            102             60             91             33             29             21            115            130             46            132             33            136            119            102            109            132            123             97            106             82             60             96             41            126             23            127            114             68             65
                  87            127             15             82             92            108             92            112            110             11             11            123             88            104            108             23             92             84            116             52             72            130            158             72             72             15             96             51             82             94            114             87             82             74            119            106             62             41             15             42             71             51             37             33            101             68            102            119             33            104            123            119            102             73            112
                  88            123             11             78             81            102             82            114            105             15             21            119             82             94            101             15             94             74            106             55             62            122            151             65             62             11             91             43             81             92            112             78             72             72            109            104             52             31             23             33             61             41             29             23             94             65             94            116             23            102            114            110             96             68            112             11
                  91             51            115             51             71             23             81            109             37            110            124             58             41             52             11            108            104             52             46            104             84             15             46             46             65            102             42             65             82             74             82             42             62             71             37             68             87             88            119             80             74             82             80             86             21             62             15             65            102             78             29             15             33             52            100            116            108
                  97             68            102             55             51             37             61            119             51            100            114             73             46             33             23             94            109             33             29            102             65             33             65             41             46             91             51             55             87             82             94             23             42             74             23             80             68             72            109             65             55             65             68             73             29             62             15             80             86             88             21             15             43             52            110            105             96             21
                 100             96             41             51             87             80             91             84             80             23             37             91             58             92             82             42             65             72            102             29             73            105            130             46             65             21             65             31             51             62             82             71             74             42            102             74             65             43             29             37             68             51             23             29             73             37             78             87             46             72            104             97             72             43             82             33             31             91             84
                 101             65            130             71             74             42             84            129             55            127            141             73             61             52             31            122            124             60             41            124             91             15             41             65             73            119             62             82            102             94            100             51             68             92             31             87             96            101            136             94             82             94             96            102             41             82             33             82            115             97             21             15             52             72            119            132            124             21             29            109
                 102             82             84             51            124             82            130             41             74             62             71             73             61            123             92             87             21            105            129             21            115            112            129             65            102             65             62             65             23             37             51            100            110             31            126             51            108             88             61             80            108             94             65             73             81             42             92             65             91             43            124            112             72             52             42             72             74            102            104             46            122
                 103             65             68             21             72             43             80             80             46             58             72             62             23             68             46             65             65             51             74             51             68             68             94             11             51             51             33             21             43             46             65             46             58             29             72             52             65             51             65             41             60             52             33             42             37             15             42             61             62             55             71             62             37             11             73             65             60             55             51             37             74             55
                 104             42            144             68            102             37            112            112             42            137            151             52             60             81             37            138            112             84             72            123            116             21             15             72             97            129             55             94             94             82             82             74             94             87             62             71            119            119            144            110            106            114            108            116             43             82             46             62            132             81             52             41             46             73            102            144            137             33             52            116             33            116             80
                 106             23            109             23            100             23            109             65             11             96            110             21             21             88             37            106             61             78             86             73            104             52             65             41             84             91             11             62             42             31             37             68             87             37             80             23            102             92            102             82             94             92             74             84             29             37             43             23            104             33             73             60             15             33             55            105            100             46             58             73             65             65             42             52
                 107            105            106             88             29             73             37            152             88            112            124            110             80             11             60             97            141             31             11            126             51             62             92             68             42            102             86             72            119            116            129             33             33            105             21            115             60             74            122             72             46             65             81             82             65             91             51            116             87            122             31             42             80             82            144            114            104             55             37            102             51            132             78             82             94
                 108             80             61             37             96             68            102             65             65             42             55             73             46             97             74             62             46             78            104             21             86             97            119             41             73             41             51             37             31             42             62             74             82             23            102             55             80             60             46             51             80             65             37             46             65             23             72             68             65             52            102             92             60             33             62             52             51             84             81             21            104             29             31            105             58            106
                 109            109             94             86             15             78             23            151             91            102            112            114             80             11             65             84            138             23             23            119             37             71            102             65             31             92             88             65            116            115            130             29             21            102             33            116             46             62            112             61             33             52             72             71             68             88             55            119             74            122             42             51             82             80            144            102             92             62             42             94             62            127             73             92             96             15            100
                 110             37            130             55             92             23            102            104             31            122            137             46             46             72             23            124            102             72             65            109            104             15             29             58             84            115             42             80             82             71             74             62             82             74             55             62            106            105            130             96             94            100             94            102             29             68             33             55            119             72             46             33             33             60             94            129            122             21             41            102             29            104             65             15             41             74             91             82
                 111             41             96             21             78             15             87             82             21             86            101             42             11             65             21             91             74             55             65             74             82             42             65             23             62             80             15             46             52             46             58             46             65             41             60             43             81             74             94             65             72             72             60             68             11             33             23             46             87             51             55             42             11             23             73             94             88             31             37             65             51             71             29             51             23             72             55             73             37
                 112             46            137             65             92             33            102            114             41            130            144             55             55             71             29            130            112             74             62            119            106             11             23             65             87            122             52             86             92             81             84             65             84             84             52             72            109            110            138            102             97            105            101            108             37             78             37             65            124             82             42             31             42             68            104            137            129             23             42            110             23            114             73             11             51             72            100             81             11             46
                 113            105             31             60             84             86             87             94             88             15             29            100             65             92             88             33             74             71            102             37             68            110            137             51             62             11             73             33             61             72             92             72             72             52            104             84             60             37             23             33             65             46             21             23             80             46             82             97             37             82            106            100             80             51             92             23             21             96             87             11            114             55             43            122             82            102             31             92            108             72            116
                 115            124             71             91             15             92             11            152            104             84             92            126             87             37             81             61            137             31             51            110             11             94            126             68             23             74             97             58            116            119            136             41             21            102             60            123             21             42             94             46             15             33             60             55             82             88             71            129             51            127             68             74             94             82            146             82             72             82             62             82             87            122             73            114            106             43             94             29            102             84            104             78
                 116             68             65             23             80             51             86             73             51             51             65             65             29             78             55             62             58             60             84             41             73             78            102             21             58             46             37             23             37             42             62             55             65             23             82             51             68             52             58             42             65             55             31             41             46             11             52             62             61             52             81             72             43             15             68             60             55             65             61             29             84             46             11             88             46             87             21             82             73             37             82             37             80
                 117            132            102            108             23            100             21            172            114            114            122            136            102             33             87             92            159             43             41            136             41             92            122             86             46            104            110             82            137            137            152             51             37            122             51            138             51             72            124             74             42             62             87             84             91            108             78            141             81            144             61             72            105            101            165            112            102             84             65            109             81            146             94            112            119             31            119             23            104             96            102            106             31            102
                 118             51            122             51            138             68            146             21             55            102            114             41             58            129             82            122             29            116            130             65            136             97            102             73            119            102             51             87             31             23             11            108            124             42            124             23            132            116            104            106            127            119             94            104             73             55             88             31            124             15            119            105             60             60             11            112            112             91            102             81            109             46             68             92             46            137             61            137             84             65             94             92            141             65            159
                 119             78             96             60             41             46             51            124             60             97            109             82             51             23             33             88            114             23             23            102             55             42             74             42             37             87             58             52             91             88            101             15             33             78             21             86             60             65            106             60             46             58             65             68             37             65             23             88             80             94             23             23             51             55            116            100             91             31             11             82             37            106             52             62             65             29             82             33             51             43             52             84             52             62             55            108
                 122             23            116             31            114             37            123             52             23            100            114             15             33            102             51            114             52             91            101             72            116             65             72             52             97             97             23             71             37             23             23             82            100             37             94             11            114            102            105             92            106            102             82             92             43             42             58             11            112             21             88             73             29             41             42            109            106             60             72             78             78             60             51             61             15            108             60            110             52             37             62             87            119             52            132             33             80
                 123             87             91             65             31             55             41            130             68             94            106             91             58             15             42             82            119             15             21            104             46             52             84             46             29             84             65             51             96             94            108             11             23             82             23             94             51             60            104             55             37             51             62             65             46             68             33             96             73            101             29             33             60             60            122             97             87             41             21             81             46            109             55             72             73             23             84             23             61             51             62             82             42             65             46            115             11             88
                 124             61             80             29             60             33             68             94             41             73             88             62             23             51             29             73             82             37             55             71             62             51             80             11             42             65             33             29             60             58             73             29             46             46             52             60             61             55             82             46             52             52             43             51             23             33             23             65             68             65             51             42             31             23             86             80             72             37             31             55             55             74             21             65             42             60             51             58             51             21             58             60             65             31             80             80             33             55             37
                 125            102             42             58             97             88            100             82             86             21             33             96             65            102             91             46             62             82            112             23             82            114            138             55             74             23             72             41             52             65             84             81             84             46            112             78             73             51             23             46             78             60             33             37             82             43             87             91             51             74            114            106             80             51             81             31             33            100             94             11            119             42             46            124             80            112             23            104            110             73            119             15             91             37            119             82             92             82             92             65
                 126            102             55             65             33             72             37            124             81             61             72            102             62             42             65             46            108             23             55             82             23             82            114             42             11             51             72             29             88             91            109             29             21             73             60             97             21             23             71             21             15             15             33             31             62             60             55            104             37            100             65             65             71             55            119             62             52             68             51             55             80             94             46            100             82             52             65             41             87             61             91             52             29             51             55            114             43             94             37             41             65
                 127             72             65             33             58             46             65             94             52             60             73             71             31             55             43             60             80             37             62             62             55             65             94             11             37             51             41             15             58             60             78             33             43             43             61             65             52             42             68             33             46             41             29             37             37             29             37             72             55             68             62             55             42             23             88             65             58             51             42             42             68             68             15             80             51             65             42             60             65             33             72             46             60             23             80             82             41             62             42             15             52             33
                 128             60            137             72             84             41             94            126             52            132            146             68             62             62             33            129            122             68             51            126            100             11             31             68             82            124             61             88            102             92             97             60             78             92             41             84            105            108            141            101             91            102            102            108             42             84             37             78            122             94             31             23             51             74            116            138            130             23             37            114             11            122             78             23             62             61            106             72             23             52             15            119             97             87             92            106             46             74             55             60            123             88             73
                 129             92             60             55             37             62             43            116             71             62             74             92             52             41             55             51            101             21             52             78             33             73            105             33             15             52             62             23             80             82            100             23             23             65             55             87             31             29             72             23             23             23             31             33             52             51             46             94             43             91             60             58             61             46            110             65             55             60             43             52             72             88             37             91             72             51             60             42             78             51             82             51             37             43             60            105             37             84             33             31             62             11             23             80
                 130             78             94             52            130             81            137             31             72             72             81             68             62            127             92             97             11            110            132             31            122            112            126             68            108             74             61             72             21             33             43            105            116             33            129             46            116             96             71             88            115            102             73             82             82             46             94             60            100             37            126            114             71             55             33             82             84            102            106             55            122             11             60            114             62            136             37            132            102             72            112             65            129             51            152             37            109             55            114             78             52            101             73            122             94
                 131            124             31             81             52             97             51            132            104             46             52            122             82             68             91             21            114             51             82             80             31            110            141             62             37             37             92             41             97            104            124             58             46             84             88            112             21             11             55             21             33             15             33             23             87             72             82            122             11            114             94             94             94             71            129             42             33             96             80             51            108             96             61            127            102             78             68             65            114             84            119             43             41             62             71            126             72            112             65             65             58             29             52            116             37            105
                 132            119             15             74             71             96             72            116            100             23             31            116             78             84             94             11             97             65             97             60             52            115            144             60             52             15             87             37             82             92            112             68             62             71            100            102             42             21             33             23             51             31             23             15             88             62             86            114             15            102            105            102             91             65            114             21             11            101             88             33            116             78             55            130             97             94             52             82            116             82            122             23             62             52             92            112             82            104             78             65             37             42             51            122             46             87             23
                 133             37            104             23            110             42            119             46             31             87            100             29             29            101             55            102             41             88            102             58            109             72             84             46             91             84             23             62             23             11             23             80             96             23             96             11            106             92             91             82            100             94             71             81             46             31             60             23            102             15             91             78             33             33             37             97             94             65             73             65             84             46             42             72             21            108             46            108             61             37             71             74            114             41            130             29             80             15             86             51             68             87             55             82             78             42            102             92
