    #        ngroups         ntours         nspots
                  10              3             14

    #        spot_id         n_name         length              a              b
                  11        Spot_11            180              0           1440
                  47        Spot_47            120              0           1440
                  59        Spot_59            180              0           1440
                  69        Spot_69            120              0           1440
                 107       Spot_107            120              0           1440
                 108       Spot_108             90              0           1440
                 109       Spot_109            120              0           1440
                 124      Hotel_124              0              0           1440
                 125      Hotel_125              0              0           1440
                 126      Hotel_126              0              0           1440
                 127      Hotel_127              0              0           1440
                 128      Hotel_128              0              0           1440
                 132      Hotel_132              0              0           1440
                 133      Hotel_133              0              0           1440

    #          tr_id        tr_name          nspot            seq
                  65        Tour_65              3             59            109             69
                  37        Tour_37              2            108            107
                  18        Tour_18              2             11             47

    #          gr_id        gr_size          tr_id         origin
                   0              3             65            128
                   1              7             37            125
                   2              1             18            126
                   3              6             65            133
                   4              9             37            128
                   5              8             37            127
                   6              4             18            127
                   7              4             37            124
                   8              8             65            132
                   9              2             18            124

    #            o/d             11             47             59             69            107            108            109            124            125            126            127            128            132            133
                  47             37
                  59            114             78
                  69             65             29             52
                 107            152            119             72             91
                 108             65             31             51             23            106
                 109            151            116             61             88             15            100
                 124             94             60             46             33             60             51             58
                 125             82             52             46             43            112             23            104             65
                 126            124             88             21             60             52             65             41             41             65
                 127             94             58             33             29             65             42             60             15             52             33
                 128            126            102            101             84             61            106             72             60            123             88             73
                 132            116             82             23             62             94             52             82             65             37             42             51            122
                 133             46             23             82             31            108             46            108             51             68             87             55             82             92
