    #        ngroups         ntours         nspots
                  10              3             16

    #        spot_id         n_name         length              a              b
                  10        Spot_10            120              0           1440
                  27        Spot_27             90              0           1440
                  35        Spot_35            150              0           1440
                  66        Spot_66            120              0           1440
                  86        Spot_86            180              0           1440
                 101       Spot_101             60              0           1440
                 123       Spot_123            210              0           1440
                 125      Hotel_125              0              0           1440
                 126      Hotel_126              0              0           1440
                 127      Hotel_127              0              0           1440
                 128      Hotel_128              0              0           1440
                 129      Hotel_129              0              0           1440
                 130      Hotel_130              0              0           1440
                 131      Hotel_131              0              0           1440
                 132      Hotel_132              0              0           1440
                 133      Hotel_133              0              0           1440

    #          tr_id        tr_name          nspot            seq
                  72        Tour_72              3             66             27            123
                  20        Tour_20              2             35             86
                  34        Tour_34              2            101             10

    #          gr_id        gr_size          tr_id         origin
                   0              9             72            133
                   1              2             20            133
                   2              8             34            127
                   3              5             20            128
                   4              2             72            126
                   5              1             20            125
                   6              5             20            129
                   7              8             20            131
                   8              1             20            130
                   9              2             34            132

    #            o/d             10             27             35             66             86            101            123            125            126            127            128            129            130            131            132            133
                  27             71
                  35             92            122
                  66             65             23            101
                  86            152            124            106            106
                 101             84            122             15            102            119
                 123             41             82             52             65            122             46
                 125            100             46            114             37             81            119             92
                 126             37             46             82             31            119             80             37             65
                 127             65             60             65             37             88             68             42             52             33
                 128             94            129             11            108            116             11             55            123             88             73
                 129             43             51             73             33            110             72             33             62             11             23             80
                 130            137             97            112             82             33            122            114             52            101             73            122             94
                 131             51             21            110             23            129            108             65             58             29             52            116             37            105
                 132             72             11            115             15            114            116             78             37             42             51            122             46             87             23
                 133            119            102             72             81             37             84             86             68             87             55             82             78             42            102             92
