    #        ngroups         ntours         nspots
                  20              5             22

    #        spot_id         n_name         length              a              b
                  18        Spot_18            210              0           1440
                  36        Spot_36            120              0           1440
                  39        Spot_39             90              0           1440
                  47        Spot_47            120              0           1440
                  49        Spot_49             60              0           1440
                  52        Spot_52             90              0           1440
                  69        Spot_69            120              0           1440
                  77        Spot_77            150              0           1440
                  78        Spot_78             90              0           1440
                  88        Spot_88            210              0           1440
                  91        Spot_91            210              0           1440
                 100       Spot_100             90              0           1440
                 124      Hotel_124              0              0           1440
                 125      Hotel_125              0              0           1440
                 126      Hotel_126              0              0           1440
                 127      Hotel_127              0              0           1440
                 128      Hotel_128              0              0           1440
                 129      Hotel_129              0              0           1440
                 130      Hotel_130              0              0           1440
                 131      Hotel_131              0              0           1440
                 132      Hotel_132              0              0           1440
                 133      Hotel_133              0              0           1440

    #          tr_id        tr_name          nspot            seq
                  84        Tour_84              3             49             69             47
                  21        Tour_21              3            100             78             18
                  83        Tour_83              2             52             88
                  88        Tour_88              3             39             36             77
                  86        Tour_86              1             91

    #          gr_id        gr_size          tr_id         origin
                   0              7             84            127
                   1              7             21            129
                   2              4             83            130
                   3              5             88            132
                   4              6             86            132
                   5              4             21            131
                   6              4             21            130
                   7              6             83            129
                   8              8             84            128
                   9              6             86            126
                  10              5             83            127
                  11              8             83            125
                  12              3             84            124
                  13              3             83            128
                  14              2             83            124
                  15              9             86            133
                  16              8             21            126
                  17              3             21            133
                  18              2             21            125
                  19              3             21            131

    #            o/d             18             36             39             47             49             52             69             77             78             88             91            100            124            125            126            127            128            129            130            131            132            133
                  36             80
                  39             11             86
                  47             46            106             51
                  49             60             92             68             33
                  52             33            100             37             15             41
                  69             21             96             23             29             52             15
                  77             52             71             62             43             21             46             52
                  78             37             91             29             80             96             65             51             87
                  88             73            151             65             81            112             72             65            116             68
                  91             42             46             46             82             82             71             62             65             46            108
                 100             51            130             46             51             82             42             37             87             61             31             91
                 124             15             80             11             60             73             46             33             65             23             72             37             55
                 125             60            138             55             52             84             46             43             91             71             33            100             11             65
                 126             52            114             42             88            109             73             60            104             23             52             68             55             41             65
                 127             21             94             11             58             78             43             29             72             23             58             51             42             15             52             33
                 128             65             31             68            102             97             92             84             78             65            130             23            114             60            123             88             73
                 129             42            105             33             80            100             65             51             94             15             55             60             52             31             62             11             23             80
                 130             65            126             68             21             43             33             46             60             96             84            102             55             78             52            101             73            122             94
                 131             72            141             62             97            124             84             72            122             51             33             96             51             65             58             29             52            116             37            105
                 132             68            144             60             82            112             71             62            114             60             11            101             33             65             37             42             51            122             46             87             23
                 133             37             84             46             23             23             23             31             23             73             94             65             65             51             68             87             55             82             78             42            102             92
