    #        ngroups         ntours         nspots
                  20              5             21

    #        spot_id         n_name         length              a              b
                   7         Spot_7             60              0           1440
                  11        Spot_11            180              0           1440
                  47        Spot_47            120              0           1440
                  48        Spot_48            150              0           1440
                  53        Spot_53            150              0           1440
                  56        Spot_56            180              0           1440
                  59        Spot_59            180              0           1440
                  69        Spot_69            120              0           1440
                 107       Spot_107            120              0           1440
                 108       Spot_108             90              0           1440
                 109       Spot_109            120              0           1440
                 124      Hotel_124              0              0           1440
                 125      Hotel_125              0              0           1440
                 126      Hotel_126              0              0           1440
                 127      Hotel_127              0              0           1440
                 128      Hotel_128              0              0           1440
                 129      Hotel_129              0              0           1440
                 130      Hotel_130              0              0           1440
                 131      Hotel_131              0              0           1440
                 132      Hotel_132              0              0           1440
                 133      Hotel_133              0              0           1440

    #          tr_id        tr_name          nspot            seq
                  65        Tour_65              3             59            109             69
                  37        Tour_37              2            108            107
                  18        Tour_18              2             11             47
                  47        Tour_47              1             56
                  98        Tour_98              3              7             53             48

    #          gr_id        gr_size          tr_id         origin
                   0              3             65            128
                   1              7             37            125
                   2              3             18            126
                   3              2             47            133
                   4              1             98            128
                   5              8             47            127
                   6              6             18            127
                   7              2             65            124
                   8              5             37            132
                   9              1             65            124
                  10              4             18            125
                  11              4             18            130
                  12              5             65            131
                  13              1             37            132
                  14              8             65            130
                  15              1             47            126
                  16              9             37            129
                  17              7             98            133
                  18              3             18            131
                  19              9             65            129

    #            o/d              7             11             47             48             53             56             59             69            107            108            109            124            125            126            127            128            129            130            131            132            133
                  11             65
                  47             33             37
                  48             29             37             15
                  53             78            141            109            105
                  56             71            123             87             94             82
                  59             61            114             78             84             78             11
                  69             15             65             29             33             84             62             52
                 107             88            152            119            116             21             74             72             91
                 108             37             65             31             42            102             60             51             23            106
                 109             86            151            116            115             33             62             61             88             15            100
                 124             29             94             60             58             52             55             46             33             60             51             58
                 125             58             82             52             65            112             51             46             43            112             23            104             65
                 126             65            124             88             91             60             23             21             60             52             65             41             41             65
                 127             33             94             58             60             61             42             33             29             65             42             60             15             52             33
                 128             72            126            102             92             41            108            101             84             61            106             72             60            123             88             73
                 129             55            116             80             82             55             29             23             51             51             60             42             31             62             11             23             80
                 130             52             31             21             33            129             96             88             46            136             37            132             78             52            101             73            122             94
                 131             81            132             97            104             88             11             21             72             78             68             65             65             58             29             52            116             37            105
                 132             74            116             82             92            100             21             23             62             94             52             82             65             37             42             51            122             46             87             23
                 133             23             46             23             11             96             92             82             31            108             46            108             51             68             87             55             82             78             42            102             92
