    #        ngroups         ntours         nspots
                  20              5             24

    #        spot_id         n_name         length              a              b
                   8         Spot_8            120              0           1440
                  20        Spot_20            180              0           1440
                  28        Spot_28            180              0           1440
                  29        Spot_29             60              0           1440
                  38        Spot_38            180              0           1440
                  39        Spot_39             90              0           1440
                  63        Spot_63            120              0           1440
                  75        Spot_75            120              0           1440
                  81        Spot_81             60              0           1440
                  83        Spot_83             60              0           1440
                  90        Spot_90            180              0           1440
                  94        Spot_94            210              0           1440
                  98        Spot_98             90              0           1440
                 102       Spot_102            150              0           1440
                 124      Hotel_124              0              0           1440
                 125      Hotel_125              0              0           1440
                 126      Hotel_126              0              0           1440
                 127      Hotel_127              0              0           1440
                 128      Hotel_128              0              0           1440
                 129      Hotel_129              0              0           1440
                 130      Hotel_130              0              0           1440
                 131      Hotel_131              0              0           1440
                 132      Hotel_132              0              0           1440
                 133      Hotel_133              0              0           1440

    #          tr_id        tr_name          nspot            seq
                  94        Tour_94              3             63             90             75
                  78        Tour_78              2            102              8
                  38        Tour_38              3             81             28             29
                  71        Tour_71              3             94             83             20
                  76        Tour_76              3             38             98             39

    #          gr_id        gr_size          tr_id         origin
                   0              8             94            133
                   1              3             78            128
                   2              4             38            132
                   3              1             71            131
                   4              8             76            133
                   5              1             78            124
                   6              2             94            129
                   7              9             94            132
                   8              6             94            130
                   9              4             76            131
                  10              2             94            125
                  11              6             78            127
                  12              7             76            128
                  13              4             76            129
                  14              2             71            127
                  15              4             38            126
                  16              3             76            125
                  17              1             38            124
                  18              9             94            130
                  19              5             94            126

    #            o/d              8             20             28             29             38             39             63             75             81             83             90             94             98            102            124            125            126            127            128            129            130            131            132            133
                  20            112
                  28            137             94
                  29             23             92            116
                  38             29             92            108             11
                  39             65             68             73             43             37
                  63            127             51             46            105            100             65
                  75            119            105             31            100             91             62             65
                  81             55             68            129             43             51             61            102            122
                  83            109             33             62             87             84             51             23             73             80
                  90             74            110             78             61             51             43             92             51             97             87
                  94             46             97             94             31             21             31             94             73             68             81             31
                  98            108             82             29             88             80             46             46             23            104             51             52             65
                 102            124            100             21            105             96             65             58             11            124             68             60             80             21
                 124             60             65             82             37             33             11             68             72             51             52             51             33             55             74
                 125             97            115             62             82             72             55             87             33            114             88             23             52             42             42             65
                 126             33            104            108             23             15             42            106             88             65             92             42             15             80             94             41             65
                 127             58             78             80             37             29             11             74             65             62             61             37             21             51             68             15             52             33
                 128             84             43            122             68             73             68             87            124             31             65            110             86            102            122             60            123             88             73
                 129             37             94            101             21             11             33             97             82             60             82             41             11             72             88             31             62             11             23             80
                 130            130             97             11            110            102             68             51             21            126             65             68             86             23             11             78             52            101             73            122             94
                 131             52            129            114             51             43             62            122             88             94            112             37             33             87             96             65             58             29             52            116             37            105
                 132             71            127             97             65             55             60            112             68            105            106             21             37             72             78             65             37             42             51            122             46             87             23
                 133            110             55             41             88             82             46             21             51             91             23             72             74             29             46             51             68             87             55             82             78             42            102             92
