    #        ngroups         ntours         nspots
                  30              8             28

    #        spot_id         n_name         length              a              b
                  18        Spot_18            210              0           1440
                  36        Spot_36            120              0           1440
                  39        Spot_39             90              0           1440
                  47        Spot_47            120              0           1440
                  49        Spot_49             60              0           1440
                  52        Spot_52             90              0           1440
                  61        Spot_61            210              0           1440
                  69        Spot_69            120              0           1440
                  77        Spot_77            150              0           1440
                  78        Spot_78             90              0           1440
                  88        Spot_88            210              0           1440
                  91        Spot_91            210              0           1440
                  96        Spot_96            180              0           1440
                 100       Spot_100             90              0           1440
                 113       Spot_113            210              0           1440
                 114       Spot_114             60              0           1440
                 116       Spot_116            150              0           1440
                 122       Spot_122             60              0           1440
                 124      Hotel_124              0              0           1440
                 125      Hotel_125              0              0           1440
                 126      Hotel_126              0              0           1440
                 127      Hotel_127              0              0           1440
                 128      Hotel_128              0              0           1440
                 129      Hotel_129              0              0           1440
                 130      Hotel_130              0              0           1440
                 131      Hotel_131              0              0           1440
                 132      Hotel_132              0              0           1440
                 133      Hotel_133              0              0           1440

    #          tr_id        tr_name          nspot            seq
                  84        Tour_84              3             49             69             47
                  21        Tour_21              3            100             78             18
                  83        Tour_83              2             52             88
                  88        Tour_88              3             39             36             77
                  86        Tour_86              1             91
                  35        Tour_35              3             61            116            122
                  26        Tour_26              2            113             91
                   3         Tour_3              2             96            114

    #          gr_id        gr_size          tr_id         origin
                   0              4             84            130
                   1              7             21            129
                   2              3             83            130
                   3              6             88            132
                   4              2             86            133
                   5              2             35            132
                   6              7             26            133
                   7              2              3            126
                   8              4             84            132
                   9              7             86            126
                  10              2             86            127
                  11              9             86            125
                  12              9             83            124
                  13              4             88            128
                  14              7              3            131
                  15              4             35            127
                  16              8             86            127
                  17              2             26            130
                  18              6             21            128
                  19              6              3            131
                  20              2             35            129
                  21              3             26            127
                  22              9             83            130
                  23              6             83            129
                  24              5              3            126
                  25              2             35            125
                  26              6              3            133
                  27              4             35            126
                  28              7             83            128
                  29              4             35            125

    #            o/d             18             36             39             47             49             52             61             69             77             78             88             91             96            100            113            114            116            122            124            125            126            127            128            129            130            131            132            133
                  36             80
                  39             11             86
                  47             46            106             51
                  49             60             92             68             33
                  52             33            100             37             15             41
                  61             61            127             51             91            116             78
                  69             21             96             23             29             52             15             65
                  77             52             71             62             43             21             46            112             52
                  78             37             91             29             80             96             65             37             51             87
                  88             73            151             65             81            112             72             41             65            116             68
                  91             42             46             46             82             82             71             82             62             65             46            108
                  96             46             37             51             81             78             72             91             65             60             55            115             11
                 100             51            130             46             51             82             42             51             37             87             61             31             91             96
                 113             58            137             51             61             92             52             46             46             97             62             21             96            102             11
                 114             60             82             55            105            115             91             60             78            102             31             97             42             52             92             92
                 116             23            102             21             37             62             23             55             11             62             46             55             65             68             29             37             74
                 122             42             72             52             37             23             37            102             42             11             78            106             60             55             78             87             94             52
                 124             15             80             11             60             73             46             52             33             65             23             72             37             43             55             60             46             31             55
                 125             60            138             55             52             84             46             60             43             91             71             33            100            105             11             15            102             37             82             65
                 126             52            114             42             88            109             73             15             60            104             23             52             68             78             55             52             46             51             94             41             65
                 127             21             94             11             58             78             43             41             29             72             23             58             51             58             42             46             52             23             62             15             52             33
                 128             65             31             68            102             97             92            102             84             78             65            130             23             21            114            119             52             87             74             60            123             88             73
                 129             42            105             33             80            100             65             23             51             94             15             55             60             68             52             51             42             43             84             31             62             11             23             80
                 130             65            126             68             21             43             33            102             46             60             96             84            102            102             55             65            123             51             55             78             52            101             73            122             94
                 131             72            141             62             97            124             84             15             72            122             51             33             96            105             51             43             73             62            112             65             58             29             52            116             37            105
                 132             68            144             60             82            112             71             31             62            114             60             11            101            108             33             23             87             52            104             65             37             42             51            122             46             87             23
                 133             37             84             46             23             23             23             94             31             23             73             94             65             62             65             74             94             41             15             51             68             87             55             82             78             42            102             92
