    #        ngroups         ntours         nspots
                  30              8             26

    #        spot_id         n_name         length              a              b
                  10        Spot_10            120              0           1440
                  13        Spot_13            120              0           1440
                  21        Spot_21            180              0           1440
                  45        Spot_45            120              0           1440
                  46        Spot_46             60              0           1440
                  58        Spot_58            180              0           1440
                  65        Spot_65             90              0           1440
                  66        Spot_66            120              0           1440
                  67        Spot_67             60              0           1440
                  69        Spot_69            120              0           1440
                  82        Spot_82            150              0           1440
                  91        Spot_91            210              0           1440
                 100       Spot_100             90              0           1440
                 101       Spot_101             60              0           1440
                 113       Spot_113            210              0           1440
                 117       Spot_117             60              0           1440
                 124      Hotel_124              0              0           1440
                 125      Hotel_125              0              0           1440
                 126      Hotel_126              0              0           1440
                 127      Hotel_127              0              0           1440
                 128      Hotel_128              0              0           1440
                 129      Hotel_129              0              0           1440
                 130      Hotel_130              0              0           1440
                 131      Hotel_131              0              0           1440
                 132      Hotel_132              0              0           1440
                 133      Hotel_133              0              0           1440

    #          tr_id        tr_name          nspot            seq
                  32        Tour_32              2             45             67
                  25        Tour_25              2             58             21
                  56        Tour_56              2            117             13
                  54        Tour_54              3             69            100             82
                  86        Tour_86              1             91
                  73        Tour_73              2             46            113
                  34        Tour_34              2            101             10
                  53        Tour_53              4             66             65             10            101

    #          gr_id        gr_size          tr_id         origin
                   0              9             32            133
                   1              3             25            124
                   2              1             56            132
                   3              1             54            131
                   4              3             86            127
                   5              1             73            132
                   6              1             34            130
                   7              4             53            131
                   8              2             73            125
                   9              2             56            128
                  10              6             54            124
                  11              9             56            129
                  12              7             53            129
                  13              6             53            128
                  14              1             53            124
                  15              1             32            129
                  16              4             34            124
                  17              1             54            127
                  18              6             34            133
                  19              6             32            132
                  20              3             34            130
                  21              6             54            131
                  22              4             54            127
                  23              6             73            125
                  24              3             73            126
                  25              5             54            126
                  26              6             53            129
                  27              9             54            130
                  28              4             73            133
                  29              7             54            125

    #            o/d             10             13             21             45             46             58             65             66             67             69             82             91            100            101            113            117            124            125            126            127            128            129            130            131            132            133
                  13            102
                  21            129             46
                  45            137             37             55
                  46             65             42             82             73
                  58            104             73            119             82             55
                  65             41             84            122            114             42             65
                  66             65             61            104             87             23             41             29
                  67             29            102            119            138             74            122             65             81
                  69             94             11             55             43             33             65             74             51             96
                  82             72             72             72            106             68            123             88             88             52             71
                  91             81             61             58             94             65            119             91             86             65             62             15
                 100             91             46             91             62             31             29             58             29            104             37             97             91
                 101             84             81             73            114             82            136            102            102             61             82             15             21            109
                 113             87             55            100             72             33             23             51             23            102             46            100             96             11            114
                 117             21            115            136            151             82            124             61             84             21            108             72             84            109             81            106
                 124             68             37             62             73             29             82             62             51             65             33             42             37             55             55             60             80
                 125            100             51             96             61             41             23             65             37            114             43            106            100             11            119             15            119             65
                 126             37             68            102            102             29             71             23             31             51             60             65             68             55             80             52             55             41             65
                 127             65             37             71             72             15             68             51             37             68             29             55             51             42             68             46             80             15             52             33
                 128             94             82             68            112             88            141            110            108             71             84             23             23            114             11            119             92             60            123             88             73
                 129             43             60             92             94             23             72             33             33             52             51             58             60             52             72             51             60             31             62             11             23             80
                 130            137             42             68             15             72             71            110             82            141             46            114            102             55            122             65            152             78             52            101             73            122             94
                 131             51             82            122            109             41             55             11             23             74             72             94             96             51            108             43             71             65             58             29             52            116             37            105
                 132             72             72            116             94             37             33             33             15             92             62            102            101             33            116             23             92             65             37             42             51            122             46             87             23
                 133            119             21             29             31             62             91            104             81            115             31             78             65             65             84             74            130             51             68             87             55             82             78             42            102             92
