    #        ngroups         ntours         nspots
                  30              8             27

    #        spot_id         n_name         length              a              b
                   4         Spot_4            150              0           1440
                   7         Spot_7             60              0           1440
                  11        Spot_11            180              0           1440
                  27        Spot_27             90              0           1440
                  47        Spot_47            120              0           1440
                  48        Spot_48            150              0           1440
                  53        Spot_53            150              0           1440
                  54        Spot_54            180              0           1440
                  56        Spot_56            180              0           1440
                  59        Spot_59            180              0           1440
                  68        Spot_68            210              0           1440
                  69        Spot_69            120              0           1440
                  86        Spot_86            180              0           1440
                  87        Spot_87             60              0           1440
                 107       Spot_107            120              0           1440
                 108       Spot_108             90              0           1440
                 109       Spot_109            120              0           1440
                 124      Hotel_124              0              0           1440
                 125      Hotel_125              0              0           1440
                 126      Hotel_126              0              0           1440
                 127      Hotel_127              0              0           1440
                 128      Hotel_128              0              0           1440
                 129      Hotel_129              0              0           1440
                 130      Hotel_130              0              0           1440
                 131      Hotel_131              0              0           1440
                 132      Hotel_132              0              0           1440
                 133      Hotel_133              0              0           1440

    #          tr_id        tr_name          nspot            seq
                  65        Tour_65              3             59            109             69
                  37        Tour_37              2            108            107
                  18        Tour_18              2             11             47
                  47        Tour_47              1             56
                  98        Tour_98              3              7             53             48
                  58        Tour_58              3             87             27             54
                  66        Tour_66              3             68             87             47
                  31        Tour_31              3             86              4              7

    #          gr_id        gr_size          tr_id         origin
                   0              8             65            128
                   1              6             37            127
                   2              8             18            124
                   3              2             47            133
                   4              8             98            128
                   5              2             58            133
                   6              4             66            127
                   7              2             31            130
                   8              4             66            132
                   9              7             31            124
                  10              8             98            125
                  11              4             18            131
                  12              9             58            131
                  13              1             65            132
                  14              4             65            132
                  15              8             65            126
                  16              4             58            129
                  17              8             58            130
                  18              9             65            128
                  19              8             37            132
                  20              2             37            127
                  21              8             66            130
                  22              5             31            125
                  23              6             65            129
                  24              8             47            125
                  25              6             65            124
                  26              7             66            129
                  27              2             37            126
                  28              2             37            131
                  29              6             37            125

    #            o/d              4              7             11             27             47             48             53             54             56             59             68             69             86             87            107            108            109            124            125            126            127            128            129            130            131            132            133
                   7             46
                  11             71             65
                  27            129             84            126
                  47             60             33             37             92
                  48             46             29             37            102             15
                  53             88             78            141            105            109            105
                  54             33             33             42            112             29             15            102
                  56            114             71            123             23             87             94             82            102
                  59            104             61            114             29             78             84             78             92             11
                  68             42             31             91             96             62             55             51             51             78             68
                  69             60             15             65             72             29             33             84             41             62             52             42
                  86             61             58             11            124             33             29            132             33            119            109             82             60
                  87            127             82            112             23             82             94            119            106             41             42            101             68            112
                 107            105             88            152             97            119            116             21            115             74             72             65             91            144            114
                 108             80             37             65             62             31             42            102             55             60             51             65             23             62             52            106
                 109            109             86            151             84            116            115             33            116             62             61             68             88            144            102             15            100
                 124             61             29             94             73             60             58             52             60             55             46             23             33             86             80             60             51             58
                 125            102             58             82             46             52             65            112             78             51             46             82             43             81             31            112             23            104             65
                 126            102             65            124             46             88             91             60             97             23             21             62             60            119             62             52             65             41             41             65
                 127             72             33             94             60             58             60             61             65             42             33             37             29             88             65             65             42             60             15             52             33
                 128             60             72            126            129            102             92             41             84            108            101             42             84            116            138             61            106             72             60            123             88             73
                 129             92             55            116             51             80             82             55             87             29             23             52             51            110             65             51             60             42             31             62             11             23             80
                 130             78             52             31             97             21             33            129             46             96             88             82             46             33             82            136             37            132             78             52            101             73            122             94
                 131            124             81            132             21             97            104             88            112             11             21             87             72            129             42             78             68             65             65             58             29             52            116             37            105
                 132            119             74            116             11             82             92            100            102             21             23             88             62            114             21             94             52             82             65             37             42             51            122             46             87             23
                 133             37             23             46            102             23             11             96             11             92             82             46             31             37             97            108             46            108             51             68             87             55             82             78             42            102             92
