    #        ngroups         ntours         nspots
                  40             10             32

    #        spot_id         n_name         length              a              b
                   2         Spot_2            210              0           1440
                   6         Spot_6             60              0           1440
                  34        Spot_34            120              0           1440
                  46        Spot_46             60              0           1440
                  47        Spot_47            120              0           1440
                  49        Spot_49             60              0           1440
                  56        Spot_56            180              0           1440
                  59        Spot_59            180              0           1440
                  68        Spot_68            210              0           1440
                  69        Spot_69            120              0           1440
                  76        Spot_76             90              0           1440
                  79        Spot_79             60              0           1440
                  87        Spot_87             60              0           1440
                  88        Spot_88            210              0           1440
                  89        Spot_89            120              0           1440
                 105       Spot_105             90              0           1440
                 107       Spot_107            120              0           1440
                 108       Spot_108             90              0           1440
                 109       Spot_109            120              0           1440
                 113       Spot_113            210              0           1440
                 120       Spot_120            180              0           1440
                 121       Spot_121             90              0           1440
                 124      Hotel_124              0              0           1440
                 125      Hotel_125              0              0           1440
                 126      Hotel_126              0              0           1440
                 127      Hotel_127              0              0           1440
                 128      Hotel_128              0              0           1440
                 129      Hotel_129              0              0           1440
                 130      Hotel_130              0              0           1440
                 131      Hotel_131              0              0           1440
                 132      Hotel_132              0              0           1440
                 133      Hotel_133              0              0           1440

    #          tr_id        tr_name          nspot            seq
                  65        Tour_65              3             59            109             69
                  96        Tour_96              2            107             79
                  66        Tour_66              3             68             87             47
                  74        Tour_74              3            105              2            109
                   1         Tour_1              2            121             56
                  22        Tour_22              1             88
                  23        Tour_23              3             76             89            120
                  73        Tour_73              2             46            113
                  17        Tour_17              3             34            108             49
                  45        Tour_45              2              6             88

    #          gr_id        gr_size          tr_id         origin
                   0              2             65            126
                   1              8             96            132
                   2              7             66            125
                   3              3             74            127
                   4              9              1            126
                   5              1             22            128
                   6              7             23            125
                   7              3             73            130
                   8              9             17            126
                   9              1             45            130
                  10              6             74            128
                  11              7             45            124
                  12              7             23            129
                  13              4             96            124
                  14              8             22            133
                  15              9             66            131
                  16              2             73            132
                  17              9              1            133
                  18              7             96            129
                  19              4             73            132
                  20              2             23            125
                  21              2             17            126
                  22              2             65            127
                  23              8              1            127
                  24              7             73            132
                  25              2             66            127
                  26              2             23            133
                  27              5             22            124
                  28              5             73            131
                  29              9             17            129
                  30              6             23            129
                  31              4             22            131
                  32              4             22            133
                  33              6             17            125
                  34              2              1            131
                  35              6             45            130
                  36              8             65            130
                  37              5              1            128
                  38              9             74            124
                  39              5             45            128

    #            o/d              2              6             34             46             47             49             56             59             68             69             76             79             87             88             89            105            107            108            109            113            120            121            124            125            126            127            128            129            130            131            132            133
                   6             60
                  34             42             42
                  46             21             78             51
                  47             72            130            110             60
                  49             91            144            132             84             33
                  56             37             71             33             31             87            114
                  59             29             72             37             21             78            104             11
                  68             42             82             81             51             62             65             78             68
                  69             43            102             82             33             29             52             62             52             42
                  76             43             65             74             60             84             88             80             72             23             61
                  79             51             82             41             42             94            122             15             23             91             71             94
                  87             68            112             72             51             82            114             41             42            101             68            110             33
                  88             60            102             62             43             81            112             31             33             94             65            102             23             11
                  89            101            159            138             88             29             33            114            105             87             58            109            119            102            104
                 105             91            112            126            102             97             81            127            119             51             88             52            141            151            144            112
                 107             52             21             51             72            119            129             74             72             65             91             46             87            114            104            146             92
                 108             55            114             86             37             31             62             60             51             65             23             82             65             52             51             55            110            106
                 109             46             15             37             65            116            130             62             61             68             88             52             74            102             92            144            102             15            100
                 113             52            104             68             33             61             92             37             33             80             46             91             37             23             21             84            129            102             31             92
                 120             72            124             87             52             65             97             55             52             96             58            109             51             23             29             81            144            122             37            112             21
                 121             46            105             80             29             33             61             55             46             55             15             72             62             55             52             60            102             97             11             91             33             43
                 124             21             72             62             29             60             73             55             46             23             33             33             68             80             72             88             73             60             51             58             60             78             41
                 125             61            116             82             41             52             84             51             46             82             43             97             51             31             33             72            130            112             23            104             15             15             29             65
                 126             21             52             23             29             88            109             23             21             62             60             60             37             62             52            116            109             52             65             41             52             72             58             41             65
                 127             15             73             55             15             58             78             42             33             37             29             46             55             65             58             86             88             65             42             60             46             65             33             15             52             33
                 128             72             81            100             88            102             97            108            101             42             84             29            122            138            130            124             33             61            106             72            119            136             97             60            123             88             73
                 129             11             55             33             23             80            100             29             23             52             51             51             43             65             55            108            100             51             60             42             51             71             51             31             62             11             23             80
                 130             88            146            122             72             21             43             96             88             82             46            104            100             82             84             21            116            136             37            132             65             61             43             78             52            101             73            122             94
                 131             46             72             31             41             97            124             11             21             87             72             88             11             42             33            123            136             78             68             65             43             60             65             65             58             29             52            116             37            105
                 132             51             92             52             37             82            112             21             23             88             62             94             15             21             11            106            138             94             52             82             23             37             51             65             37             42             51            122             46             87             23
                 133             68            122            109             62             23             23             92             82             46             31             68            102             97             94             42             74            108             46            108             74             82             42             51             68             87             55             82             78             42            102             92
