    #        ngroups         ntours         nspots
                  40             10             28

    #        spot_id         n_name         length              a              b
                  13        Spot_13            120              0           1440
                  15        Spot_15            210              0           1440
                  26        Spot_26            150              0           1440
                  34        Spot_34            120              0           1440
                  43        Spot_43            210              0           1440
                  45        Spot_45            120              0           1440
                  51        Spot_51             60              0           1440
                  53        Spot_53            150              0           1440
                  67        Spot_67             60              0           1440
                  68        Spot_68            210              0           1440
                  72        Spot_72             60              0           1440
                  88        Spot_88            210              0           1440
                  91        Spot_91            210              0           1440
                  96        Spot_96            180              0           1440
                 106       Spot_106            180              0           1440
                 114       Spot_114             60              0           1440
                 117       Spot_117             60              0           1440
                 119       Spot_119            120              0           1440
                 124      Hotel_124              0              0           1440
                 125      Hotel_125              0              0           1440
                 126      Hotel_126              0              0           1440
                 127      Hotel_127              0              0           1440
                 128      Hotel_128              0              0           1440
                 129      Hotel_129              0              0           1440
                 130      Hotel_130              0              0           1440
                 131      Hotel_131              0              0           1440
                 132      Hotel_132              0              0           1440
                 133      Hotel_133              0              0           1440

    #          tr_id        tr_name          nspot            seq
                  27        Tour_27              3             43             51             67
                  62        Tour_62              2             15            119
                  59        Tour_59              3            119             34             72
                  56        Tour_56              2            117             13
                  68        Tour_68              2            106             53
                   3         Tour_3              2             96            114
                  60        Tour_60              2             26            106
                  32        Tour_32              2             45             67
                   5         Tour_5              2             88             68
                  86        Tour_86              1             91

    #          gr_id        gr_size          tr_id         origin
                   0              9             27            126
                   1              7             62            132
                   2              7             59            127
                   3              2             56            126
                   4              4             68            130
                   5              2              3            127
                   6              9             60            133
                   7              6             32            130
                   8              2              5            128
                   9              8             86            125
                  10              1             27            125
                  11              4             32            132
                  12              8             32            127
                  13              8              5            133
                  14              7             62            133
                  15              9             62            126
                  16              3             32            130
                  17              6             56            131
                  18              4              3            128
                  19              3              5            124
                  20              7             59            124
                  21              2             68            131
                  22              8             32            129
                  23              6              3            129
                  24              3              5            126
                  25              9             59            128
                  26              7             59            129
                  27              8             27            125
                  28              6             59            130
                  29              5             68            124
                  30              3              3            133
                  31              2             62            128
                  32              9             59            131
                  33              7             86            132
                  34              4              3            125
                  35              8              3            132
                  36              2             32            129
                  37              9             59            131
                  38              1             59            124
                  39              8              5            127

    #            o/d             13             15             26             34             43             45             51             53             67             68             72             88             91             96            106            114            117            119            124            125            126            127            128            129            130            131            132            133
                  15             68
                  26             68            129
                  34             91             74            114
                  43             23             88             46             94
                  45             37             81             92            124             52
                  51             80             81             92             23             78            115
                  53             87            116             65             65             73            123             43
                  67            102            112             94             46             94            138             31             31
                  68             41             94             37             81             23             74             62             51             73
                  72             58            124             23            122             37             74            102             82            109             41
                  88             74             15            130             62             91             92             72            109            102             94            127
                  91             61            110             31             84             42             94             62             37             65             21             46            108
                  96             62            116             21             94             41             92             72             46             74             23             37            115             11
                 106             29             96             42            104             11             51             87             80            102             29             29            100             46             42
                 114             82            104             72             51             72            119             29             15             23             51             87             97             42             52             80
                 117            115            114            114             41            110            151             37             51             21             91            129            102             84             94            119             42
                 119             68             97             61             55             58            105             33             21             37             37             74             91             31             41             65             15             55
                 124             37             73             60             62             33             73             46             52             65             23             62             72             37             43             42             46             80             33
                 125             51             21            116             82             72             61             84            112            114             82            108             33            100            105             80            102            119             92             65
                 126             68             61             97             23             72            102             21             60             51             62            102             52             68             78             82             46             55             43             41             65
                 127             37             60             73             55             41             72             43             61             68             37             74             58             51             58             51             52             80             41             15             52             33
                 128             82            132             29            100             61            112             78             41             71             42             51            130             23             21             62             52             92             46             60            123             88             73
                 129             60             62             87             33             62             94             23             55             52             52             92             55             60             68             72             42             60             37             31             62             11             23             80
                 130             42             72            104            122             61             15            116            129            141             82             87             84            102            102             62            123            152            109             78             52            101             73            122             94
                 131             82             46            123             31             92            109             46             88             74             87            126             33             96            105            102             73             71             72             65             58             29             52            116             37            105
                 132             72             23            124             52             87             94             62            100             92             88            123             11            101            108             97             87             92             82             65             37             42             51            122             46             87             23
                 133             21             87             62            109             23             31             96             96            115             46             46             94             65             62             21             94            130             80             51             68             87             55             82             78             42            102             92
