    #        ngroups         ntours         nspots
                  50             13             38

    #        spot_id         n_name         length              a              b
                   2         Spot_2            210              0           1440
                  18        Spot_18            210              0           1440
                  25        Spot_25            180              0           1440
                  30        Spot_30             60              0           1440
                  36        Spot_36            120              0           1440
                  39        Spot_39             90              0           1440
                  43        Spot_43            210              0           1440
                  46        Spot_46             60              0           1440
                  47        Spot_47            120              0           1440
                  49        Spot_49             60              0           1440
                  52        Spot_52             90              0           1440
                  61        Spot_61            210              0           1440
                  69        Spot_69            120              0           1440
                  72        Spot_72             60              0           1440
                  77        Spot_77            150              0           1440
                  78        Spot_78             90              0           1440
                  79        Spot_79             60              0           1440
                  88        Spot_88            210              0           1440
                  91        Spot_91            210              0           1440
                  96        Spot_96            180              0           1440
                 100       Spot_100             90              0           1440
                 103       Spot_103            120              0           1440
                 105       Spot_105             90              0           1440
                 109       Spot_109            120              0           1440
                 113       Spot_113            210              0           1440
                 114       Spot_114             60              0           1440
                 116       Spot_116            150              0           1440
                 122       Spot_122             60              0           1440
                 124      Hotel_124              0              0           1440
                 125      Hotel_125              0              0           1440
                 126      Hotel_126              0              0           1440
                 127      Hotel_127              0              0           1440
                 128      Hotel_128              0              0           1440
                 129      Hotel_129              0              0           1440
                 130      Hotel_130              0              0           1440
                 131      Hotel_131              0              0           1440
                 132      Hotel_132              0              0           1440
                 133      Hotel_133              0              0           1440

    #          tr_id        tr_name          nspot            seq
                  84        Tour_84              3             49             69             47
                  21        Tour_21              3            100             78             18
                  83        Tour_83              2             52             88
                  88        Tour_88              3             39             36             77
                  86        Tour_86              1             91
                  35        Tour_35              3             61            116            122
                  26        Tour_26              2            113             91
                   3         Tour_3              2             96            114
                  79        Tour_79              2             79             91
                  90        Tour_90              3             43             72             30
                  77        Tour_77              1             25
                  55        Tour_55              3             47             46            103
                  74        Tour_74              3            105              2            109

    #          gr_id        gr_size          tr_id         origin
                   0              6             84            130
                   1              7             21            129
                   2              4             83            130
                   3              8             88            132
                   4              1             86            133
                   5              8             35            132
                   6              5             26            133
                   7              7              3            126
                   8              3             79            132
                   9              5             90            128
                  10              7             77            127
                  11              9             55            127
                  12              2             74            126
                  13              5             55            129
                  14              7             55            131
                  15              2              3            127
                  16              5             55            127
                  17              1             90            130
                  18              6              3            128
                  19              9             55            126
                  20              6             55            129
                  21              4             74            127
                  22              4             79            130
                  23              1              3            129
                  24              9             86            126
                  25              4             90            128
                  26              4             90            133
                  27              9             21            124
                  28              4             35            128
                  29              4             86            125
                  30              5             79            131
                  31              7             55            128
                  32              4             84            133
                  33              1             35            124
                  34              2             83            131
                  35              8              3            132
                  36              7             35            125
                  37              7              3            129
                  38              7              3            133
                  39              3              3            132
                  40              1             55            131
                  41              4             90            131
                  42              4             83            124
                  43              9             26            124
                  44              1             90            131
                  45              5              3            129
                  46              3             84            125
                  47              4             21            125
                  48              5             90            125
                  49              7              3            126

    #            o/d              2             18             25             30             36             39             43             46             47             49             52             61             69             72             77             78             79             88             91             96            100            103            105            109            113            114            116            122            124            125            126            127            128            129            130            131            132            133
                  18             33
                  25             88             58
                  30             51             68            124
                  36             96             80            102             81
                  39             23             11             65             65             86
                  43             52             21             46             80             68             31
                  46             21             33             78             71            108             23             52
                  47             72             46             21            114            106             51             41             60
                  49             91             60             15            122             92             68             43             84             33
                  52             58             33             33            100            100             37             33             46             15             41
                  61             33             61            109             68            127             51             81             33             91            116             78
                  69             43             21             46             87             96             23             29             33             29             52             15             65
                  72             82             55             62             91             41             65             37             87             68             51             65            114             65
                  77             84             52             33            108             71             62             33             81             43             21             46            112             52             31
                  78             11             37             94             41             91             29             55             31             80             96             65             37             51             81             87
                  79             51             74            114             91            146             65             94             42             94            122             82             23             71            129            122             58
                  88             60             73            102            106            151             65             91             43             81            112             72             41             65            127            116             68             23
                  91             51             42             87             46             46             46             42             65             82             82             71             82             62             46             65             46            102            108
                  96             60             46             84             55             37             51             41             72             81             78             72             91             65             37             60             55            110            115             11
                 100             51             51             71            102            130             46             65             31             51             82             42             51             37            102             87             61             46             31             91             96
                 103             29             15             60             74             94             11             33             21             43             65             29             52             15             68             61             37             62             60             55             60             37
                 105             91             72             92             82             11             80             60            102             97             81             91            123             88             31             61             87            141            144             42             33            122             86
                 109             46             72            129             23            102             65             88             65            116            130            102             52             88            106            119             37             74             92             62             72             94             73            102
                 113             52             58             81            102            137             51             73             33             61             92             52             46             46            110             97             62             37             21             96            102             11             43            129             92
                 114             41             60            116             11             82             55             72             61            105            115             91             60             78             87            102             31             82             97             42             52             92             65             81             21             92
                 116             37             23             55             84            102             21             37             23             37             62             23             55             11             73             62             46             61             55             65             68             29             11             94             82             37             74
                 122             74             42             31            101             72             52             23             71             37             23             37            102             42             33             11             78            112            106             60             55             78             51             62            110             87             94             52
                 124             21             15             72             55             80             11             33             29             60             73             46             52             33             62             65             23             68             72             37             43             55             21             73             58             60             46             31             55
                 125             61             60             72            112            138             55             72             41             52             84             46             60             43            108             91             71             51             33            100            105             11             46            130            104             15            102             37             82             65
                 126             21             52            105             55            114             42             72             29             88            109             73             15             60            102            104             23             37             52             68             78             55             46            109             41             52             46             51             94             41             65
                 127             15             21             73             62             94             11             41             15             58             78             43             41             29             74             72             23             55             58             51             58             42             15             88             60             46             52             23             62             15             52             33
                 128             72             65            104             51             31             68             61             88            102             97             92            102             84             51             78             65            122            130             23             21            114             78             33             72            119             52             87             74             60            123             88             73
                 129             11             42             96             52            105             33             62             23             80            100             65             23             51             92             94             15             43             55             60             68             52             37            100             42             51             42             43             84             31             62             11             23             80
                 130             88             65             29            132            126             68             61             72             21             43             33            102             46             87             60             96            100             84            102            102             55             60            116            132             65            123             51             55             78             52            101             73            122             94
                 131             46             72            116             82            141             62             92             41             97            124             84             15             72            126            122             51             11             33             96            105             51             61            136             65             43             73             62            112             65             58             29             52            116             37            105
                 132             51             68            102             97            144             60             87             37             82            112             71             31             62            123            114             60             15             11            101            108             33             55            138             82             23             87             52            104             65             37             42             51            122             46             87             23
                 133             68             37             23            102             84             46             23             62             23             23             23             94             31             46             23             73            102             94             65             62             65             42             74            108             74             94             41             15             51             68             87             55             82             78             42            102             92
