    #        ngroups         ntours         nspots
                  50             13             42

    #        spot_id         n_name         length              a              b
                   4         Spot_4            150              0           1440
                   5         Spot_5             90              0           1440
                   7         Spot_7             60              0           1440
                  10        Spot_10            120              0           1440
                  11        Spot_11            180              0           1440
                  14        Spot_14            120              0           1440
                  17        Spot_17             90              0           1440
                  27        Spot_27             90              0           1440
                  32        Spot_32            150              0           1440
                  35        Spot_35            150              0           1440
                  38        Spot_38            180              0           1440
                  39        Spot_39             90              0           1440
                  47        Spot_47            120              0           1440
                  48        Spot_48            150              0           1440
                  53        Spot_53            150              0           1440
                  54        Spot_54            180              0           1440
                  56        Spot_56            180              0           1440
                  59        Spot_59            180              0           1440
                  65        Spot_65             90              0           1440
                  66        Spot_66            120              0           1440
                  68        Spot_68            210              0           1440
                  69        Spot_69            120              0           1440
                  85        Spot_85             90              0           1440
                  86        Spot_86            180              0           1440
                  87        Spot_87             60              0           1440
                  98        Spot_98             90              0           1440
                 101       Spot_101             60              0           1440
                 107       Spot_107            120              0           1440
                 108       Spot_108             90              0           1440
                 109       Spot_109            120              0           1440
                 110       Spot_110            180              0           1440
                 111       Spot_111            180              0           1440
                 124      Hotel_124              0              0           1440
                 125      Hotel_125              0              0           1440
                 126      Hotel_126              0              0           1440
                 127      Hotel_127              0              0           1440
                 128      Hotel_128              0              0           1440
                 129      Hotel_129              0              0           1440
                 130      Hotel_130              0              0           1440
                 131      Hotel_131              0              0           1440
                 132      Hotel_132              0              0           1440
                 133      Hotel_133              0              0           1440

    #          tr_id        tr_name          nspot            seq
                  65        Tour_65              3             59            109             69
                  37        Tour_37              2            108            107
                  18        Tour_18              2             11             47
                  47        Tour_47              1             56
                  98        Tour_98              3              7             53             48
                  58        Tour_58              3             87             27             54
                  66        Tour_66              3             68             87             47
                  31        Tour_31              3             86              4              7
                  75        Tour_75              3             85             32              5
                  43        Tour_43              2             14             35
                  53        Tour_53              4             66             65             10            101
                  29        Tour_29              3             17            111            110
                  76        Tour_76              3             38             98             39

    #          gr_id        gr_size          tr_id         origin
                   0              5             65            128
                   1              3             37            130
                   2              4             18            124
                   3              4             47            127
                   4              6             98            126
                   5              8             58            125
                   6              7             66            127
                   7              5             31            130
                   8              5             75            132
                   9              3             43            124
                  10              7             53            125
                  11              3             29            131
                  12              6             76            131
                  13              9             53            132
                  14              4             43            132
                  15              2             31            126
                  16              2             58            129
                  17              3             66            124
                  18              6             65            128
                  19              5             18            132
                  20              4             31            127
                  21              4             31            131
                  22              2             98            125
                  23              7             58            129
                  24              4             29            125
                  25              9             29            124
                  26              9             31            124
                  27              1             37            130
                  28              7             18            131
                  29              4             76            125
                  30              2             43            127
                  31              1             75            126
                  32              8             43            129
                  33              8             31            129
                  34              7             58            128
                  35              5             65            129
                  36              3             75            130
                  37              5             43            128
                  38              3             29            127
                  39              3             43            126
                  40              1             65            129
                  41              7             58            130
                  42              4             47            133
                  43              2             98            132
                  44              4             29            128
                  45              7             31            132
                  46              7             37            131
                  47              7             75            133
                  48              9             43            133
                  49              9             65            126

    #            o/d              4              5              7             10             11             14             17             27             32             35             38             39             47             48             53             54             56             59             65             66             68             69             85             86             87             98            101            107            108            109            110            111            124            125            126            127            128            129            130            131            132            133
                   5            132
                   7             46             87
                  10            126             81             96
                  11             71            124             65            159
                  14             21            114             29            106             74
                  17            132             23             88            102            112            116
                  27            129             11             84             71            126            109             33
                  32             94             65             55            119             61             82             51             68
                  35             51            129             62             92            116             42            138            122            116
                  38             92             68             60             37            122             72             84             60             87             68
                  39             62             73             23             73             86             42             80             68             61             60             37
                  47             60             92             33            122             37             52             84             92             37             92             86             51
                  48             46            102             29            124             37             41             97            102             51             82             88             51             15
                  53             88            114             78             55            141             72            129            105            122             42             46             62            109            105
                  54             33            114             33            127             42             33            109            112             65             74             91             55             29             15            102
                  56            114             33             71             52            123             94             51             23             72            102             37             52             87             94             82            102
                  59            104             37             61             55            114             84             52             29             65             94             33             42             78             84             78             92             11
                  65            122             41             82             41            136            102             62             31             86            105             37             61            100            106             80            114             15             23
                  66            106             29             62             65            109             87             42             23             58            101             42             46             74             82             87             92             15             11             29
                  68             42            102             31             84             91             23            108             96             84             33             51             29             62             55             51             51             78             68             84             73
                  69             60             74             15             94             65             43             73             72             42             74             58             23             29             33             84             41             62             52             74             51             42
                  85             55             78             11             88             72             37             80             74             52             65             51             15             37             37             74             42             61             51             72             52             33             11
                  86             61            122             58            152             11             65            112            124             62            106            116             80             33             29            132             33            119            109            132            106             82             60             65
                  87            127             15             82             92            112            110             11             23             52            130             74             72             82             94            119            106             41             42             52             33            101             68             73            112
                  98             65             81             31            115             46             55             74             82             29             92             80             46             11             23            106             37             78             68             91             65             61             23             33             42             72
                 101             65            130             71             84            129             55            141            122            124             15             65             65            102             94             31             87            101             94            102            102             41             82             72            119            132            102
                 107            105            106             88             37            152             88            124             97            126             62             41             68            119            116             21            115             74             72             68             82             65             91             82            144            114            114             51
                 108             80             61             37            102             65             65             55             62             21             97             68             41             31             42            102             55             60             51             73             46             65             23             33             62             52             21            104            106
                 109            109             94             86             23            151             91            112             84            119             71             33             65            116            115             33            116             62             61             55             71             68             88             80            144            102            110             62             15            100
                 110             37            130             55            102            104             31            137            124            109             15             74             58             82             71             55             62            105             96            109            102             29             68             60             94            129             84             29             74             91             82
                 111             41             96             21             87             82             21            101             91             74             42             52             23             52             46             60             43             74             65             82             68             11             33             23             73             94             51             51             72             55             73             37
                 124             61             80             29             68             94             41             88             73             71             51             33             11             60             58             52             60             55             46             62             51             23             33             23             86             80             55             55             60             51             58             51             21
                 125            102             42             58            100             82             86             33             46             23            114             72             55             52             65            112             78             51             46             65             37             82             43             51             81             31             42            119            112             23            104            110             73             65
                 126            102             55             65             37            124             81             72             46             82             82             15             42             88             91             60             97             23             21             23             31             62             60             55            119             62             80             80             52             65             41             87             61             41             65
                 127             72             65             33             65             94             52             73             60             62             65             29             11             58             60             61             65             42             33             51             37             37             29             23             88             65             51             68             65             42             60             65             33             15             52             33
                 128             60            137             72             94            126             52            146            129            126             11             73             68            102             92             41             84            108            101            110            108             42             84             74            116            138            102             11             61            106             72             23             52             60            123             88             73
                 129             92             60             55             43            116             71             74             51             78             73             11             33             80             82             55             87             29             23             33             33             52             51             46            110             65             72             72             51             60             42             78             51             31             62             11             23             80
                 130             78             94             52            137             31             72             81             97             31            112            102             68             21             33            129             46             96             88            110             82             82             46             55             33             82             23            122            136             37            132            102             72             78             52            101             73            122             94
                 131            124             31             81             51            132            104             52             21             80            110             43             62             97            104             88            112             11             21             11             23             87             72             71            129             42             87            108             78             68             65            114             84             65             58             29             52            116             37            105
                 132            119             15             74             72            116            100             31             11             60            115             55             60             82             92            100            102             21             23             33             15             88             62             65            114             21             72            116             94             52             82            116             82             65             37             42             51            122             46             87             23
                 133             37            104             23            119             46             31            100            102             58             72             82             46             23             11             96             11             92             82            104             81             46             31             33             37             97             29             84            108             46            108             61             37             51             68             87             55             82             78             42            102             92
