    #        ngroups         ntours         nspots
                   5              2              9

    #        spot_id         n_name         length              a              b
                  59        Spot_59            180              0           1440
                  69        Spot_69            120              0           1440
                 107       Spot_107            120              0           1440
                 108       Spot_108             90              0           1440
                 109       Spot_109            120              0           1440
                 125      Hotel_125              0              0           1440
                 126      Hotel_126              0              0           1440
                 128      Hotel_128              0              0           1440
                 133      Hotel_133              0              0           1440

    #          tr_id        tr_name          nspot            seq
                  65        Tour_65              3             59            109             69
                  37        Tour_37              2            108            107

    #          gr_id        gr_size          tr_id         origin
                   0              3             65            128
                   1              3             37            125
                   2              1             65            126
                   3              2             37            133
                   4              1             65            128

    #            o/d             59             69            107            108            109            125            126            128            133
                  69             52
                 107             72             91
                 108             51             23            106
                 109             61             88             15            100
                 125             46             43            112             23            104
                 126             21             60             52             65             41             65
                 128            101             84             61            106             72            123             88
                 133             82             31            108             46            108             68             87             82
