    #        ngroups         ntours         nspots
                  50             13             40

    #        spot_id         n_name         length              a              b
                   7         Spot_7             60              0           1440
                   8         Spot_8            120              0           1440
                   9         Spot_9            150              0           1440
                  10        Spot_10            120              0           1440
                  20        Spot_20            180              0           1440
                  23        Spot_23            210              0           1440
                  28        Spot_28            180              0           1440
                  29        Spot_29             60              0           1440
                  33        Spot_33            210              0           1440
                  38        Spot_38            180              0           1440
                  39        Spot_39             90              0           1440
                  48        Spot_48            150              0           1440
                  52        Spot_52             90              0           1440
                  53        Spot_53            150              0           1440
                  63        Spot_63            120              0           1440
                  75        Spot_75            120              0           1440
                  77        Spot_77            150              0           1440
                  79        Spot_79             60              0           1440
                  81        Spot_81             60              0           1440
                  83        Spot_83             60              0           1440
                  85        Spot_85             90              0           1440
                  90        Spot_90            180              0           1440
                  91        Spot_91            210              0           1440
                  94        Spot_94            210              0           1440
                  98        Spot_98             90              0           1440
                 101       Spot_101             60              0           1440
                 102       Spot_102            150              0           1440
                 107       Spot_107            120              0           1440
                 113       Spot_113            210              0           1440
                 114       Spot_114             60              0           1440
                 124      Hotel_124              0              0           1440
                 125      Hotel_125              0              0           1440
                 126      Hotel_126              0              0           1440
                 127      Hotel_127              0              0           1440
                 128      Hotel_128              0              0           1440
                 129      Hotel_129              0              0           1440
                 130      Hotel_130              0              0           1440
                 131      Hotel_131              0              0           1440
                 132      Hotel_132              0              0           1440
                 133      Hotel_133              0              0           1440

    #          tr_id        tr_name          nspot            seq
                  94        Tour_94              3             63             90             75
                  78        Tour_78              2            102              8
                  38        Tour_38              3             81             28             29
                  71        Tour_71              3             94             83             20
                  76        Tour_76              3             38             98             39
                  26        Tour_26              2            113             91
                  87        Tour_87              2            114             33
                  98        Tour_98              3              7             53             48
                  34        Tour_34              2            101             10
                  19        Tour_19              3             52             29             77
                   8         Tour_8              2              9             79
                  92        Tour_92              2             23             85
                  96        Tour_96              2            107             79

    #          gr_id        gr_size          tr_id         origin
                   0              3             94            132
                   1              9             78            130
                   2              4             38            128
                   3              6             71            132
                   4              3             76            131
                   5              4             26            124
                   6              7             87            131
                   7              5             98            131
                   8              7             34            125
                   9              1             19            125
                  10              3              8            133
                  11              7             92            127
                  12              4             96            128
                  13              8             26            128
                  14              4             76            124
                  15              8             98            129
                  16              2             71            124
                  17              5             87            124
                  18              9             26            126
                  19              2             78            132
                  20              6             19            129
                  21              7             96            130
                  22              5             71            130
                  23              6             34            131
                  24              7             78            127
                  25              1             78            133
                  26              9             96            129
                  27              3             19            127
                  28              2             92            129
                  29              8             76            131
                  30              6             96            129
                  31              1             38            126
                  32              1             92            125
                  33              9             38            126
                  34              9             38            130
                  35              1             78            133
                  36              9             76            125
                  37              4             71            128
                  38              5             87            126
                  39              8             26            130
                  40              9             34            133
                  41              2             98            125
                  42              3             19            126
                  43              8             96            129
                  44              4             34            126
                  45              4             34            125
                  46              5             26            127
                  47              7             19            132
                  48              7             94            132
                  49              5             92            127

    #            o/d              7              8              9             10             20             23             28             29             33             38             39             48             52             53             63             75             77             79             81             83             85             90             91             94             98            101            102            107            113            114            124            125            126            127            128            129            130            131            132            133
                   8             88
                   9             33             84
                  10             96             11             94
                  20             58            112             33            122
                  23             80             23             68             33             94
                  28             55            137             82            144             94            132
                  29             65             23             62             33             92             21            116
                  33             61             72             33             82             46             51            114             55
                  38             60             29             61             37             92             31            108             11             60
                  39             23             65             37             73             68             60             73             43             55             37
                  48             29            116             52            124             65            108             31             94             84             88             51
                  52             21            101             52            108             73             96             37             80             81             72             37             21
                  53             78             46             58             55             78             23            132             37             33             46             62            105             97
                  63             42            127             51            136             51            116             46            105             82            100             65             23             42            108
                  75             52            119             84            124            105            119             31            100            112             91             62             43             33            124             65
                  77             41            123             43            132             41            110             55            100             73             97             62             29             46            101             11             72
                  79             82             62            100             61            132             78            109             60            108             51             65            102             82             96            122             82            122
                  81             74             55             51             65             68             33            129             43             23             51             61            100             94             11            102            122             94            102
                  83             33            109             29            119             33             96             62             87             60             84             51             33             43             86             23             73             15            114             80
                  85             11             80             37             88             65             73             60             58             62             51             15             37             23             74             52             51             51             72             72             42
                  90             55             74             80             78            110             81             78             61             96             51             43             71             51             94             92             51             94             33             97             87             46
                  91             51             71             23             81             42             52            104             52             11             55             46             74             71             37             73            102             65            102             29             51             52             88
                  94             52             46             65             51             97             51             94             31             72             21             31             78             60             65             94             73             92             37             68             81             42             31             65
                  98             31            108             62            115             82            105             29             88             92             80             46             23             11            106             46             23             51             84            104             51             33             52             81             65
                 101             71             74             42             84             51             52            124             60             11             65             65             94             92             31             91            122             82            115             21             68             72            105             21             80            102
                 102             51            124             82            130            100            123             21            105            112             96             65             37             31            126             58             11             65             91            124             68             52             60            102             80             21            122
                 107             88             29             73             37             97             11            141             31             52             41             68            116            105             21            122            129            116             87             31            102             82             92             55             61            114             51            132
                 113             60             84             86             87            116             92             74             71            105             61             51             72             52            104             94             46             97             37            106             91             51             11             96             41             51            114             55            102
                 114             73             33             60             42             84             11            127             23             41             33             55            102             91             15            108            116            102             82             23             88             68             82             42             52            100             42            119             15             92
                 124             29             60             33             68             65             51             82             37             46             33             11             58             46             52             68             72             65             68             51             52             23             51             37             33             55             55             74             60             60             46
                 125             58             97             88            100            115            102             62             82            109             72             55             65             46            112             87             33             91             51            114             88             51             23            100             52             42            119             42            112             15            102             65
                 126             65             33             72             37            104             42            108             23             73             15             42             91             73             60            106             88            104             37             65             92             55             42             68             15             80             80             94             52             52             46             41             65
                 127             33             58             46             65             78             55             80             37             60             29             11             60             43             61             74             65             72             55             62             61             23             37             51             21             51             68             68             65             46             52             15             52             33
                 128             72             84             41             94             43             62            122             68             15             73             68             92             92             41             87            124             78            122             31             65             74            110             23             86            102             11            122             61            119             52             60            123             88             73
                 129             55             37             62             43             94             41            101             21             65             11             33             82             65             55             97             82             94             43             60             82             46             41             60             11             72             72             88             51             51             42             31             62             11             23             80
                 130             52            130             81            137             97            127             11            110            112            102             68             33             33            129             51             21             60            100            126             65             55             68            102             86             23            122             11            136             65            123             78             52            101             73            122             94
                 131             81             52             97             51            129             68            114             51            102             43             62            104             84             88            122             88            122             11             94            112             71             37             96             33             87            108             96             78             43             73             65             58             29             52            116             37            105
                 132             74             71             96             72            127             84             97             65            108             55             60             92             71            100            112             68            114             15            105            106             65             21            101             37             72            116             78             94             23             87             65             37             42             51            122             46             87             23
                 133             23            110             42            119             55            101             41             88             74             82             46             11             23             96             21             51             23            102             91             23             33             72             65             74             29             84             46            108             74             94             51             68             87             55             82             78             42            102             92
