    #        ngroups         ntours         nspots
                   5              2              9

    #        spot_id         n_name         length              a              b
                  27        Spot_27             90              0           1440
                  35        Spot_35            150              0           1440
                  66        Spot_66            120              0           1440
                  86        Spot_86            180              0           1440
                 123       Spot_123            210              0           1440
                 126      Hotel_126              0              0           1440
                 127      Hotel_127              0              0           1440
                 128      Hotel_128              0              0           1440
                 133      Hotel_133              0              0           1440

    #          tr_id        tr_name          nspot            seq
                  72        Tour_72              3             66             27            123
                  20        Tour_20              2             35             86

    #          gr_id        gr_size          tr_id         origin
                   0              9             72            133
                   1              2             20            133
                   2              8             20            127
                   3              5             72            128
                   4              8             20            126

    #            o/d             27             35             66             86            123            126            127            128            133
                  35            122
                  66             23            101
                  86            124            106            106
                 123             82             52             65            122
                 126             46             82             31            119             37
                 127             60             65             37             88             42             33
                 128            129             11            108            116             55             88             73
                 133            102             72             81             37             86             87             55             82
