    #        ngroups         ntours         nspots
                  60             15             43

    #        spot_id         n_name         length              a              b
                   4         Spot_4            150              0           1440
                   5         Spot_5             90              0           1440
                   7         Spot_7             60              0           1440
                  10        Spot_10            120              0           1440
                  11        Spot_11            180              0           1440
                  17        Spot_17             90              0           1440
                  23        Spot_23            210              0           1440
                  24        Spot_24            210              0           1440
                  27        Spot_27             90              0           1440
                  32        Spot_32            150              0           1440
                  35        Spot_35            150              0           1440
                  36        Spot_36            120              0           1440
                  39        Spot_39             90              0           1440
                  47        Spot_47            120              0           1440
                  49        Spot_49             60              0           1440
                  59        Spot_59            180              0           1440
                  62        Spot_62            150              0           1440
                  66        Spot_66            120              0           1440
                  69        Spot_69            120              0           1440
                  77        Spot_77            150              0           1440
                  79        Spot_79             60              0           1440
                  80        Spot_80            210              0           1440
                  85        Spot_85             90              0           1440
                  86        Spot_86            180              0           1440
                  88        Spot_88            210              0           1440
                  91        Spot_91            210              0           1440
                 101       Spot_101             60              0           1440
                 107       Spot_107            120              0           1440
                 108       Spot_108             90              0           1440
                 109       Spot_109            120              0           1440
                 110       Spot_110            180              0           1440
                 111       Spot_111            180              0           1440
                 123       Spot_123            210              0           1440
                 124      Hotel_124              0              0           1440
                 125      Hotel_125              0              0           1440
                 126      Hotel_126              0              0           1440
                 127      Hotel_127              0              0           1440
                 128      Hotel_128              0              0           1440
                 129      Hotel_129              0              0           1440
                 130      Hotel_130              0              0           1440
                 131      Hotel_131              0              0           1440
                 132      Hotel_132              0              0           1440
                 133      Hotel_133              0              0           1440

    #          tr_id        tr_name          nspot            seq
                  72        Tour_72              3             66             27            123
                  20        Tour_20              2             35             86
                  34        Tour_34              2            101             10
                  92        Tour_92              2             23             85
                  65        Tour_65              3             59            109             69
                  29        Tour_29              3             17            111            110
                  40        Tour_40              3             79             49              5
                  41        Tour_41              2             80             32
                  18        Tour_18              2             11             47
                  16        Tour_16              3             62             24             79
                  86        Tour_86              1             91
                  14        Tour_14              2             88             85
                  88        Tour_88              3             39             36             77
                  37        Tour_37              2            108            107
                  31        Tour_31              3             86              4              7

    #          gr_id        gr_size          tr_id         origin
                   0              9             72            129
                   1              1             20            132
                   2              5             34            127
                   3              5             92            128
                   4              4             65            124
                   5              4             29            124
                   6              5             40            124
                   7              8             41            131
                   8              2             18            130
                   9              6             16            132
                  10              3             86            131
                  11              5             14            126
                  12              9             88            128
                  13              9             37            127
                  14              4             31            133
                  15              7             92            127
                  16              2             92            125
                  17              6             18            133
                  18              9             37            130
                  19              3             37            129
                  20              8             16            129
                  21              3             34            125
                  22              7             72            128
                  23              1             37            133
                  24              9             88            128
                  25              3             14            126
                  26              9             20            124
                  27              1             18            126
                  28              7             29            125
                  29              2             14            125
                  30              4             18            127
                  31              4             20            132
                  32              3             41            128
                  33              9             37            129
                  34              5             34            133
                  35              8             41            133
                  36              1             16            129
                  37              8             18            132
                  38              2             41            125
                  39              1             72            132
                  40              6             14            126
                  41              9             31            132
                  42              5             72            126
                  43              5             37            126
                  44              1             14            130
                  45              7             65            125
                  46              8             88            130
                  47              1             40            131
                  48              1             88            131
                  49              5             14            127
                  50              1             18            124
                  51              5             92            129
                  52              4             72            131
                  53              9             16            131
                  54              5             88            130
                  55              6             37            127
                  56              3             86            133
                  57              3             29            130
                  58              6             92            124
                  59              4             72            128

    #            o/d              4              5              7             10             11             17             23             24             27             32             35             36             39             47             49             59             62             66             69             77             79             80             85             86             88             91            101            107            108            109            110            111            123            124            125            126            127            128            129            130            131            132            133
                   5            132
                   7             46             87
                  10            126             81             96
                  11             71            124             65            159
                  17            132             23             88            102            112
                  23            100             97             80             33            144            114
                  24             46            108             41             82            100            116             55
                  27            129             11             84             71            126             33             87            102
                  32             94             65             55            119             61             51            116             94             68
                  35             51            129             62             92            116            138             61             23            122            116
                  36             51            159             82            124            122            165             92             51            152            136             33
                  39             62             73             23             73             86             80             60             37             68             61             60             86
                  47             60             92             33            122             37             84            110             72             92             37             92            106             51
                  49             41            122             46            141             31            116            122             73            122             68             87             92             68             33
                  59            104             37             61             55            114             52             62             73             29             65             94            124             42             78            104
                  62             97             37             52             68            100             46             71             72             33             51             94            122             37             65             92             15
                  66            106             29             62             65            109             42             72             80             23             58            101            130             46             74            102             11             11
                  69             60             74             15             94             65             73             82             52             72             42             74             96             23             29             52             52             41             51
                  77             21            126             41            132             51            123            110             58            124             80             68             71             62             43             21            102             92            102             52
                  79            126             21             82             61            129             42             78             96             11             73            116            146             65             94            122             23             31             21             71            122
                  80             42            112             37            132             33            106            115             68            112             60             84             92             60             23             11             94             82             92             42             23            112
                  85             55             78             11             88             72             80             73             42             74             52             65             88             15             37             55             51             42             52             11             51             72             46
                  86             61            122             58            152             11            112            137             91            124             62            106            112             80             33             21            109             97            106             60             41            126             23             65
                  88            123             11             78             82            114             21             94            101             15             55            122            151             65             81            112             33             29             23             65            116             23            102             68            112
                  91             51            115             51             81            109            124             52             11            108            104             15             46             46             82             82             80             80             86             62             65            102             78             52            100            108
                 101             65            130             71             84            129            141             52             31            122            124             15             41             65            102            100             94             96            102             82             82            115             97             72            119            124             21
                 107            105            106             88             37            152            124             11             60             97            126             62             92             68            119            129             72             81             82             91            116             87            122             82            144            104             55             51
                 108             80             61             37            102             65             55             97             74             62             21             97            119             41             31             62             51             37             46             23             68             65             52             33             62             51             84            104            106
                 109            109             94             86             23            151            112             11             65             84            119             71            102             65            116            130             61             72             71             88            119             74            122             80            144             92             62             62             15            100
                 110             37            130             55            102            104            137             72             23            124            109             15             29             58             82             74             96             94            102             68             55            119             72             60             94            122             21             29             74             91             82
                 111             41             96             21             87             82            101             65             21             91             74             42             65             23             52             58             65             60             68             33             46             87             51             23             73             88             31             51             72             55             73             37
                 123             87             91             65             41            130            106             15             42             82            104             52             84             46             96            108             55             62             65             68             96             73            101             60            122             87             41             46             23             84             23             61             51
                 124             61             80             29             68             94             88             51             29             73             71             51             80             11             60             73             46             43             51             33             65             68             65             23             86             72             37             55             60             51             58             51             21             37
                 125            102             42             58            100             82             33            102             91             46             23            114            138             55             52             84             46             33             37             43             91             51             74             51             81             33            100            119            112             23            104            110             73             92             65
                 126            102             55             65             37            124             72             42             65             46             82             82            114             42             88            109             21             33             31             60            104             37            100             55            119             52             68             80             52             65             41             87             61             37             41             65
                 127             72             65             33             65             94             73             55             43             60             62             65             94             11             58             78             33             29             37             29             72             55             68             23             88             58             51             68             65             42             60             65             33             42             15             52             33
                 128             60            137             72             94            126            146             62             33            129            126             11             31             68            102             97            101            102            108             84             78            122             94             74            116            130             23             11             61            106             72             23             52             55             60            123             88             73
                 129             92             60             55             43            116             74             41             55             51             78             73            105             33             80            100             23             31             33             51             94             43             91             46            110             55             60             72             51             60             42             78             51             33             31             62             11             23             80
                 130             78             94             52            137             31             81            127             92             97             31            112            126             68             21             43             88             73             82             46             60            100             37             55             33             84            102            122            136             37            132            102             72            114             78             52            101             73            122             94
                 131            124             31             81             51            132             52             68             91             21             80            110            141             62             97            124             21             33             23             72            122             11            114             71            129             33             96            108             78             68             65            114             84             65             65             58             29             52            116             37            105
                 132            119             15             74             72            116             31             84             94             11             60            115            144             60             82            112             23             23             15             62            114             15            102             65            114             11            101            116             94             52             82            116             82             78             65             37             42             51            122             46             87             23
                 133             37            104             23            119             46            100            101             55            102             58             72             84             46             23             23             82             71             81             31             23            102             15             33             37             94             65             84            108             46            108             61             37             86             51             68             87             55             82             78             42            102             92
