    #        ngroups         ntours         nspots
                  70             18             48

    #        spot_id         n_name         length              a              b
                   4         Spot_4            150              0           1440
                   5         Spot_5             90              0           1440
                   7         Spot_7             60              0           1440
                  10        Spot_10            120              0           1440
                  11        Spot_11            180              0           1440
                  17        Spot_17             90              0           1440
                  22        Spot_22            150              0           1440
                  23        Spot_23            210              0           1440
                  24        Spot_24            210              0           1440
                  27        Spot_27             90              0           1440
                  32        Spot_32            150              0           1440
                  35        Spot_35            150              0           1440
                  36        Spot_36            120              0           1440
                  39        Spot_39             90              0           1440
                  47        Spot_47            120              0           1440
                  49        Spot_49             60              0           1440
                  52        Spot_52             90              0           1440
                  55        Spot_55             60              0           1440
                  59        Spot_59            180              0           1440
                  60        Spot_60             90              0           1440
                  62        Spot_62            150              0           1440
                  66        Spot_66            120              0           1440
                  69        Spot_69            120              0           1440
                  77        Spot_77            150              0           1440
                  79        Spot_79             60              0           1440
                  80        Spot_80            210              0           1440
                  85        Spot_85             90              0           1440
                  86        Spot_86            180              0           1440
                  88        Spot_88            210              0           1440
                  91        Spot_91            210              0           1440
                 101       Spot_101             60              0           1440
                 104       Spot_104            210              0           1440
                 107       Spot_107            120              0           1440
                 108       Spot_108             90              0           1440
                 109       Spot_109            120              0           1440
                 110       Spot_110            180              0           1440
                 111       Spot_111            180              0           1440
                 123       Spot_123            210              0           1440
                 124      Hotel_124              0              0           1440
                 125      Hotel_125              0              0           1440
                 126      Hotel_126              0              0           1440
                 127      Hotel_127              0              0           1440
                 128      Hotel_128              0              0           1440
                 129      Hotel_129              0              0           1440
                 130      Hotel_130              0              0           1440
                 131      Hotel_131              0              0           1440
                 132      Hotel_132              0              0           1440
                 133      Hotel_133              0              0           1440

    #          tr_id        tr_name          nspot            seq
                  72        Tour_72              3             66             27            123
                  20        Tour_20              2             35             86
                  34        Tour_34              2            101             10
                  92        Tour_92              2             23             85
                  65        Tour_65              3             59            109             69
                  29        Tour_29              3             17            111            110
                  40        Tour_40              3             79             49              5
                  41        Tour_41              2             80             32
                  18        Tour_18              2             11             47
                  16        Tour_16              3             62             24             79
                  86        Tour_86              1             91
                  14        Tour_14              2             88             85
                  88        Tour_88              3             39             36             77
                  37        Tour_37              2            108            107
                  31        Tour_31              3             86              4              7
                  11        Tour_11              3             52             66             55
                  39        Tour_39              2             77             60
                  91        Tour_91              2            104             22

    #          gr_id        gr_size          tr_id         origin
                   0              1             72            129
                   1              4             20            132
                   2              8             34            127
                   3              6             92            128
                   4              5             65            129
                   5              7             29            124
                   6              6             40            124
                   7              3             41            131
                   8              4             18            130
                   9              7             16            132
                  10              7             86            131
                  11              6             14            126
                  12              2             88            128
                  13              9             37            127
                  14              3             31            133
                  15              5             11            127
                  16              4             39            125
                  17              3             91            132
                  18              3             31            130
                  19              5             14            129
                  20              4             20            129
                  21              6             18            125
                  22              4             37            128
                  23              4             40            131
                  24              6             14            126
                  25              9             14            126
                  26              5             16            130
                  27              4             92            126
                  28              4             92            125
                  29              4             72            125
                  30              9             40            127
                  31              8             34            132
                  32              6             41            128
                  33              9             18            129
                  34              3             92            133
                  35              1             14            133
                  36              2             86            131
                  37              4             11            132
                  38              5             34            127
                  39              6             18            132
                  40              4             40            130
                  41              7             29            124
                  42              9             11            126
                  43              2             14            125
                  44              8             86            126
                  45              5             88            132
                  46              2             88            130
                  47              9             86            131
                  48              1             11            131
                  49              8             40            127
                  50              5             65            124
                  51              8             92            129
                  52              9             34            131
                  53              3             92            131
                  54              3             91            130
                  55              7             86            133
                  56              6             41            133
                  57              6             20            130
                  58              5             91            128
                  59              3             14            128
                  60              1             34            132
                  61              1             40            127
                  62              5             37            124
                  63              3             72            126
                  64              1             91            129
                  65              8             34            128
                  66              2             86            125
                  67              5             11            125
                  68              3             37            133
                  69              1             72            128

    #            o/d              4              5              7             10             11             17             22             23             24             27             32             35             36             39             47             49             52             55             59             60             62             66             69             77             79             80             85             86             88             91            101            104            107            108            109            110            111            123            124            125            126            127            128            129            130            131            132            133
                   5            132
                   7             46             87
                  10            126             81             96
                  11             71            124             65            159
                  17            132             23             88            102            112
                  22             42             91             11             91             73             94
                  23            100             97             80             33            144            114             72
                  24             46            108             41             82            100            116             31             55
                  27            129             11             84             71            126             33             87             87            102
                  32             94             65             55            119             61             51             65            116             94             68
                  35             51            129             62             92            116            138             52             61             23            122            116
                  36             51            159             82            124            122            165             73             92             51            152            136             33
                  39             62             73             23             73             86             80             21             60             37             68             61             60             86
                  47             60             92             33            122             37             84             42            110             72             92             37             92            106             51
                  49             41            122             46            141             31            116             51            122             73            122             68             87             92             68             33
                  52             58             82             21            108             51             78             31             96             61             81             37             82            100             37             15             41
                  55            122             51             84             31            141             72             82             51             84             41             94            100            132             62            105            129             91
                  59            104             37             61             55            114             52             62             62             73             29             65             94            124             42             78            104             65             29
                  60            112             62             78             23            138             81             74             37             72             52             96             87            119             55            102            123             88             15             33
                  62             97             37             52             68            100             46             55             71             72             33             51             94            122             37             65             92             52             43             15             46
                  66            106             29             62             65            109             42             65             72             80             23             58            101            130             46             74            102             62             37             11             42             11
                  69             60             74             15             94             65             73             23             82             52             72             42             74             96             23             29             52             15             78             52             73             41             51
                  77             21            126             41            132             51            123             42            110             58            124             80             68             71             62             43             21             46            124            102            116             92            102             52
                  79            126             21             82             61            129             42             84             78             96             11             73            116            146             65             94            122             82             31             23             42             31             21             71            122
                  80             42            112             37            132             33            106             43            115             68            112             60             84             92             60             23             11             31            119             94            114             82             92             42             23            112
                  85             55             78             11             88             72             80             15             73             42             74             52             65             88             15             37             55             23             74             51             68             42             52             11             51             72             46
                  86             61            122             58            152             11            112             65            137             91            124             62            106            112             80             33             21             46            136            109            132             97            106             60             41            126             23             65
                  88            123             11             78             82            114             21             82             94            101             15             55            122            151             65             81            112             72             52             33             61             29             23             65            116             23            102             68            112
                  91             51            115             51             81            109            124             41             52             11            108            104             15             46             46             82             82             71             87             80             74             80             86             62             65            102             78             52            100            108
                 101             65            130             71             84            129            141             61             52             31            122            124             15             41             65            102            100             92             96             94             82             96            102             82             82            115             97             72            119            124             21
                 104             42            144             68            112            112            151             60             81             37            138            123             21             15             72             94             82             87            119            110            106            108            116             82             62            132             81             73            102            137             33             33
                 107            105            106             88             37            152            124             80             11             60             97            126             62             92             68            119            129            105             60             72             46             81             82             91            116             87            122             82            144            104             55             51             82
                 108             80             61             37            102             65             55             46             97             74             62             21             97            119             41             31             62             23             80             51             80             37             46             23             68             65             52             33             62             51             84            104            105            106
                 109            109             94             86             23            151            112             80             11             65             84            119             71            102             65            116            130            102             46             61             33             72             71             88            119             74            122             80            144             92             62             62             92             15            100
                 110             37            130             55            102            104            137             46             72             23            124            109             15             29             58             82             74             74            106             96             94             94            102             68             55            119             72             60             94            122             21             29             15             74             91             82
                 111             41             96             21             87             82            101             11             65             21             91             74             42             65             23             52             58             41             81             65             72             60             68             33             46             87             51             23             73             88             31             51             51             72             55             73             37
                 123             87             91             65             41            130            106             58             15             42             82            104             52             84             46             96            108             82             51             55             37             62             65             68             96             73            101             60            122             87             41             46             72             23             84             23             61             51
                 124             61             80             29             68             94             88             23             51             29             73             71             51             80             11             60             73             46             61             46             52             43             51             33             65             68             65             23             86             72             37             55             65             60             51             58             51             21             37
                 125            102             42             58            100             82             33             65            102             91             46             23            114            138             55             52             84             46             73             46             78             33             37             43             91             51             74             51             81             33            100            119            124            112             23            104            110             73             92             65
                 126            102             55             65             37            124             72             62             42             65             46             82             82            114             42             88            109             73             21             21             15             33             31             60            104             37            100             55            119             52             68             80            100             52             65             41             87             61             37             41             65
                 127             72             65             33             65             94             73             31             55             43             60             62             65             94             11             58             78             43             52             33             46             29             37             29             72             55             68             23             88             58             51             68             80             65             42             60             65             33             42             15             52             33
                 128             60            137             72             94            126            146             62             62             33            129            126             11             31             68            102             97             92            105            101             91            102            108             84             78            122             94             74            116            130             23             11             23             61            106             72             23             52             55             60            123             88             73
                 129             92             60             55             43            116             74             52             41             55             51             78             73            105             33             80            100             65             31             23             23             31             33             51             94             43             91             46            110             55             60             72             91             51             60             42             78             51             33             31             62             11             23             80
                 130             78             94             52            137             31             81             62            127             92             97             31            112            126             68             21             43             33            116             88            115             73             82             46             60            100             37             55             33             84            102            122            114            136             37            132            102             72            114             78             52            101             73            122             94
                 131            124             31             81             51            132             52             82             68             91             21             80            110            141             62             97            124             84             21             21             33             33             23             72            122             11            114             71            129             33             96            108            127             78             68             65            114             84             65             65             58             29             52            116             37            105
                 132            119             15             74             72            116             31             78             84             94             11             60            115            144             60             82            112             71             42             23             51             23             15             62            114             15            102             65            114             11            101            116            130             94             52             82            116             82             78             65             37             42             51            122             46             87             23
                 133             37            104             23            119             46            100             29            101             55            102             58             72             84             46             23             23             23            106             82            100             71             81             31             23            102             15             33             37             94             65             84             72            108             46            108             61             37             86             51             68             87             55             82             78             42            102             92
