    #        ngroups         ntours         nspots
                  70             18             50

    #        spot_id         n_name         length              a              b
                   0         Spot_0            210              0           1440
                   2         Spot_2            210              0           1440
                   5         Spot_5             90              0           1440
                   6         Spot_6             60              0           1440
                  29        Spot_29             60              0           1440
                  31        Spot_31             90              0           1440
                  33        Spot_33            210              0           1440
                  34        Spot_34            120              0           1440
                  35        Spot_35            150              0           1440
                  38        Spot_38            180              0           1440
                  39        Spot_39             90              0           1440
                  40        Spot_40             60              0           1440
                  46        Spot_46             60              0           1440
                  47        Spot_47            120              0           1440
                  49        Spot_49             60              0           1440
                  51        Spot_51             60              0           1440
                  53        Spot_53            150              0           1440
                  56        Spot_56            180              0           1440
                  59        Spot_59            180              0           1440
                  68        Spot_68            210              0           1440
                  69        Spot_69            120              0           1440
                  73        Spot_73            180              0           1440
                  76        Spot_76             90              0           1440
                  79        Spot_79             60              0           1440
                  87        Spot_87             60              0           1440
                  88        Spot_88            210              0           1440
                  89        Spot_89            120              0           1440
                  94        Spot_94            210              0           1440
                  96        Spot_96            180              0           1440
                  98        Spot_98             90              0           1440
                 105       Spot_105             90              0           1440
                 106       Spot_106            180              0           1440
                 107       Spot_107            120              0           1440
                 108       Spot_108             90              0           1440
                 109       Spot_109            120              0           1440
                 113       Spot_113            210              0           1440
                 114       Spot_114             60              0           1440
                 118       Spot_118            210              0           1440
                 120       Spot_120            180              0           1440
                 121       Spot_121             90              0           1440
                 124      Hotel_124              0              0           1440
                 125      Hotel_125              0              0           1440
                 126      Hotel_126              0              0           1440
                 127      Hotel_127              0              0           1440
                 128      Hotel_128              0              0           1440
                 129      Hotel_129              0              0           1440
                 130      Hotel_130              0              0           1440
                 131      Hotel_131              0              0           1440
                 132      Hotel_132              0              0           1440
                 133      Hotel_133              0              0           1440

    #          tr_id        tr_name          nspot            seq
                  65        Tour_65              3             59            109             69
                  96        Tour_96              2            107             79
                  66        Tour_66              3             68             87             47
                  74        Tour_74              3            105              2            109
                   1         Tour_1              2            121             56
                  22        Tour_22              1             88
                  23        Tour_23              3             76             89            120
                  73        Tour_73              2             46            113
                  17        Tour_17              3             34            108             49
                  45        Tour_45              2              6             88
                  68        Tour_68              2            106             53
                  36        Tour_36              2             31             53
                   4         Tour_4              3             73              0              5
                  76        Tour_76              3             38             98             39
                   3         Tour_3              2             96            114
                  42        Tour_42              2            118             51
                  82        Tour_82              4             40             29             33              6
                  85        Tour_85              3             94             35            114

    #          gr_id        gr_size          tr_id         origin
                   0              8             65            126
                   1              8             96            132
                   2              6             66            125
                   3              6             74            127
                   4              7              1            126
                   5              3             22            126
                   6              7             23            125
                   7              8             73            130
                   8              7             17            126
                   9              8             45            130
                  10              7             68            133
                  11              9             36            131
                  12              7              4            129
                  13              2             76            124
                  14              3              3            133
                  15              9             42            133
                  16              9             82            132
                  17              7             85            128
                  18              9             22            126
                  19              1             74            132
                  20              2             65            127
                  21              4             22            130
                  22              4             85            132
                  23              2              4            127
                  24              5              3            129
                  25              9             85            129
                  26              7             23            124
                  27              6             66            124
                  28              2              3            131
                  29              5             45            129
                  30              9             73            128
                  31              4             73            130
                  32              1             96            133
                  33              4             85            125
                  34              9             65            130
                  35              5              4            130
                  36              6             68            130
                  37              3              1            125
                  38              6             76            128
                  39              4             45            132
                  40              5              3            133
                  41              6             36            133
                  42              3             42            131
                  43              5             23            125
                  44              7             45            133
                  45              7             66            129
                  46              8             73            127
                  47              8             82            131
                  48              4             66            129
                  49              9             96            126
                  50              4             42            127
                  51              2             66            126
                  52              3             23            128
                  53              8             65            126
                  54              5             85            128
                  55              3             85            124
                  56              7             65            128
                  57              9             23            127
                  58              9             65            128
                  59              4              4            130
                  60              2              1            127
                  61              4             65            124
                  62              8             42            124
                  63              5             74            125
                  64              5              1            127
                  65              7             65            131
                  66              5              4            132
                  67              5             82            133
                  68              9             66            129
                  69              1             42            129

    #            o/d              0              2              5              6             29             31             33             34             35             38             39             40             46             47             49             51             53             56             59             68             69             73             76             79             87             88             89             94             96             98            105            106            107            108            109            113            114            118            120            121            124            125            126            127            128            129            130            131            132            133
                   2             23
                   5             60             65
                   6             82             60            102
                  29             46             23             78             37
                  31             46             65             92            122             86
                  33             68             58            122             72             55             82
                  34             60             42             61             42             33            105             87
                  35             73             65            129             82             65             81             11             97
                  38             37             15             68             46             11             80             60             31             68
                  39             15             23             73             80             43             43             55             65             60             37
                  40             43             23             65             42             15             88             68             21             78             11             46
                  46             11             21             51             78             42             55             73             51             80             33             23             37
                  47             51             72             92            130             94             11             92            110             92             86             51             94             60
                  49             74             91            122            144            110             31             91            132             87            105             68            114             84             33
                  51             51             29             74             33             11             94             65             23             74             15             51             11             46            101            119
                  53             71             52            114             41             37            100             33             65             42             46             62             51             72            109            116             43
                  56             41             37             33             71             46             84             94             33            102             37             52             33             31             87            114             42             82
                  59             31             29             37             72             42             74             86             37             94             33             42             31             21             78            104             41             78             11
                  68             43             42            102             82             52             52             31             81             33             51             29             61             51             62             65             62             51             78             68
                  69             23             43             74            102             65             23             72             82             74             58             23             65             33             29             52             72             84             62             52             42
                  73             11             33             55             91             55             42             78             65             82             46             23             51             15             46             72             60             81             42             33             51             21
                  76             55             43            108             65             42             74             15             74             23             46             42             55             60             84             88             52             29             80             72             23             61             65
                  79             52             51             21             82             60             92            108             41            116             51             65             46             42             94            122             55             96             15             23             91             71             51             94
                  87             58             68             15            112             84             84            124             72            130             74             72             72             51             82            114             82            119             41             42            101             68             51            110             33
                  88             51             60             11            102             74             82            116             62            122             65             65             62             43             81            112             72            109             31             33             94             65             46            102             23             11
                  89             80            101            114            159            122             37            116            138            114            115             80            122             88             29             33            129            136            114            105             87             58             73            109            119            102            104
                  94             23             15             51             65             31             68             72             37             80             21             31             23             15             73             97             33             65             23             15             55             46             29             58             37             55             46            102
                  96             65             60            122             84             62             71             15             94             11             65             51             74             72             81             78             72             46             96             88             23             65             73             21            110            122            115            104             73
                  98             43             65             81            124             88             15             92            102             92             80             46             86             51             11             42             94            106             78             68             61             23             37             82             84             72             71             37             65             82
                 105             94             91            152            112             94             87             41            126             31             97             80            106            102             97             81            104             72            127            119             51             88            101             52            141            151            144            112            105             33            100
                 106             52             62            109            110             78             33             55            104             52             74             41             84             62             42             37             87             80             92             82             29             37             55             51            104            105            100             62             71             42             46             55
                 107             74             52            106             21             31            110             52             51             62             41             68             42             72            119            129             33             21             74             72             65             91             84             46             87            114            104            146             61             65            114             92             94
                 108             33             55             61            114             78             33             94             86             97             68             41             73             37             31             62             82            102             60             51             65             23             23             82             65             52             51             55             51             87             21            110             58            106
                 109             68             46             94             15             23            108             61             37             71             33             65             31             65            116            130             21             33             62             61             68             88             78             52             74            102             92            144             52             72            110            102             96             15            100
                 113             37             52             31            104             71             62            105             68            110             61             51             62             33             61             92             72            104             37             33             80             46             29             91             37             23             21             84             41            102             51            129             82            102             31             92
                 114             62             41            100             33             23             96             41             51             51             33             55             37             61            105            115             29             15             68             65             51             78             72             33             82            106             97            132             52             52            100             81             80             15             94             21             92
                 118             78             96            122            151            116             33            100            136             97            110             73            119             87             31             11            124            124            116            106             73             55             74             96            124            112            112             23            100             87             41             92             46            137             61            137             92            122
                 120             55             72             37            124             92             68            123             87            127             81             68             82             52             65             97             92            124             55             52             96             58             46            109             51             23             29             81             61            119             55            144             94            122             37            112             21            112             94
                 121             23             46             62            105             68             31             84             80             87             60             31             65             29             33             61             73             92             55             46             55             15             15             72             62             55             52             60             43             78             23            102             51             97             11             91             33             84             62             43
                 124             23             21             80             72             37             51             46             62             51             33             11             42             29             60             73             46             52             55             46             23             33             33             33             68             80             72             88             33             43             55             73             42             60             51             58             60             46             80             78             41
                 125             42             61             42            116             82             55            109             82            114             72             55             74             41             52             84             84            112             51             46             82             43             33             97             51             31             33             72             52            105             42            130             80            112             23            104             15            102             82             15             29             65
                 126             37             21             55             52             23             82             73             23             82             15             42             11             29             88            109             21             60             23             21             62             60             43             60             37             62             52            116             15             78             80            109             82             52             65             41             52             46            114             72             58             41             65
                 127             11             15             65             73             37             51             60             55             65             29             11             37             15             58             78             43             61             42             33             37             29             21             46             55             65             58             86             21             58             51             88             51             65             42             60             46             52             82             65             33             15             52             33
                 128             82             72            137             81             68             92             15            100             11             73             68             82             88            102             97             78             41            108            101             42             84             91             29            122            138            130            124             86             21            102             33             62             61            106             72            119             52            106            136             97             60            123             88             73
                 129             29             11             60             55             21             73             65             33             73             11             33             15             23             80            100             23             55             29             23             52             51             37             51             43             65             55            108             11             68             72            100             72             51             60             42             51             42            105             71             51             31             62             11             23             80
                 130             65             88             94            146            110             31            112            122            112            102             68            108             72             21             43            116            129             96             88             82             46             58            104            100             82             84             21             86            102             23            116             62            136             37            132             65            123             37             61             43             78             52            101             73            122             94
                 131             51             46             31             72             51             94            102             31            110             43             62             37             41             97            124             46             88             11             21             87             72             52             88             11             42             33            123             33            105             87            136            102             78             68             65             43             73            126             60             65             65             58             29             52            116             37            105
                 132             46             51             15             92             65             81            108             52            115             55             60             52             37             82            112             62            100             21             23             88             62             42             94             15             21             11            106             37            108             72            138             97             94             52             82             23             87            112             37             51             65             37             42             51            122             46             87             23
                 133             52             68            104            122             88             15             74            109             72             82             46             91             62             23             23             96             96             92             82             46             31             51             68            102             97             94             42             74             62             29             74             21            108             46            108             74             94             29             82             42             51             68             87             55             82             78             42            102             92
