    #        ngroups         ntours         nspots
                  80             20             55

    #        spot_id         n_name         length              a              b
                   4         Spot_4            150              0           1440
                   5         Spot_5             90              0           1440
                   7         Spot_7             60              0           1440
                  10        Spot_10            120              0           1440
                  11        Spot_11            180              0           1440
                  14        Spot_14            120              0           1440
                  17        Spot_17             90              0           1440
                  22        Spot_22            150              0           1440
                  24        Spot_24            210              0           1440
                  27        Spot_27             90              0           1440
                  32        Spot_32            150              0           1440
                  35        Spot_35            150              0           1440
                  38        Spot_38            180              0           1440
                  39        Spot_39             90              0           1440
                  43        Spot_43            210              0           1440
                  44        Spot_44            150              0           1440
                  47        Spot_47            120              0           1440
                  48        Spot_48            150              0           1440
                  52        Spot_52             90              0           1440
                  53        Spot_53            150              0           1440
                  54        Spot_54            180              0           1440
                  56        Spot_56            180              0           1440
                  57        Spot_57             90              0           1440
                  59        Spot_59            180              0           1440
                  62        Spot_62            150              0           1440
                  65        Spot_65             90              0           1440
                  66        Spot_66            120              0           1440
                  68        Spot_68            210              0           1440
                  69        Spot_69            120              0           1440
                  71        Spot_71            180              0           1440
                  79        Spot_79             60              0           1440
                  85        Spot_85             90              0           1440
                  86        Spot_86            180              0           1440
                  87        Spot_87             60              0           1440
                  95        Spot_95             90              0           1440
                  98        Spot_98             90              0           1440
                 100       Spot_100             90              0           1440
                 101       Spot_101             60              0           1440
                 104       Spot_104            210              0           1440
                 107       Spot_107            120              0           1440
                 108       Spot_108             90              0           1440
                 109       Spot_109            120              0           1440
                 110       Spot_110            180              0           1440
                 111       Spot_111            180              0           1440
                 118       Spot_118            210              0           1440
                 124      Hotel_124              0              0           1440
                 125      Hotel_125              0              0           1440
                 126      Hotel_126              0              0           1440
                 127      Hotel_127              0              0           1440
                 128      Hotel_128              0              0           1440
                 129      Hotel_129              0              0           1440
                 130      Hotel_130              0              0           1440
                 131      Hotel_131              0              0           1440
                 132      Hotel_132              0              0           1440
                 133      Hotel_133              0              0           1440

    #          tr_id        tr_name          nspot            seq
                  65        Tour_65              3             59            109             69
                  37        Tour_37              2            108            107
                  18        Tour_18              2             11             47
                  47        Tour_47              1             56
                  98        Tour_98              3              7             53             48
                  58        Tour_58              3             87             27             54
                  66        Tour_66              3             68             87             47
                  31        Tour_31              3             86              4              7
                  75        Tour_75              3             85             32              5
                  43        Tour_43              2             14             35
                  53        Tour_53              4             66             65             10            101
                  29        Tour_29              3             17            111            110
                  76        Tour_76              3             38             98             39
                  16        Tour_16              3             62             24             79
                  49        Tour_49              4             57            101             44             65
                   9         Tour_9              3              7             43             32
                  24        Tour_24              3            100             52             95
                  81        Tour_81              2            118             71
                  91        Tour_91              2            104             22
                  34        Tour_34              2            101             10

    #          gr_id        gr_size          tr_id         origin
                   0              9             65            129
                   1              2             37            130
                   2              1             18            124
                   3              6             47            127
                   4              1             98            124
                   5              4             58            125
                   6              7             66            127
                   7              9             31            124
                   8              2             75            132
                   9              7             43            124
                  10              6             53            125
                  11              8             29            131
                  12              7             76            131
                  13              9             16            127
                  14              5             49            131
                  15              5              9            126
                  16              9             24            129
                  17              3             81            124
                  18              7             91            128
                  19              4             34            132
                  20              4             76            127
                  21              2             76            131
                  22              7             81            125
                  23              3             75            129
                  24              5             66            125
                  25              9             49            126
                  26              5              9            133
                  27              1             24            130
                  28              6             24            131
                  29              6             16            125
                  30              5             49            127
                  31              1             43            126
                  32              7             75            129
                  33              1             49            129
                  34              9             58            128
                  35              6             75            129
                  36              2             66            130
                  37              5             66            128
                  38              1             98            127
                  39              7             31            125
                  40              7             53            132
                  41              4             53            130
                  42              3             66            133
                  43              4             24            132
                  44              2             37            128
                  45              4             66            132
                  46              2             91            131
                  47              9             58            133
                  48              4             65            125
                  49              6             49            126
                  50              5             29            133
                  51              1              9            132
                  52              2             29            131
                  53              9             65            126
                  54              9             34            130
                  55              3             58            131
                  56              7              9            133
                  57              7             43            128
                  58              4             29            127
                  59              3             49            127
                  60              1             91            126
                  61              3             16            129
                  62              6             34            133
                  63              9             76            126
                  64              3             66            124
                  65              7             34            128
                  66              2             31            132
                  67              3             16            133
                  68              2             43            132
                  69              4             18            124
                  70              7             29            130
                  71              5             37            128
                  72              3             66            125
                  73              7             47            130
                  74              7             18            128
                  75              7             81            133
                  76              5              9            126
                  77              6             75            129
                  78              4             24            124
                  79              5             91            130

    #            o/d              4              5              7             10             11             14             17             22             24             27             32             35             38             39             43             44             47             48             52             53             54             56             57             59             62             65             66             68             69             71             79             85             86             87             95             98            100            101            104            107            108            109            110            111            118            124            125            126            127            128            129            130            131            132            133
                   5            132
                   7             46             87
                  10            126             81             96
                  11             71            124             65            159
                  14             21            114             29            106             74
                  17            132             23             88            102            112            116
                  22             42             91             11             91             73             23             94
                  24             46            108             41             82            100             29            116             31
                  27            129             11             84             71            126            109             33             87            102
                  32             94             65             55            119             61             82             51             65             94             68
                  35             51            129             62             92            116             42            138             52             23            122            116
                  38             92             68             60             37            122             72             84             55             52             60             87             68
                  39             62             73             23             73             86             42             80             21             37             68             61             60             37
                  43             33            100             15            100             68             15            102             11             33             97             68             51             65             31
                  44             23            132             51            112             92             23            137             43             31            127            105             29             82             60             37
                  47             60             92             33            122             37             52             84             42             72             92             37             92             86             51             41             74
                  48             46            102             29            124             37             41             97             37             65            102             51             82             88             51             33             62             15
                  52             58             82             21            108             51             46             78             31             61             81             37             82             72             37             33             68             15             21
                  53             88            114             78             55            141             72            129             68             43            105            122             42             46             62             73             68            109            105             97
                  54             33            114             33            127             42             33            109             37             60            112             65             74             91             55             29             51             29             15             33            102
                  56            114             33             71             52            123             94             51             72             82             23             72            102             37             52             82            109             87             94             74             82            102
                  57             29            124             46            102             94             21            129             37             21            119            100             23             72             51             33             11             72             61             65             60             52            100
                  59            104             37             61             55            114             84             52             62             73             29             65             94             33             42             72            100             78             84             65             78             92             11             91
                  62             97             37             52             68            100             78             46             55             72             33             51             94             41             37             65             96             65             72             52             84             81             23             88             15
                  65            122             41             82             41            136            102             62             81             87             31             86            105             37             61             92            116            100            106             87             80            114             15            106             23             37
                  66            106             29             62             65            109             87             42             65             80             23             58            101             42             46             74            105             74             82             62             87             92             15             96             11             11             29
                  68             42            102             31             84             91             23            108             21             11             96             84             33             51             29             23             33             62             55             51             51             51             78             23             68             65             84             73
                  69             60             74             15             94             65             43             73             23             52             72             42             74             58             23             29             65             29             33             15             84             41             62             60             52             41             74             51             42
                  71             55            101             42             72            105             37            110             33             11             94             92             29             42             33             37             41             74             68             62             37             65             73             31             65             65             78             72             15             51
                  79            126             21             82             61            129            106             42             84             96             11             73            116             51             65             94            123             94            102             82             96            112             15            114             23             31             21             21             91             71             88
                  85             55             78             11             88             72             37             80             15             42             74             52             65             51             15             23             58             37             37             23             74             42             61             51             51             42             72             52             33             11             41             72
                  86             61            122             58            152             11             65            112             65             91            124             62            106            116             80             60             82             33             29             46            132             33            119             84            109             97            132            106             82             60             96            126             65
                  87            127             15             82             92            112            110             11             88            108             23             52            130             74             72             96            130             82             94             74            119            106             41            122             42             37             52             33            101             68            102             33             73            112
                  95             82             58             42             58            102             62             68             41             51             51             65             72             23             21             51             78             65             68             51             62             74             33             68             23             23             41             29             46             37             43             46             33             96             60
                  98             65             81             31            115             46             55             74             41             71             82             29             92             80             46             42             78             11             23             11            106             37             78             74             68             55             91             65             61             23             72             84             33             42             72             58
                 100             96             41             51             91             84             80             37             58             82             42             29            105             62             46             65            101             51             62             42            102             74             43             94             37             23             58             29             73             37             78             46             43             82             33             41             41
                 101             65            130             71             84            129             55            141             61             31            122            124             15             65             65             62             43            102             94             92             31             87            101             37             94             96            102            102             41             82             33            115             72            119            132             73            102            109
                 104             42            144             68            112            112             42            151             60             37            138            123             21             87             72             55             21             94             82             87             62             71            119             23            110            108            123            116             43             82             46            132             73            102            144             88             97            116             33
                 107            105            106             88             37            152             88            124             80             60             97            126             62             41             68             86             87            119            116            105             21            115             74             78             72             81             68             82             65             91             51             87             82            144            114             62            114            102             51             82
                 108             80             61             37            102             65             65             55             46             74             62             21             97             68             41             51             88             31             42             23            102             55             60             82             51             37             73             46             65             23             72             65             33             62             52             46             21             21            104            105            106
                 109            109             94             86             23            151             91            112             80             65             84            119             71             33             65             88             94            116            115            102             33            116             62             84             61             72             55             71             68             88             55             74             80            144            102             55            110             94             62             92             15            100
                 110             37            130             55            102            104             31            137             46             23            124            109             15             74             58             42             15             82             71             74             55             62            105             11             96             94            109            102             29             68             33            119             60             94            129             73             84            102             29             15             74             91             82
                 111             41             96             21             87             82             21            101             11             21             91             74             42             52             23             15             37             52             46             41             60             43             74             29             65             60             82             68             11             33             23             87             23             73             94             42             51             65             51             51             72             55             73             37
                 118             51            122             51            146             21             55            114             58             82            122             65             97            110             73             51             72             31             23             42            124             23            116             74            106             94            129            104             73             55             88            124             60             11            112             91             41             81            109             92            137             61            137             84             65
                 124             61             80             29             68             94             41             88             23             29             73             71             51             33             11             33             55             60             58             46             52             60             55             46             46             43             62             51             23             33             23             68             23             86             80             23             55             55             55             65             60             51             58             51             21             80
                 125            102             42             58            100             82             86             33             65             91             46             23            114             72             55             72            108             52             65             46            112             78             51            102             46             33             65             37             82             43             87             51             51             81             31             51             42             11            119            124            112             23            104            110             73             82             65
                 126            102             55             65             37            124             81             72             62             65             46             82             82             15             42             72             94             88             91             73             60             97             23             84             21             33             23             31             62             60             55             37             55            119             62             23             80             55             80            100             52             65             41             87             61            114             41             65
                 127             72             65             33             65             94             52             73             31             43             60             62             65             29             11             41             68             58             60             43             61             65             42             60             33             29             51             37             37             29             37             55             23             88             65             11             51             42             68             80             65             42             60             65             33             82             15             52             33
                 128             60            137             72             94            126             52            146             62             33            129            126             11             73             68             61             37            102             92             92             41             84            108             33            101            102            110            108             42             84             37            122             74            116            138             80            102            114             11             23             61            106             72             23             52            106             60            123             88             73
                 129             92             60             55             43            116             71             74             52             55             51             78             73             11             33             62             84             80             82             65             55             87             29             74             23             31             33             33             52             51             46             43             46            110             65             15             72             52             72             91             51             60             42             78             51            105             31             62             11             23             80
                 130             78             94             52            137             31             72             81             62             92             97             31            112            102             68             61             94             21             33             33            129             46             96             92             88             73            110             82             82             46             94            100             55             33             82             80             23             55            122            114            136             37            132            102             72             37             78             52            101             73            122             94
                 131            124             31             81             51            132            104             52             82             91             21             80            110             43             62             92            119             97            104             84             88            112             11            109             21             33             11             23             87             72             82             11             71            129             42             42             87             51            108            127             78             68             65            114             84            126             65             58             29             52            116             37            105
                 132            119             15             74             72            116            100             31             78             94             11             60            115             55             60             87            119             82             92             71            100            102             21            110             23             23             33             15             88             62             86             15             65            114             21             43             72             33            116            130             94             52             82            116             82            112             65             37             42             51            122             46             87             23
                 133             37            104             23            119             46             31            100             29             55            102             58             72             82             46             23             52             23             11             23             96             11             92             51             82             71            104             81             46             31             60            102             33             37             97             65             29             65             84             72            108             46            108             61             37             29             51             68             87             55             82             78             42            102             92
