    #        ngroups         ntours         nspots
                  80             20             53

    #        spot_id         n_name         length              a              b
                   1         Spot_1            150              0           1440
                   2         Spot_2            210              0           1440
                   8         Spot_8            120              0           1440
                  10        Spot_10            120              0           1440
                  13        Spot_13            120              0           1440
                  15        Spot_15            210              0           1440
                  16        Spot_16            180              0           1440
                  19        Spot_19            150              0           1440
                  20        Spot_20            180              0           1440
                  21        Spot_21            180              0           1440
                  28        Spot_28            180              0           1440
                  30        Spot_30             60              0           1440
                  43        Spot_43            210              0           1440
                  45        Spot_45            120              0           1440
                  46        Spot_46             60              0           1440
                  47        Spot_47            120              0           1440
                  49        Spot_49             60              0           1440
                  50        Spot_50            210              0           1440
                  52        Spot_52             90              0           1440
                  53        Spot_53            150              0           1440
                  55        Spot_55             60              0           1440
                  58        Spot_58            180              0           1440
                  63        Spot_63            120              0           1440
                  64        Spot_64            180              0           1440
                  65        Spot_65             90              0           1440
                  66        Spot_66            120              0           1440
                  67        Spot_67             60              0           1440
                  69        Spot_69            120              0           1440
                  72        Spot_72             60              0           1440
                  75        Spot_75            120              0           1440
                  82        Spot_82            150              0           1440
                  83        Spot_83             60              0           1440
                  84        Spot_84            210              0           1440
                  90        Spot_90            180              0           1440
                  91        Spot_91            210              0           1440
                  94        Spot_94            210              0           1440
                  97        Spot_97             60              0           1440
                 100       Spot_100             90              0           1440
                 101       Spot_101             60              0           1440
                 105       Spot_105             90              0           1440
                 109       Spot_109            120              0           1440
                 113       Spot_113            210              0           1440
                 117       Spot_117             60              0           1440
                 124      Hotel_124              0              0           1440
                 125      Hotel_125              0              0           1440
                 126      Hotel_126              0              0           1440
                 127      Hotel_127              0              0           1440
                 128      Hotel_128              0              0           1440
                 129      Hotel_129              0              0           1440
                 130      Hotel_130              0              0           1440
                 131      Hotel_131              0              0           1440
                 132      Hotel_132              0              0           1440
                 133      Hotel_133              0              0           1440

    #          tr_id        tr_name          nspot            seq
                  32        Tour_32              2             45             67
                  25        Tour_25              2             58             21
                  56        Tour_56              2            117             13
                  54        Tour_54              3             69            100             82
                  86        Tour_86              1             91
                  73        Tour_73              2             46            113
                  34        Tour_34              2            101             10
                  53        Tour_53              4             66             65             10            101
                  13        Tour_13              3             97             21            117
                  94        Tour_94              3             63             90             75
                   2         Tour_2              3             84             30              8
                  84        Tour_84              3             49             69             47
                  71        Tour_71              3             94             83             20
                  12        Tour_12              2             50             53
                  95        Tour_95              2             28             15
                  90        Tour_90              3             43             72             30
                  11        Tour_11              3             52             66             55
                  74        Tour_74              3            105              2            109
                  64        Tour_64              2             64             16
                  97        Tour_97              3             45             19              1

    #          gr_id        gr_size          tr_id         origin
                   0              1             32            133
                   1              4             25            125
                   2              3             56            126
                   3              2             54            126
                   4              4             86            127
                   5              8             73            132
                   6              9             34            130
                   7              4             53            131
                   8              3             13            125
                   9              4             94            128
                  10              7              2            125
                  11              8             84            129
                  12              9             71            129
                  13              4             12            128
                  14              7             95            128
                  15              9             90            129
                  16              9             11            127
                  17              8             74            132
                  18              4             64            132
                  19              1             97            132
                  20              4             97            131
                  21              3             54            131
                  22              9             94            127
                  23              5             53            125
                  24              6             86            133
                  25              3             53            126
                  26              8             12            124
                  27              3             11            130
                  28              7             54            132
                  29              3             90            131
                  30              3             54            130
                  31              2             32            127
                  32              6             90            131
                  33              3             84            126
                  34              1             64            128
                  35              3             97            131
                  36              7             25            125
                  37              2             90            126
                  38              4             64            125
                  39              9             54            133
                  40              8             32            130
                  41              7             74            128
                  42              5             12            133
                  43              2             25            133
                  44              2             25            126
                  45              7              2            126
                  46              6             90            128
                  47              2             12            127
                  48              5             25            133
                  49              8             53            124
                  50              8             12            124
                  51              3             90            129
                  52              7             73            130
                  53              1             11            127
                  54              3             84            127
                  55              4              2            130
                  56              2             53            133
                  57              2             34            133
                  58              3             11            128
                  59              1             86            127
                  60              7             97            131
                  61              9             84            124
                  62              1             56            124
                  63              4             64            129
                  64              9             64            129
                  65              3             54            124
                  66              3             95            130
                  67              3             11            126
                  68              1             32            124
                  69              6             94            129
                  70              5             56            132
                  71              5             25            130
                  72              4             84            132
                  73              2             90            132
                  74              9             90            125
                  75              3             94            125
                  76              6             84            124
                  77              5             11            129
                  78              1             74            128
                  79              3             64            131

    #            o/d              1              2              8             10             13             15             16             19             20             21             28             30             43             45             46             47             49             50             52             53             55             58             63             64             65             66             67             69             72             75             82             83             84             90             91             94             97            100            101            105            109            113            117            124            125            126            127            128            129            130            131            132            133
                   2             51
                   8             11             43
                  10             15             51             11
                  13            101             51             94            102
                  15            102             65             92             94             68
                  16            109             71            106            116             43            110
                  19            114             65            105            110             37             41             80
                  20            114             84            112            122             65            130             23            102
                  21            123             82            119            129             46            114             15             80             31
                  28            144             94            137            144             46             82             72             42             94             65
                  30             33             51             37             46             91            114             88            114             87            102            136
                  43             96             52             91            100             23             88             23             60             43             31             62             80
                  45            137             86            129            137             37             81             62             41             84             55             11            127             52
                  46             68             21             60             65             42             46             74             46             91             82             80             71             52             73
                  47            122             72            115            122             23             72             55             33             78             51             23            114             41             15             60
                  49            138             91            132            141             42            104             42             65             61             31             37            122             43             29             84             33
                  50             37             21             33             42             65             84             74             84             81             87            110             31             60            102             41             88            102
                  52            108             58            101            108             11             65             51             29             73             51             37            100             33             29             46             15             41             73
                  53             42             52             46             55             87            116             80            112             78             94            132             11             73            123             72            109            116             33             97
                  55             42             41             33             31             87             65            112             86            124            122            124             65             92            119             46            105            129             46             91             72
                  58            112             74            102            104             73             11            116             42            137            119             81            124             94             82             55             74            106             94             68            126             74
                  63            132             87            127            136             41            106             33             68             51             21             46            115             37             37             82             37             11             96             42            108            126            109
                  64             55             29             52             62             55             91             55             81             61             68            100             37             43             91             46             78             86             21             65             33             65            100             80
                  65             52             42             42             41             84             55            112             80            126            122            119             73             92            114             42            100            126             51             87             80             11             65            124             68
                  66             72             37             62             65             61             31             97             51            114            104             91             84             74             87             23             74            102             55             62             87             37             41            102             65             29
                  67             15             55             23             29            102            112            105            119            106            119            146             21             94            138             74            124            137             37            110             31             55            122            130             51             65             81
                  69             94             43             86             94             11             60             51             33             72             55             51             87             29             43             33             29             52             60             15             84             78             65             51             52             74             51             96
                  72            116             82            114            124             58            124             15             94             11             21             84             91             37             74             87             68             51             82             65             82            122            130             41             62            124            109            109             65
                  75            127             78            119            124             42             52             82             15            105             80             31            126             65             33             60             29             60             97             33            124            101             51             65             92             94             65            132             41             96
                  82             61             51             62             72             72            114             58            102             55             72            116             33             55            106             68             94             96             37             82             23             82            123             88             23             88             88             52             71             60            112
                  83            114             72            109            119             37            105             11             72             33             11             62             94             21             52             72             46             33             78             43             86            112            110             23             60            112             94            110             46             23             73             65
                  84             91             51             87             97             33             94             21             68             37             33             72             72             11             62             55             51             51             55             42             65             92            101             43             37             92             78             88             37             33             74             46             23
                  90             84             42             74             78             52             23             91             37            110             97             78             92             68             74             23             62             92             62             51             94             51             33             92             68             43             15             92             42            105             51             91             87             73
                  91             72             51             71             81             61            110             43             94             42             58            104             46             42             94             65             82             82             42             71             37             87            119             73             23             91             86             65             62             46            102             15             51             33             88
                  94             55             15             46             51             55             52             82             60             97             92             94             62             61             88             15             73             97             33             60             65             33             62             94             43             31             23             62             46             94             73             65             81             62             31             65
                  97             52             37             51             61             65            100             60             92             62             73            109             29             51            100             55             87             94             23             74             23             68            109             86             11             73             73             46             62             65            102             15             65             43             78             21             51
                 100             97             51             87             91             46             23             88             23            108             91             65            102             65             62             31             51             82             71             42            102             65             29             84             74             58             29            104             37            102             37             97             82             72             15             91             42             84
                 101             72             65             74             84             81            127             60            114             51             73            124             41             62            114             82            102            100             51             92             31             96            136             91             37            102            102             61             82             58            122             15             68             52            105             21             80             29            109
                 105            112             91            112            122             82            144             42            119             21             51            114             82             60            104            102             97             81             84             91             72            129            151             71             65            132            124            102             88             31            123             51             52             51            122             42            105             62            122             42
                 109             11             46             15             23             94            102            100            109            104            114            138             23             88            130             65            116            130             29            102             33             46            112            124             46             55             71             11             88            106            123             51            105             82             82             62             52             42             94             62            102
                 113             94             52             84             87             55             15             96             33            116            100             74            102             73             72             33             61             92             72             52            104             60             23             94             78             51             23            102             46            110             46            100             91             80             11             96             41             87             11            114            129             92
                 117             15             65             23             21            115            114            123            127            126            136            159             41            110            151             82            137            152             51            122             51             51            124            146             68             61             84             21            108            129            141             72            127            105             97             84             68             65            109             81            122             23            106
                 124             65             21             60             68             37             73             51             61             65             62             82             55             33             73             29             60             73             29             46             52             61             82             68             21             62             51             65             33             62             72             42             52             31             51             37             33             31             55             55             73             58             60             80
                 125            106             61             97            100             51             21             94             21            115             96             62            112             72             61             41             52             84             81             46            112             73             23             87             84             65             37            114             43            108             33            106             88             80             23            100             52             94             11            119            130            104             15            119             65
                 126             42             21             33             37             68             61             92             73            104            102            108             55             72            102             29             88            109             29             73             60             21             71            106             46             23             31             51             60            102             88             65             92             71             42             68             15             51             55             80            109             41             52             55             41             65
                 127             65             15             58             65             37             60             62             52             78             71             80             62             41             72             15             58             78             33             43             61             52             68             74             33             51             37             68             29             74             65             55             61             42             37             51             21             42             42             68             88             60             46             80             15             52             33
                 128             82             72             84             94             82            132             55            116             43             68            122             51             61            112             88            102             97             60             92             41            105            141             87             43            110            108             71             84             51            124             23             65             51            110             23             86             37            114             11             33             72            119             92             60            123             88             73
                 129             46             11             37             43             60             62             81             68             94             92            101             52             62             94             23             80            100             23             65             55             31             72             97             37             33             33             52             51             92             82             58             82             61             41             60             11             43             52             72            100             42             51             60             31             62             11             23             80
                 130            138             88            130            137             42             72             74             33             97             68             11            132             61             15             72             21             43            105             33            129            116             71             51             97            110             82            141             46             87             21            114             65             71             68            102             86            106             55            122            116            132             65            152             78             52            101             73            122             94
                 131             62             46             52             51             82             46            114             73            129            122            114             82             92            109             41             97            124             58             84             88             21             55            122             73             11             23             74             72            126             88             94            112             94             37             96             33             80             51            108            136             65             43             71             65             58             29             52            116             37            105
                 132             81             51             71             72             72             23            109             55            127            116             97             97             87             94             37             82            112             68             71            100             42             33            112             80             33             15             92             62            123             68            102            106             91             21            101             37             88             33            116            138             82             23             92             65             37             42             51            122             46             87             23
                 133            116             68            110            119             21             87             33             51             55             29             41            102             23             31             62             23             23             80             23             96            106             91             21             65            104             81            115             31             46             51             78             23             33             72             65             74             73             65             84             74            108             74            130             51             68             87             55             82             78             42            102             92
