    #        ngroups         ntours         nspots
                  90             23             64

    #        spot_id         n_name         length              a              b
                   6         Spot_6             60              0           1440
                   7         Spot_7             60              0           1440
                   8         Spot_8            120              0           1440
                  11        Spot_11            180              0           1440
                  15        Spot_15            210              0           1440
                  18        Spot_18            210              0           1440
                  20        Spot_20            180              0           1440
                  21        Spot_21            180              0           1440
                  22        Spot_22            150              0           1440
                  25        Spot_25            180              0           1440
                  28        Spot_28            180              0           1440
                  29        Spot_29             60              0           1440
                  30        Spot_30             60              0           1440
                  32        Spot_32            150              0           1440
                  33        Spot_33            210              0           1440
                  34        Spot_34            120              0           1440
                  36        Spot_36            120              0           1440
                  38        Spot_38            180              0           1440
                  39        Spot_39             90              0           1440
                  40        Spot_40             60              0           1440
                  43        Spot_43            210              0           1440
                  44        Spot_44            150              0           1440
                  45        Spot_45            120              0           1440
                  47        Spot_47            120              0           1440
                  48        Spot_48            150              0           1440
                  49        Spot_49             60              0           1440
                  57        Spot_57             90              0           1440
                  58        Spot_58            180              0           1440
                  63        Spot_63            120              0           1440
                  65        Spot_65             90              0           1440
                  67        Spot_67             60              0           1440
                  68        Spot_68            210              0           1440
                  70        Spot_70            150              0           1440
                  71        Spot_71            180              0           1440
                  74        Spot_74            150              0           1440
                  75        Spot_75            120              0           1440
                  77        Spot_77            150              0           1440
                  78        Spot_78             90              0           1440
                  81        Spot_81             60              0           1440
                  83        Spot_83             60              0           1440
                  84        Spot_84            210              0           1440
                  87        Spot_87             60              0           1440
                  88        Spot_88            210              0           1440
                  90        Spot_90            180              0           1440
                  94        Spot_94            210              0           1440
                  96        Spot_96            180              0           1440
                  98        Spot_98             90              0           1440
                 100       Spot_100             90              0           1440
                 101       Spot_101             60              0           1440
                 104       Spot_104            210              0           1440
                 108       Spot_108             90              0           1440
                 114       Spot_114             60              0           1440
                 118       Spot_118            210              0           1440
                 119       Spot_119            120              0           1440
                 124      Hotel_124              0              0           1440
                 125      Hotel_125              0              0           1440
                 126      Hotel_126              0              0           1440
                 127      Hotel_127              0              0           1440
                 128      Hotel_128              0              0           1440
                 129      Hotel_129              0              0           1440
                 130      Hotel_130              0              0           1440
                 131      Hotel_131              0              0           1440
                 132      Hotel_132              0              0           1440
                 133      Hotel_133              0              0           1440

    #          tr_id        tr_name          nspot            seq
                  70        Tour_70              1             11
                  94        Tour_94              3             63             90             75
                  21        Tour_21              3            100             78             18
                  77        Tour_77              1             25
                  82        Tour_82              4             40             29             33              6
                   9         Tour_9              3              7             43             32
                   3         Tour_3              2             96            114
                  49        Tour_49              4             57            101             44             65
                  17        Tour_17              3             34            108             49
                  61        Tour_61              2             34             48
                  88        Tour_88              3             39             36             77
                  71        Tour_71              3             94             83             20
                  52        Tour_52              3             40             70             74
                  66        Tour_66              3             68             87             47
                  45        Tour_45              2              6             88
                  32        Tour_32              2             45             67
                  38        Tour_38              3             81             28             29
                   2         Tour_2              3             84             30              8
                  62        Tour_62              2             15            119
                  81        Tour_81              2            118             71
                  25        Tour_25              2             58             21
                  76        Tour_76              3             38             98             39
                  91        Tour_91              2            104             22

    #          gr_id        gr_size          tr_id         origin
                   0              9             70            129
                   1              3             94            125
                   2              4             21            129
                   3              8             77            130
                   4              2             82            128
                   5              3              9            130
                   6              6              3            128
                   7              4             49            127
                   8              1             17            127
                   9              9             61            132
                  10              7             88            133
                  11              6             71            124
                  12              1             52            127
                  13              4             66            125
                  14              6             45            133
                  15              9             32            126
                  16              4             38            129
                  17              4              2            130
                  18              6             62            125
                  19              1             81            128
                  20              2             25            131
                  21              7             76            129
                  22              9             91            124
                  23              9             25            130
                  24              6             61            133
                  25              4             77            126
                  26              3             71            132
                  27              5             71            133
                  28              3             32            124
                  29              7             61            133
                  30              1             71            126
                  31              1             17            131
                  32              4             82            127
                  33              3             32            126
                  34              9              2            124
                  35              3              2            131
                  36              7             88            128
                  37              2             61            132
                  38              9             70            128
                  39              9              2            129
                  40              4             45            127
                  41              5             45            124
                  42              8             91            124
                  43              1             77            131
                  44              1             88            124
                  45              6             21            132
                  46              8             25            124
                  47              8             81            126
                  48              6             94            125
                  49              2             77            132
                  50              5             17            133
                  51              3              3            125
                  52              8             82            131
                  53              7             88            129
                  54              9             45            132
                  55              1             45            129
                  56              8             70            126
                  57              1             76            129
                  58              7              9            128
                  59              9             81            128
                  60              6              9            133
                  61              4             49            126
                  62              1             38            124
                  63              7             77            124
                  64              2             66            129
                  65              5              2            125
                  66              7             81            126
                  67              9              2            128
                  68              5             76            127
                  69              8              3            129
                  70              9             49            125
                  71              7             81            131
                  72              8             70            130
                  73              4             21            130
                  74              4             49            128
                  75              7             76            133
                  76              7             32            125
                  77              6             62            127
                  78              6              9            126
                  79              5             62            132
                  80              5             38            127
                  81              3             70            132
                  82              3             62            128
                  83              3             88            127
                  84              4             66            125
                  85              7             76            130
                  86              5             21            131
                  87              8             52            133
                  88              6             25            130
                  89              5              3            126

    #            o/d              6              7              8             11             15             18             20             21             22             25             28             29             30             32             33             34             36             38             39             40             43             44             45             47             48             49             57             58             63             65             67             68             70             71             74             75             77             78             81             83             84             87             88             90             94             96             98            100            101            104            108            114            118            119            124            125            126            127            128            129            130            131            132            133
                   7            101
                   8             21             88
                  11            165             65            151
                  15            112             73             92            102
                  18             86             15             73             80             72
                  20            116             58            112             92            130             60
                  21            127             42            119             61            114             51             31
                  22             94             11             82             73             80             11             51             41
                  25            144             43            130             23             92             58             72             42             51
                  28            152             55            137             21             82             68             94             65             65             23
                  29             37             65             23            129             82             51             92             97             60            108            116
                  30             31             82             37            146            114             68             87            102             73            124            136             33
                  32            132             55            114             61             42             62            110             86             65             55             41             97            124
                  33             72             61             72            119            119             52             46             65             51             97            114             55             42            114
                  34             42             87             23            146             74             74            122            124             84            127            130             33             58            102             87
                  36            112             82            114            122            151             80             31             61             73            102            124             97             81            136             42            129
                  38             46             60             29            122             72             46             92             94             55            102            108             11             42             87             60             31            100
                  39             80             23             65             86             65             11             68             61             21             65             73             43             65             61             55             65             86             37
                  40             42             68             23            130             71             55            102            104             65            110            115             15             46             91             68             21            109             11             46
                  43            102             15             91             68             88             21             43             31             11             46             62             68             80             68             52             94             68             65             31             74
                  44            106             51            102             92            122             51             11             33             43             71             92             81             78            105             37            112             33             82             60             92             37
                  45            144             46            129             23             81             60             84             55             55             15             11            108            127             42            104            124            114            101             65            108             52             82
                  47            130             33            115             37             72             46             78             51             42             21             23             94            114             37             92            110            106             86             51             94             41             74             15
                  48            129             29            116             37             84             43             65             37             37             15             31             94            110             51             84            114             94             88             51             96             33             62             21             15
                  49            144             46            132             31            104             60             61             31             51             15             37            110            122             68             91            132             92            105             68            114             43             62             29             33             21
                  57             97             46             92             94            115             43             21             37             37             72             92             71             68            100             29            102             37             72             51             82             33             11             81             72             61             65
                  58            122             80            102            102             11             80            137            119             86             94             81             92            124             41            127             84            159             82             73             81             94            129             82             74             87            106            122
                  63            138             42            127             41            106             55             51             21             46             23             46            105            115             73             82            129             81            100             65            109             37             52             37             37             23             11             55            109
                  65             62             82             42            136             55             71            126            122             81            119            119             43             73             86             96             21            136             37             61             29             92            116            114            100            106            126            106             65            124
                  67             11             94             23            159            112             80            106            119             86            137            146             33             21            129             62             46            102             42             73             41             94             97            138            124            122            137             87            122            130             65
                  68             82             31             74             91             94             23             42             46             21             68             84             52             58             84             31             81             58             51             29             61             23             33             74             62             55             65             23            102             58             84             73
                  70             80             23             68             88             80             11             55             52             15             65             78             46             60             72             42             72             72             42             15             52             23             46             68             55             51             65             37             88             60             72             72             15
                  71             68             42             62            105             96             31             51             60             33             82             97             41             43             92             23             72             60             42             33             52             37             41             87             74             68             80             31            105             72             78             60             15             21
                  74            100             37             94             84            108             37             23             29             29             62             81             72             73             91             37            102             46             71             46             81             23             15             71             62             51             55             11            115             46            104             91             21             33             33
                  75            136             52            119             51             52             61            105             80             62             46             31            100            126             11            112            108            132             91             62             96             65            100             33             29             43             60             97             51             65             94            132             82             71             92             87
                  77            132             41            123             51            109             52             41             11             42             33             55            100            108             80             73            126             71             97             62            106             33             42             46             43             29             21             46            114             11            122            124             51             55             65             37             72
                  78             51             51             37            115             74             37             82             84             46             94            102             15             41             84             51             41             91             11             29             21             55             72             94             80             80             96             62             84             91             46             46             41             33             33             61             87             87
                  81             51             74             55            136            119             62             68             86             65            114            129             43             21            122             23             73             61             51             61             58             68             60            119            106            100            110             51            129            102             86             41             46             52             33             58            122             94             46
                  83            119             33            109             62            105             41             33             11             31             41             62             87             94             80             60            114             62             84             51             94             21             31             52             46             33             33             33            110             23            112            110             37             42             51             23             73             15             74             80
                  84             96             23             87             78             94             23             37             33             15             55             72             65             72             78             42             92             60             62             33             72             11             29             62             51             42             51             23            101             43             92             88             15             21             29             15             74             37             52             60             23
                  87            112             82             92            112             11             80            138            123             88            102             92             84            116             52            124             72            158             74             72             72             96            130             92             82             94            114            122             15            116             52            112            101             86            102            116             62            119             78            123            114            102
                  88            102             78             81            114             15             73            132            119             82            102             94             74            106             55            116             62            151             65             65             62             91            124             92             81             92            112            116             23            114             42            102             94             80             94            110             65            116             68            114            109             96             11
                  90             94             55             74             97             23             51            110             97             60             82             78             61             92             43             96             60            129             51             43             52             68            102             74             62             71             92             94             33             92             43             92             72             58             73             88             51             94             52             97             87             73             29             23
                  94             65             52             46            110             52             41             97             92             51             91             94             31             62             68             72             37            110             21             31             23             61             87             88             73             78             97             78             62             94             31             62             55             42             51             74             73             92             23             68             81             62             55             46             31
                  96             84             52             81            106            116             46             33             51             42             84            102             62             55            106             15             94             37             65             51             74             41             23             92             81             72             78             15            124             68            100             74             23             37             23             23            104             60             55             37             46             31            122            115             94             73
                  98            124             31            108             46             62             42             82             58             41             31             29             88            109             29             92            102            109             80             46             86             42             78             23             11             23             42             74             65             46             91            119             61             52             72             65             23             51             73            104             51             52             72             71             52             65             82
                 100            106             51             87             84             23             51            108             91             58             71             65             72            102             29            100             73            130             62             46             65             65            101             62             51             62             82             94             29             84             58            104             73             60             78             86             37             87             61            104             82             72             33             31             15             42             96             41
                 101             71             71             74            129            127             62             51             73             61            106            124             60             41            124             11             91             41             65             65             73             62             43            114            102             94            100             37            136             91            102             61             41             52             33             46            122             82             58             21             68             52            132            124            105             80             23            102            109
                 104            102             68            102            112            137             65             23             52             60             92            112             84             72            123             31            116             15             87             72             97             55             21            102             94             82             82             23            144             72            123             92             43             58             46             33            119             62             78             52             51             46            144            137            115             96             23             97            116             33
                 108            114             37             96             65             42             42             94             73             46             51             46             78            104             21             94             86            119             68             41             73             51             88             42             31             42             62             82             46             65             73            109             65             52             72             73             23             68             65            102             65             60             52             51             33             51             87             21             21            104            105
                 114             33             73             33            138            104             60             84             96             65            116            127             23             11            114             41             51             82             33             55             37             72             74            119            105            102            115             65            114            108             65             23             51             51             37             68            116            102             31             23             88             65            106             97             82             52             52            100             92             42             71             94
                 118            151             51            138             21            102             65             71             41             58             11             29            116            130             65            100            136            102            110             73            119             51             72             23             31             23             11             74            104             21            129            144             73             72             88             65             55             31            102            119             42             60            112            112             92            100             87             41             81            109             92             61            122
                 119             46             60             41            124             97             46             72             82             51            102            114             23             23            102             33             55             74             29             42             37             58             62            105             91             88            101             52            106             94             65             37             37             37             23             55            104             88             23             23             73             51            100             91             74             46             41             87             82             37             62             82             15            108
                 124             72             29             60             94             73             15             65             62             23             72             82             37             55             71             46             62             80             33             11             42             33             55             73             60             58             73             46             82             68             62             65             23             11             23             42             72             65             23             51             52             31             80             72             51             33             43             55             55             55             65             51             46             80             33
                 125            116             58             97             82             21             60            115             96             65             72             62             82            112             23            109             82            138             72             55             74             72            108             61             52             65             84            102             23             87             65            114             82             68             87             94             33             91             71            114             88             80             31             33             23             52            105             42             11            119            124             23            102             82             92             65
                 126             52             65             33            124             61             52            104            102             62            105            108             23             55             82             73             23            114             15             42             11             72             94            102             88             91            109             84             71            106             23             51             62             51             55             82             88            104             23             65             92             71             62             52             42             15             78             80             55             80            100             65             46            114             43             41             65
                 127             73             33             58             94             60             21             78             71             31             73             80             37             62             62             60             55             94             29             11             37             41             68             72             58             60             78             60             68             74             51             68             37             23             37             55             65             72             23             62             61             42             65             58             37             21             58             51             42             68             80             42             52             82             41             15             52             33
                 128             81             72             84            126            132             65             43             68             62            104            122             68             51            126             15            100             31             73             68             82             61             37            112            102             92             97             33            141             87            110             71             42             55             37             42            124             78             65             31             65             51            138            130            110             86             21            102            114             11             23            106             52            106             46             60            123             88             73
                 129             55             55             37            116             62             42             94             92             52             96            101             21             52             78             65             33            105             11             33             15             62             84             94             80             82            100             74             72             97             33             52             52             41             46             72             82             94             15             60             82             61             65             55             41             11             68             72             52             72             91             60             42            105             37             31             62             11             23             80
                 130            146             52            130             31             72             65             97             68             62             29             11            110            132             31            112            122            126            102             68            108             61             94             15             21             33             43             92             71             51            110            141             82             74             94             82             21             60             96            126             65             71             82             84             68             86            102             23             55            122            114             37            123             37            109             78             52            101             73            122             94
                 131             72             81             52            132             46             72            129            122             82            116            114             51             82             80            102             31            141             43             62             37             92            119            109             97            104            124            109             55            122             11             74             87             74             82            106             88            122             51             94            112             94             42             33             37             33            105             87             51            108            127             68             73            126             72             65             58             29             52            116             37            105
                 132             92             74             71            116             23             68            127            116             78            102             97             65             97             60            108             52            144             55             60             52             87            119             94             82             92            112            110             33            112             33             92             88             73             86            105             68            114             60            105            106             91             21             11             21             37            108             72             33            116            130             52             87            112             82             65             37             42             51            122             46             87             23
                 133            122             23            110             46             87             37             55             29             29             23             41             88            102             58             74            109             84             82             46             91             23             52             31             23             11             23             51             91             21            104            115             46             43             60             41             51             23             73             91             23             33             97             94             72             74             62             29             65             84             72             46             94             29             80             51             68             87             55             82             78             42            102             92
