376	0	1
0	35	35	0	1
1	41	49	10	0
2	35	17	7	0
3	55	45	13	0	139
4	55	20	19	0	145	148	106
5	15	30	0	1	88
6	25	30	3	0	176	155
7	20	50	5	0	182	82
8	10	43	9	0	92	113	55
9	55	60	16	0
10	30	60	16	0	76	173	168
11	20	65	12	0	30	187	71
12	50	35	0	1
13	30	25	23	0	172	49	159
14	15	10	0	1	68	100	185
15	30	5	8	0
16	10	20	19	0	21
17	5	30	2	0
18	20	40	12	0	63	62	97
19	15	60	17	0	80
20	45	65	9	0	198	102
21	45	20	11	0	16
22	45	10	18	0
23	55	5	0	1
24	65	35	3	0	32	169
25	65	20	6	0	44
26	45	30	17	0	144
27	35	40	16	0	96	73	41
28	41	37	16	0
29	64	42	9	0	35	179
30	40	60	0	1	11	187	71
31	31	52	0	1	70	74	130
32	35	69	23	0	24	169
33	53	52	11	0
34	65	55	14	0	105	38
35	63	65	8	0	29	179
36	2	60	5	0	126	164
37	20	20	8	0	98	46
38	5	5	16	0	34	105
39	60	12	31	0	197	125	158
40	40	25	9	0	150	127
41	42	7	5	0	27	96	73
42	24	12	5	0	183	120
43	23	3	7	0
44	11	14	18	0	25
45	6	38	16	0	184	78
46	2	48	0	1	37	98
47	8	56	0	1
48	13	52	0	1
49	6	68	30	0	13	172	159
50	47	47	13	0
51	49	58	10	0	170
52	27	43	9	0
53	37	31	14	0	178	59
54	57	29	18	0	191	166	91
55	63	23	2	0	8	92	113
56	53	12	6	0	186	141
57	32	12	7	0
58	36	26	18	0
59	21	24	28	0	53	178
60	17	34	3	0
61	12	24	0	1	153	99
62	24	58	19	0	18	63	97
63	27	69	0	1	18	62	97
64	15	77	9	0
65	62	77	20	0
66	49	73	25	0	117	188
67	67	5	25	0
68	56	39	36	0	14	100	185
69	37	47	6	0	181	157
70	37	56	5	0	31	74	130
71	57	68	15	0	11	30	187
72	47	16	0	1
73	44	17	0	1	27	96	41
74	46	13	8	0	31	70	130
75	49	11	0	1	112	111
76	49	42	13	0	10	173	168
77	53	43	14	0	175
78	61	52	0	1	45	184
79	57	48	23	0	143	121
80	56	37	6	0	19
81	55	54	26	0	124
82	15	47	16	0	7	182
83	14	37	11	0	177
84	11	31	7	0	174	90	118
85	16	22	41	0
86	4	18	35	0
87	28	18	26	0	151
88	26	52	9	0	5
89	26	35	15	0	163
90	31	67	3	0	84	174	118
91	15	19	0	1	54	191	166
92	22	22	2	0	8	113	55
93	18	24	22	0	131	129
94	26	27	27	0	193	132	192
95	25	24	0	1
96	22	27	11	0	27	73	41
97	25	21	12	0	18	63	62
98	19	21	10	0	37	46
99	20	26	9	0	61	153
100	18	18	17	0	14	68	185
101	37	52	7	0	108
102	49	49	0	1	20	198
103	52	64	16	0	135
104	20	26	9	0	114	161	196
105	40	30	21	0	34	38
106	21	47	0	1	4	145	148
107	17	63	19	0	165
108	31	62	0	1	101
109	52	33	11	0	136	154	146
110	51	21	5	0	190	195
111	42	41	19	0	75	112
112	31	32	29	0	75	111
113	5	25	23	0	8	92	55
114	12	42	21	0	104	161	196
115	36	16	10	0
116	52	41	0	1
117	27	23	3	0	66	188
118	17	33	41	0	84	174	90
119	13	13	9	0	152	162
120	57	58	0	1	42	183
121	62	42	8	0	79	143
122	42	57	8	0	189	171	140
123	16	57	16	0
124	8	52	0	1	81
125	7	38	28	0	39	197	158
126	27	68	7	0	36	164
127	30	48	15	0	40	150
128	43	67	14	0	180	194	138
129	58	48	6	0	93	131
130	58	27	19	0	31	70	74
131	37	69	11	0	93	129
132	38	46	0	1	94	193	192
133	46	10	23	0	199	149	134
134	61	33	0	1	133	199	149
135	62	63	0	1	103
136	63	69	6	0	109	154	146
137	32	22	9	0	167	147	160
138	45	35	15	0	128	180	194
139	59	15	0	1	3
140	5	6	0	1	122	189	171
141	10	17	27	0	56	186
142	21	10	13	0	156
143	5	64	11	0	79	121
144	30	15	16	0	26
145	39	10	10	0	4	148	106
146	32	39	5	0	109	136	154
147	25	32	25	0	137	167	160
148	25	55	17	0	4	145	106
149	48	28	18	0	133	199	134
150	56	37	10	0	40	127
151	22	22	18	0	87
152	36	26	26	0	119	162
153	21	45	11	0	61	99
154	45	35	30	0	109	136	146
155	55	20	21	0	6	176
156	33	34	19	0	142
157	50	50	15	0	69	181
158	55	45	16	0	39	197	125
159	26	59	29	0	13	172	49
160	40	66	26	0	137	167	147
161	55	65	37	0	104	114	196
162	35	51	16	0	119	152
163	62	35	0	1	89
164	62	57	0	1	36	126
165	62	24	8	0	107
166	21	36	19	0	54	191	91
167	33	44	0	1	137	147	160
168	9	56	13	0	10	76	173
169	62	48	15	0	24	32
170	66	14	22	0	51
171	44	13	28	0	122	189	140
172	26	13	12	0	13	49	159
173	11	28	0	1	10	76	168
174	7	43	0	1	84	90	118
175	17	64	14	0	77
176	41	46	18	0	6	155
177	55	34	17	0	83
178	35	16	0	1	53	59
179	52	26	0	1	29	35
180	43	26	22	0	128	194	138
181	31	76	0	1	69	157
182	22	53	28	0	7	82
183	26	29	27	0	42	120
184	50	40	19	0	45	78
185	55	50	10	0	14	68	100
186	54	10	12	0	56	141
187	60	15	14	0	11	30	71
188	47	66	24	0	66	117
189	30	60	16	0	122	171	140
190	30	50	0	1	110	195
191	12	17	15	0	54	166	91
192	15	14	11	0	94	193	132
193	16	19	18	0	94	132	192
194	21	48	17	0	128	180	138
195	50	30	21	0	110	190
196	51	42	0	1	104	114	161
197	50	15	0	1	39	125	158
198	48	21	20	0	20	102
199	12	38	5	0	133	149	134
