228	0	1
0	40	40	0	1
1	22	22	0	1	2
2	36	26	26	0	1
3	21	45	11	0	57
4	45	35	30	0	15	75
5	55	20	21	0	66	70
6	33	34	19	0
7	50	50	0	1	55	24	49
8	55	45	16	0	31
9	26	59	29	0	21	26
10	40	66	26	0
11	55	65	37	0	28	71
12	35	51	16	0	30
13	62	35	12	0	18	68
14	62	57	31	0	23	69	60
15	62	24	8	0	4	75
16	21	36	19	0
17	33	44	0	1
18	9	56	13	0	13	68
19	62	48	15	0	38
20	66	14	22	0	73	41
21	44	13	0	1	9	26
22	26	13	12	0	61	64	52
23	11	28	0	1	14	69	60
24	7	43	27	0	7	55	49
25	17	64	14	0
26	41	46	18	0	9	21
27	55	34	17	0	40
28	35	16	29	0	11	71
29	52	26	0	1	67
30	43	26	22	0	12
31	31	76	25	0	8
32	22	53	28	0	36
33	26	29	27	0
34	50	40	19	0
35	55	50	10	0
36	54	10	12	0	32
37	60	15	14	0	62	44	42
38	47	66	0	1	19
39	30	60	16	0	63	45	65
40	30	50	33	0	27
41	12	17	0	1	20	73
42	15	14	11	0	37	62	44
43	16	19	18	0	46	51	48
44	21	48	0	1	37	62	42
45	50	30	0	1	39	63	65
46	51	42	27	0	43	51	48
47	50	15	0	1
48	48	21	20	0	43	46	51
49	12	38	5	0	7	55	24
50	15	56	22	0
51	29	39	12	0	43	46	48
52	54	38	19	0	22	61	64
53	55	57	0	1	59	74	72
54	67	41	16	0	56	58
55	10	70	7	0	7	24	49
56	6	25	26	0	54	58
57	65	27	14	0	3
58	40	60	0	1	54	56
59	70	64	24	0	53	74	72
60	64	4	13	0	14	23	69
61	36	6	0	1	22	64	52
62	30	20	18	0	37	44	42
63	20	30	11	0	39	45	65
64	15	5	28	0	22	61	52
65	50	70	9	0	39	63	45
66	57	72	37	0	5	70
67	45	42	30	0	29
68	38	33	0	1	13	18
69	50	4	8	0	14	23	60
70	66	8	11	0	5	66
71	59	5	3	0	11	28
72	35	60	1	0	53	59	74
73	27	24	6	0	20	41
74	40	20	10	0	53	59	72
75	40	37	20	0	4	15
