    #        ngroups         ntours         nspots
                  10              1             12

    #        spot_id         n_name         length              a              b
                  27        Spot_27             90              0           1440
                  66        Spot_66            120              0           1440
                 123       Spot_123            210              0           1440
                 125      Hotel_125              0              0           1440
                 126      Hotel_126              0              0           1440
                 127      Hotel_127              0              0           1440
                 128      Hotel_128              0              0           1440
                 129      Hotel_129              0              0           1440
                 130      Hotel_130              0              0           1440
                 131      Hotel_131              0              0           1440
                 132      Hotel_132              0              0           1440
                 133      Hotel_133              0              0           1440

    #          tr_id        tr_name          nspot            seq
                  72        Tour_72              3             66             27            123

    #          gr_id        gr_size          tr_id         origin
                   0              9             72            133
                   1              2             72            133
                   2              2             72            127
                   3              5             72            128
                   4              8             72            126
                   5              8             72            125
                   6              5             72            129
                   7              5             72            131
                   8              8             72            130
                   9              5             72            132

    #            o/d             27             66            123            125            126            127            128            129            130            131            132            133
                  66             23
                 123             82             65
                 125             46             37             92
                 126             46             31             37             65
                 127             60             37             42             52             33
                 128            129            108             55            123             88             73
                 129             51             33             33             62             11             23             80
                 130             97             82            114             52            101             73            122             94
                 131             21             23             65             58             29             52            116             37            105
                 132             11             15             78             37             42             51            122             46             87             23
                 133            102             81             86             68             87             55             82             78             42            102             92
