    #        ngroups         ntours         nspots
                 100              1             11

    #        spot_id         n_name         length              a              b
                  11        Spot_11            180              0           1440
                 124      Hotel_124              0              0           1440
                 125      Hotel_125              0              0           1440
                 126      Hotel_126              0              0           1440
                 127      Hotel_127              0              0           1440
                 128      Hotel_128              0              0           1440
                 129      Hotel_129              0              0           1440
                 130      Hotel_130              0              0           1440
                 131      Hotel_131              0              0           1440
                 132      Hotel_132              0              0           1440
                 133      Hotel_133              0              0           1440

    #          tr_id        tr_name          nspot            seq
                  70        Tour_70              1             11

    #          gr_id        gr_size          tr_id         origin
                   0              9             70            129
                   1              3             70            125
                   2              4             70            129
                   3              8             70            130
                   4              2             70            128
                   5              3             70            130
                   6              6             70            128
                   7              4             70            127
                   8              1             70            127
                   9              9             70            132
                  10              7             70            133
                  11              6             70            124
                  12              1             70            127
                  13              4             70            125
                  14              6             70            133
                  15              9             70            126
                  16              4             70            129
                  17              4             70            130
                  18              6             70            125
                  19              1             70            128
                  20              2             70            131
                  21              7             70            129
                  22              6             70            124
                  23              8             70            130
                  24              4             70            133
                  25              1             70            126
                  26              9             70            132
                  27              5             70            133
                  28              2             70            124
                  29              6             70            133
                  30              8             70            126
                  31              1             70            131
                  32              7             70            127
                  33              7             70            126
                  34              7             70            124
                  35              8             70            131
                  36              5             70            128
                  37              4             70            132
                  38              2             70            128
                  39              8             70            129
                  40              5             70            127
                  41              7             70            124
                  42              1             70            124
                  43              8             70            131
                  44              9             70            124
                  45              3             70            132
                  46              7             70            124
                  47              7             70            126
                  48              4             70            125
                  49              4             70            132
                  50              8             70            133
                  51              1             70            125
                  52              4             70            131
                  53              2             70            129
                  54              8             70            132
                  55              3             70            129
                  56              5             70            126
                  57              3             70            129
                  58              3             70            128
                  59              5             70            128
                  60              2             70            133
                  61              8             70            126
                  62              8             70            124
                  63              9             70            124
                  64              2             70            129
                  65              2             70            125
                  66              1             70            126
                  67              9             70            128
                  68              5             70            127
                  69              3             70            129
                  70              1             70            125
                  71              5             70            131
                  72              7             70            130
                  73              8             70            130
                  74              8             70            128
                  75              6             70            133
                  76              1             70            125
                  77              5             70            127
                  78              4             70            126
                  79              6             70            132
                  80              5             70            127
                  81              5             70            132
                  82              6             70            128
                  83              6             70            127
                  84              8             70            125
                  85              8             70            130
                  86              8             70            131
                  87              3             70            133
                  88              9             70            130
                  89              2             70            126
                  90              6             70            127
                  91              2             70            125
                  92              2             70            131
                  93              5             70            132
                  94              1             70            130
                  95              2             70            131
                  96              4             70            133
                  97              4             70            130
                  98              9             70            131
                  99              5             70            132

    #            o/d             11            124            125            126            127            128            129            130            131            132            133
                 124             94
                 125             82             65
                 126            124             41             65
                 127             94             15             52             33
                 128            126             60            123             88             73
                 129            116             31             62             11             23             80
                 130             31             78             52            101             73            122             94
                 131            132             65             58             29             52            116             37            105
                 132            116             65             37             42             51            122             46             87             23
                 133             46             51             68             87             55             82             78             42            102             92
