    #        ngroups         ntours         nspots
                  10              1             10

    #        spot_id         n_name         length              a              b
                  63        Spot_63            120              0           1440
                  75        Spot_75            120              0           1440
                  90        Spot_90            180              0           1440
                 124      Hotel_124              0              0           1440
                 128      Hotel_128              0              0           1440
                 129      Hotel_129              0              0           1440
                 130      Hotel_130              0              0           1440
                 131      Hotel_131              0              0           1440
                 132      Hotel_132              0              0           1440
                 133      Hotel_133              0              0           1440

    #          tr_id        tr_name          nspot            seq
                  94        Tour_94              3             63             90             75

    #          gr_id        gr_size          tr_id         origin
                   0              8             94            133
                   1              3             94            128
                   2              4             94            132
                   3              1             94            131
                   4              6             94            133
                   5              5             94            124
                   6              5             94            129
                   7              8             94            132
                   8              8             94            130
                   9              4             94            131

    #            o/d             63             75             90            124            128            129            130            131            132            133
                  75             65
                  90             92             51
                 124             68             72             51
                 128             87            124            110             60
                 129             97             82             41             31             80
                 130             51             21             68             78            122             94
                 131            122             88             37             65            116             37            105
                 132            112             68             21             65            122             46             87             23
                 133             21             51             72             51             82             78             42            102             92
