    #        ngroups         ntours         nspots
                  10              1             12

    #        spot_id         n_name         length              a              b
                  44        Spot_44            150              0           1440
                  57        Spot_57             90              0           1440
                  65        Spot_65             90              0           1440
                 101       Spot_101             60              0           1440
                 124      Hotel_124              0              0           1440
                 125      Hotel_125              0              0           1440
                 126      Hotel_126              0              0           1440
                 127      Hotel_127              0              0           1440
                 128      Hotel_128              0              0           1440
                 129      Hotel_129              0              0           1440
                 132      Hotel_132              0              0           1440
                 133      Hotel_133              0              0           1440

    #          tr_id        tr_name          nspot            seq
                  49        Tour_49              4             57            101             44             65

    #          gr_id        gr_size          tr_id         origin
                   0              4             49            132
                   1              2             49            125
                   2              3             49            125
                   3              8             49            128
                   4              2             49            126
                   5              7             49            124
                   6              9             49            133
                   7              7             49            127
                   8              4             49            129
                   9              4             49            127

    #            o/d             44             57             65            101            124            125            126            127            128            129            132            133
                  57             11
                  65            116            106
                 101             43             37            102
                 124             55             46             62             55
                 125            108            102             65            119             65
                 126             94             84             23             80             41             65
                 127             68             60             51             68             15             52             33
                 128             37             33            110             11             60            123             88             73
                 129             84             74             33             72             31             62             11             23             80
                 132            119            110             33            116             65             37             42             51            122             46
                 133             52             51            104             84             51             68             87             55             82             78             92
