    #        ngroups         ntours         nspots
                 100              1             14

    #        spot_id         n_name         length              a              b
                  44        Spot_44            150              0           1440
                  57        Spot_57             90              0           1440
                  65        Spot_65             90              0           1440
                 101       Spot_101             60              0           1440
                 124      Hotel_124              0              0           1440
                 125      Hotel_125              0              0           1440
                 126      Hotel_126              0              0           1440
                 127      Hotel_127              0              0           1440
                 128      Hotel_128              0              0           1440
                 129      Hotel_129              0              0           1440
                 130      Hotel_130              0              0           1440
                 131      Hotel_131              0              0           1440
                 132      Hotel_132              0              0           1440
                 133      Hotel_133              0              0           1440

    #          tr_id        tr_name          nspot            seq
                  49        Tour_49              4             57            101             44             65

    #          gr_id        gr_size          tr_id         origin
                   0              8             49            131
                   1              1             49            129
                   2              8             49            125
                   3              2             49            129
                   4              4             49            131
                   5              3             49            130
                   6              6             49            133
                   7              1             49            130
                   8              9             49            132
                   9              1             49            125
                  10              1             49            133
                  11              7             49            126
                  12              6             49            129
                  13              4             49            129
                  14              1             49            133
                  15              8             49            127
                  16              4             49            124
                  17              5             49            131
                  18              6             49            127
                  19              3             49            130
                  20              8             49            128
                  21              6             49            125
                  22              3             49            124
                  23              7             49            124
                  24              5             49            132
                  25              2             49            128
                  26              2             49            127
                  27              1             49            126
                  28              3             49            133
                  29              2             49            125
                  30              4             49            128
                  31              1             49            126
                  32              7             49            124
                  33              1             49            125
                  34              1             49            127
                  35              3             49            124
                  36              8             49            130
                  37              9             49            128
                  38              9             49            127
                  39              7             49            131
                  40              9             49            124
                  41              5             49            127
                  42              8             49            125
                  43              7             49            128
                  44              2             49            126
                  45              2             49            125
                  46              8             49            127
                  47              8             49            124
                  48              2             49            126
                  49              7             49            131
                  50              3             49            132
                  51              7             49            125
                  52              4             49            132
                  53              6             49            130
                  54              3             49            128
                  55              8             49            132
                  56              1             49            129
                  57              4             49            124
                  58              2             49            126
                  59              8             49            132
                  60              1             49            133
                  61              7             49            131
                  62              1             49            131
                  63              8             49            126
                  64              6             49            133
                  65              4             49            131
                  66              1             49            132
                  67              9             49            128
                  68              2             49            128
                  69              9             49            130
                  70              4             49            132
                  71              4             49            127
                  72              7             49            130
                  73              3             49            132
                  74              7             49            129
                  75              7             49            125
                  76              6             49            129
                  77              1             49            126
                  78              4             49            124
                  79              9             49            128
                  80              7             49            130
                  81              8             49            132
                  82              6             49            126
                  83              1             49            127
                  84              1             49            124
                  85              4             49            130
                  86              9             49            131
                  87              6             49            131
                  88              5             49            129
                  89              4             49            133
                  90              2             49            129
                  91              2             49            129
                  92              2             49            127
                  93              4             49            133
                  94              3             49            126
                  95              4             49            128
                  96              6             49            133
                  97              7             49            133
                  98              8             49            130
                  99              2             49            125

    #            o/d             44             57             65            101            124            125            126            127            128            129            130            131            132            133
                  57             11
                  65            116            106
                 101             43             37            102
                 124             55             46             62             55
                 125            108            102             65            119             65
                 126             94             84             23             80             41             65
                 127             68             60             51             68             15             52             33
                 128             37             33            110             11             60            123             88             73
                 129             84             74             33             72             31             62             11             23             80
                 130             94             92            110            122             78             52            101             73            122             94
                 131            119            109             11            108             65             58             29             52            116             37            105
                 132            119            110             33            116             65             37             42             51            122             46             87             23
                 133             52             51            104             84             51             68             87             55             82             78             42            102             92
