    #        ngroups         ntours         nspots
                 100              1             13

    #        spot_id         n_name         length              a              b
                  47        Spot_47            120              0           1440
                  49        Spot_49             60              0           1440
                  69        Spot_69            120              0           1440
                 124      Hotel_124              0              0           1440
                 125      Hotel_125              0              0           1440
                 126      Hotel_126              0              0           1440
                 127      Hotel_127              0              0           1440
                 128      Hotel_128              0              0           1440
                 129      Hotel_129              0              0           1440
                 130      Hotel_130              0              0           1440
                 131      Hotel_131              0              0           1440
                 132      Hotel_132              0              0           1440
                 133      Hotel_133              0              0           1440

    #          tr_id        tr_name          nspot            seq
                  84        Tour_84              3             49             69             47

    #          gr_id        gr_size          tr_id         origin
                   0              4             84            126
                   1              8             84            129
                   2              4             84            130
                   3              3             84            132
                   4              6             84            133
                   5              7             84            128
                   6              8             84            124
                   7              6             84            129
                   8              1             84            132
                   9              8             84            128
                  10              7             84            127
                  11              2             84            127
                  12              5             84            126
                  13              3             84            129
                  14              4             84            131
                  15              6             84            128
                  16              4             84            127
                  17              2             84            130
                  18              4             84            128
                  19              3             84            126
                  20              6             84            129
                  21              2             84            127
                  22              2             84            127
                  23              2             84            129
                  24              5             84            126
                  25              2             84            130
                  26              8             84            133
                  27              6             84            132
                  28              3             84            128
                  29              1             84            125
                  30              7             84            125
                  31              4             84            128
                  32              4             84            133
                  33              2             84            124
                  34              2             84            131
                  35              2             84            132
                  36              5             84            125
                  37              4             84            129
                  38              5             84            130
                  39              1             84            132
                  40              9             84            124
                  41              1             84            131
                  42              6             84            124
                  43              1             84            124
                  44              4             84            131
                  45              7             84            129
                  46              3             84            125
                  47              3             84            128
                  48              2             84            133
                  49              1             84            133
                  50              6             84            132
                  51              5             84            125
                  52              6             84            130
                  53              8             84            124
                  54              4             84            128
                  55              2             84            133
                  56              9             84            124
                  57              7             84            125
                  58              2             84            133
                  59              4             84            127
                  60              4             84            131
                  61              2             84            126
                  62              6             84            126
                  63              2             84            131
                  64              3             84            130
                  65              4             84            133
                  66              3             84            130
                  67              5             84            127
                  68              1             84            132
                  69              6             84            127
                  70              9             84            126
                  71              6             84            129
                  72              2             84            126
                  73              7             84            133
                  74              9             84            128
                  75              9             84            131
                  76              7             84            129
                  77              6             84            131
                  78              6             84            126
                  79              1             84            129
                  80              8             84            124
                  81              2             84            130
                  82              6             84            125
                  83              4             84            125
                  84              3             84            126
                  85              3             84            124
                  86              3             84            127
                  87              3             84            127
                  88              6             84            125
                  89              6             84            131
                  90              5             84            132
                  91              9             84            131
                  92              7             84            130
                  93              9             84            128
                  94              2             84            124
                  95              5             84            132
                  96              5             84            133
                  97              3             84            132
                  98              2             84            130
                  99              9             84            125

    #            o/d             47             49             69            124            125            126            127            128            129            130            131            132            133
                  49             33
                  69             29             52
                 124             60             73             33
                 125             52             84             43             65
                 126             88            109             60             41             65
                 127             58             78             29             15             52             33
                 128            102             97             84             60            123             88             73
                 129             80            100             51             31             62             11             23             80
                 130             21             43             46             78             52            101             73            122             94
                 131             97            124             72             65             58             29             52            116             37            105
                 132             82            112             62             65             37             42             51            122             46             87             23
                 133             23             23             31             51             68             87             55             82             78             42            102             92
