    #        ngroups         ntours         nspots
                  10              1             11

    #        spot_id         n_name         length              a              b
                  59        Spot_59            180              0           1440
                  69        Spot_69            120              0           1440
                 109       Spot_109            120              0           1440
                 125      Hotel_125              0              0           1440
                 126      Hotel_126              0              0           1440
                 127      Hotel_127              0              0           1440
                 128      Hotel_128              0              0           1440
                 130      Hotel_130              0              0           1440
                 131      Hotel_131              0              0           1440
                 132      Hotel_132              0              0           1440
                 133      Hotel_133              0              0           1440

    #          tr_id        tr_name          nspot            seq
                  65        Tour_65              3             59            109             69

    #          gr_id        gr_size          tr_id         origin
                   0              9             65            132
                   1              8             65            131
                   2              6             65            127
                   3              3             65            133
                   4              5             65            126
                   5              9             65            128
                   6              4             65            125
                   7              3             65            125
                   8              9             65            126
                   9              3             65            130

    #            o/d             59             69            109            125            126            127            128            130            131            132            133
                  69             52
                 109             61             88
                 125             46             43            104
                 126             21             60             41             65
                 127             33             29             60             52             33
                 128            101             84             72            123             88             73
                 130             88             46            132             52            101             73            122
                 131             21             72             65             58             29             52            116            105
                 132             23             62             82             37             42             51            122             87             23
                 133             82             31            108             68             87             55             82             42            102             92
