    #        ngroups         ntours         nspots
                  20              1             13

    #        spot_id         n_name         length              a              b
                  63        Spot_63            120              0           1440
                  75        Spot_75            120              0           1440
                  90        Spot_90            180              0           1440
                 124      Hotel_124              0              0           1440
                 125      Hotel_125              0              0           1440
                 126      Hotel_126              0              0           1440
                 127      Hotel_127              0              0           1440
                 128      Hotel_128              0              0           1440
                 129      Hotel_129              0              0           1440
                 130      Hotel_130              0              0           1440
                 131      Hotel_131              0              0           1440
                 132      Hotel_132              0              0           1440
                 133      Hotel_133              0              0           1440

    #          tr_id        tr_name          nspot            seq
                  94        Tour_94              3             63             90             75

    #          gr_id        gr_size          tr_id         origin
                   0              8             94            133
                   1              3             94            128
                   2              4             94            132
                   3              1             94            131
                   4              6             94            133
                   5              5             94            124
                   6              5             94            129
                   7              8             94            132
                   8              8             94            130
                   9              4             94            131
                  10              8             94            125
                  11              7             94            127
                  12              1             94            128
                  13              1             94            129
                  14              1             94            127
                  15              5             94            126
                  16              4             94            125
                  17              3             94            124
                  18              2             94            130
                  19              8             94            126

    #            o/d             63             75             90            124            125            126            127            128            129            130            131            132            133
                  75             65
                  90             92             51
                 124             68             72             51
                 125             87             33             23             65
                 126            106             88             42             41             65
                 127             74             65             37             15             52             33
                 128             87            124            110             60            123             88             73
                 129             97             82             41             31             62             11             23             80
                 130             51             21             68             78             52            101             73            122             94
                 131            122             88             37             65             58             29             52            116             37            105
                 132            112             68             21             65             37             42             51            122             46             87             23
                 133             21             51             72             51             68             87             55             82             78             42            102             92
