    #        ngroups         ntours         nspots
                  30              1             13

    #        spot_id         n_name         length              a              b
                  59        Spot_59            180              0           1440
                  69        Spot_69            120              0           1440
                 109       Spot_109            120              0           1440
                 124      Hotel_124              0              0           1440
                 125      Hotel_125              0              0           1440
                 126      Hotel_126              0              0           1440
                 127      Hotel_127              0              0           1440
                 128      Hotel_128              0              0           1440
                 129      Hotel_129              0              0           1440
                 130      Hotel_130              0              0           1440
                 131      Hotel_131              0              0           1440
                 132      Hotel_132              0              0           1440
                 133      Hotel_133              0              0           1440

    #          tr_id        tr_name          nspot            seq
                  65        Tour_65              3             59            109             69

    #          gr_id        gr_size          tr_id         origin
                   0              8             65            128
                   1              6             65            127
                   2              8             65            124
                   3              2             65            133
                   4              8             65            128
                   5              2             65            133
                   6              4             65            127
                   7              7             65            130
                   8              5             65            132
                   9              3             65            124
                  10              9             65            125
                  11              4             65            131
                  12              6             65            131
                  13              1             65            132
                  14              2             65            132
                  15              1             65            126
                  16              2             65            129
                  17              5             65            130
                  18              4             65            128
                  19              2             65            132
                  20              5             65            127
                  21              3             65            130
                  22              4             65            125
                  23              4             65            129
                  24              6             65            125
                  25              8             65            124
                  26              7             65            129
                  27              5             65            126
                  28              5             65            131
                  29              3             65            125

    #            o/d             59             69            109            124            125            126            127            128            129            130            131            132            133
                  69             52
                 109             61             88
                 124             46             33             58
                 125             46             43            104             65
                 126             21             60             41             41             65
                 127             33             29             60             15             52             33
                 128            101             84             72             60            123             88             73
                 129             23             51             42             31             62             11             23             80
                 130             88             46            132             78             52            101             73            122             94
                 131             21             72             65             65             58             29             52            116             37            105
                 132             23             62             82             65             37             42             51            122             46             87             23
                 133             82             31            108             51             68             87             55             82             78             42            102             92
