    #        ngroups         ntours         nspots
                  40              1             13

    #        spot_id         n_name         length              a              b
                  59        Spot_59            180              0           1440
                  69        Spot_69            120              0           1440
                 109       Spot_109            120              0           1440
                 124      Hotel_124              0              0           1440
                 125      Hotel_125              0              0           1440
                 126      Hotel_126              0              0           1440
                 127      Hotel_127              0              0           1440
                 128      Hotel_128              0              0           1440
                 129      Hotel_129              0              0           1440
                 130      Hotel_130              0              0           1440
                 131      Hotel_131              0              0           1440
                 132      Hotel_132              0              0           1440
                 133      Hotel_133              0              0           1440

    #          tr_id        tr_name          nspot            seq
                  65        Tour_65              3             59            109             69

    #          gr_id        gr_size          tr_id         origin
                   0              2             65            126
                   1              8             65            132
                   2              7             65            125
                   3              3             65            127
                   4              9             65            126
                   5              1             65            128
                   6              7             65            125
                   7              3             65            130
                   8              9             65            126
                   9              3             65            130
                  10              8             65            128
                  11              2             65            124
                  12              7             65            129
                  13              4             65            124
                  14              9             65            133
                  15              2             65            131
                  16              4             65            132
                  17              3             65            133
                  18              1             65            129
                  19              8             65            132
                  20              9             65            125
                  21              9             65            126
                  22              2             65            127
                  23              6             65            127
                  24              4             65            132
                  25              9             65            127
                  26              5             65            133
                  27              7             65            124
                  28              6             65            131
                  29              1             65            129
                  30              6             65            129
                  31              7             65            131
                  32              9             65            133
                  33              9             65            125
                  34              3             65            131
                  35              8             65            130
                  36              2             65            130
                  37              4             65            128
                  38              7             65            124
                  39              7             65            128

    #            o/d             59             69            109            124            125            126            127            128            129            130            131            132            133
                  69             52
                 109             61             88
                 124             46             33             58
                 125             46             43            104             65
                 126             21             60             41             41             65
                 127             33             29             60             15             52             33
                 128            101             84             72             60            123             88             73
                 129             23             51             42             31             62             11             23             80
                 130             88             46            132             78             52            101             73            122             94
                 131             21             72             65             65             58             29             52            116             37            105
                 132             23             62             82             65             37             42             51            122             46             87             23
                 133             82             31            108             51             68             87             55             82             78             42            102             92
