    #        ngroups         ntours         nspots
                   5              1              8

    #        spot_id         n_name         length              a              b
                  44        Spot_44            150              0           1440
                  57        Spot_57             90              0           1440
                  65        Spot_65             90              0           1440
                 101       Spot_101             60              0           1440
                 125      Hotel_125              0              0           1440
                 126      Hotel_126              0              0           1440
                 128      Hotel_128              0              0           1440
                 132      Hotel_132              0              0           1440

    #          tr_id        tr_name          nspot            seq
                  49        Tour_49              4             57            101             44             65

    #          gr_id        gr_size          tr_id         origin
                   0              4             49            132
                   1              2             49            125
                   2              3             49            125
                   3              8             49            128
                   4              2             49            126

    #            o/d             44             57             65            101            125            126            128            132
                  57             11
                  65            116            106
                 101             43             37            102
                 125            108            102             65            119
                 126             94             84             23             80             65
                 128             37             33            110             11            123             88
                 132            119            110             33            116             37             42            122
