    #        ngroups         ntours         nspots
                  50              1             13

    #        spot_id         n_name         length              a              b
                  43        Spot_43            210              0           1440
                  51        Spot_51             60              0           1440
                  67        Spot_67             60              0           1440
                 124      Hotel_124              0              0           1440
                 125      Hotel_125              0              0           1440
                 126      Hotel_126              0              0           1440
                 127      Hotel_127              0              0           1440
                 128      Hotel_128              0              0           1440
                 129      Hotel_129              0              0           1440
                 130      Hotel_130              0              0           1440
                 131      Hotel_131              0              0           1440
                 132      Hotel_132              0              0           1440
                 133      Hotel_133              0              0           1440

    #          tr_id        tr_name          nspot            seq
                  27        Tour_27              3             43             51             67

    #          gr_id        gr_size          tr_id         origin
                   0              7             27            126
                   1              1             27            132
                   2              3             27            130
                   3              4             27            126
                   4              4             27            130
                   5              8             27            132
                   6              2             27            129
                   7              2             27            130
                   8              1             27            127
                   9              7             27            125
                  10              7             27            125
                  11              5             27            132
                  12              5             27            127
                  13              5             27            133
                  14              6             27            133
                  15              4             27            126
                  16              2             27            125
                  17              1             27            129
                  18              4             27            128
                  19              2             27            133
                  20              8             27            127
                  21              8             27            131
                  22              4             27            129
                  23              8             27            129
                  24              7             27            126
                  25              6             27            128
                  26              6             27            129
                  27              8             27            130
                  28              8             27            130
                  29              1             27            124
                  30              7             27            133
                  31              7             27            128
                  32              7             27            131
                  33              1             27            132
                  34              1             27            125
                  35              7             27            131
                  36              7             27            124
                  37              1             27            131
                  38              8             27            124
                  39              8             27            127
                  40              4             27            129
                  41              5             27            126
                  42              7             27            124
                  43              6             27            130
                  44              9             27            124
                  45              8             27            126
                  46              4             27            128
                  47              8             27            124
                  48              7             27            133
                  49              3             27            131

    #            o/d             43             51             67            124            125            126            127            128            129            130            131            132            133
                  51             78
                  67             94             31
                 124             33             46             65
                 125             72             84            114             65
                 126             72             21             51             41             65
                 127             41             43             68             15             52             33
                 128             61             78             71             60            123             88             73
                 129             62             23             52             31             62             11             23             80
                 130             61            116            141             78             52            101             73            122             94
                 131             92             46             74             65             58             29             52            116             37            105
                 132             87             62             92             65             37             42             51            122             46             87             23
                 133             23             96            115             51             68             87             55             82             78             42            102             92
