    #        ngroups         ntours         nspots
                  60              1             13

    #        spot_id         n_name         length              a              b
                  63        Spot_63            120              0           1440
                  75        Spot_75            120              0           1440
                  90        Spot_90            180              0           1440
                 124      Hotel_124              0              0           1440
                 125      Hotel_125              0              0           1440
                 126      Hotel_126              0              0           1440
                 127      Hotel_127              0              0           1440
                 128      Hotel_128              0              0           1440
                 129      Hotel_129              0              0           1440
                 130      Hotel_130              0              0           1440
                 131      Hotel_131              0              0           1440
                 132      Hotel_132              0              0           1440
                 133      Hotel_133              0              0           1440

    #          tr_id        tr_name          nspot            seq
                  94        Tour_94              3             63             90             75

    #          gr_id        gr_size          tr_id         origin
                   0              3             94            132
                   1              9             94            130
                   2              4             94            128
                   3              6             94            132
                   4              3             94            131
                   5              4             94            124
                   6              7             94            131
                   7              5             94            131
                   8              7             94            125
                   9              1             94            125
                  10              3             94            133
                  11              7             94            127
                  12              4             94            128
                  13              4             94            128
                  14              9             94            124
                  15              7             94            129
                  16              1             94            124
                  17              3             94            124
                  18              2             94            126
                  19              4             94            132
                  20              1             94            129
                  21              4             94            130
                  22              1             94            130
                  23              4             94            131
                  24              4             94            127
                  25              3             94            133
                  26              8             94            129
                  27              3             94            127
                  28              3             94            129
                  29              6             94            131
                  30              8             94            129
                  31              7             94            126
                  32              1             94            125
                  33              1             94            126
                  34              5             94            130
                  35              6             94            133
                  36              7             94            125
                  37              8             94            128
                  38              9             94            126
                  39              9             94            130
                  40              9             94            133
                  41              7             94            125
                  42              1             94            126
                  43              5             94            129
                  44              7             94            126
                  45              3             94            125
                  46              2             94            127
                  47              2             94            132
                  48              4             94            132
                  49              5             94            127
                  50              4             94            132
                  51              6             94            124
                  52              4             94            128
                  53              9             94            130
                  54              8             94            127
                  55              4             94            133
                  56              4             94            131
                  57              9             94            133
                  58              2             94            124
                  59              2             94            128

    #            o/d             63             75             90            124            125            126            127            128            129            130            131            132            133
                  75             65
                  90             92             51
                 124             68             72             51
                 125             87             33             23             65
                 126            106             88             42             41             65
                 127             74             65             37             15             52             33
                 128             87            124            110             60            123             88             73
                 129             97             82             41             31             62             11             23             80
                 130             51             21             68             78             52            101             73            122             94
                 131            122             88             37             65             58             29             52            116             37            105
                 132            112             68             21             65             37             42             51            122             46             87             23
                 133             21             51             72             51             68             87             55             82             78             42            102             92
