    #        ngroups         ntours         nspots
                  60              1             14

    #        spot_id         n_name         length              a              b
                  44        Spot_44            150              0           1440
                  57        Spot_57             90              0           1440
                  65        Spot_65             90              0           1440
                 101       Spot_101             60              0           1440
                 124      Hotel_124              0              0           1440
                 125      Hotel_125              0              0           1440
                 126      Hotel_126              0              0           1440
                 127      Hotel_127              0              0           1440
                 128      Hotel_128              0              0           1440
                 129      Hotel_129              0              0           1440
                 130      Hotel_130              0              0           1440
                 131      Hotel_131              0              0           1440
                 132      Hotel_132              0              0           1440
                 133      Hotel_133              0              0           1440

    #          tr_id        tr_name          nspot            seq
                  49        Tour_49              4             57            101             44             65

    #          gr_id        gr_size          tr_id         origin
                   0              1             49            127
                   1              6             49            129
                   2              4             49            125
                   3              1             49            129
                   4              8             49            128
                   5              4             49            130
                   6              2             49            133
                   7              2             49            130
                   8              8             49            129
                   9              8             49            125
                  10              3             49            130
                  11              1             49            126
                  12              2             49            129
                  13              2             49            129
                  14              7             49            133
                  15              5             49            127
                  16              2             49            133
                  17              6             49            131
                  18              9             49            132
                  19              5             49            133
                  20              6             49            128
                  21              4             49            131
                  22              4             49            124
                  23              5             49            130
                  24              9             49            132
                  25              5             49            128
                  26              2             49            127
                  27              3             49            131
                  28              3             49            133
                  29              6             49            125
                  30              7             49            128
                  31              6             49            126
                  32              6             49            124
                  33              5             49            126
                  34              4             49            126
                  35              5             49            124
                  36              6             49            130
                  37              3             49            128
                  38              2             49            127
                  39              4             49            131
                  40              8             49            124
                  41              1             49            131
                  42              8             49            125
                  43              2             49            133
                  44              4             49            126
                  45              3             49            125
                  46              6             49            127
                  47              1             49            124
                  48              9             49            126
                  49              1             49            131
                  50              1             49            132
                  51              7             49            125
                  52              6             49            132
                  53              4             49            127
                  54              1             49            128
                  55              8             49            132
                  56              4             49            129
                  57              5             49            124
                  58              6             49            130
                  59              3             49            132

    #            o/d             44             57             65            101            124            125            126            127            128            129            130            131            132            133
                  57             11
                  65            116            106
                 101             43             37            102
                 124             55             46             62             55
                 125            108            102             65            119             65
                 126             94             84             23             80             41             65
                 127             68             60             51             68             15             52             33
                 128             37             33            110             11             60            123             88             73
                 129             84             74             33             72             31             62             11             23             80
                 130             94             92            110            122             78             52            101             73            122             94
                 131            119            109             11            108             65             58             29             52            116             37            105
                 132            119            110             33            116             65             37             42             51            122             46             87             23
                 133             52             51            104             84             51             68             87             55             82             78             42            102             92
