    #        ngroups         ntours         nspots
                  70              1             13

    #        spot_id         n_name         length              a              b
                  59        Spot_59            180              0           1440
                  69        Spot_69            120              0           1440
                 109       Spot_109            120              0           1440
                 124      Hotel_124              0              0           1440
                 125      Hotel_125              0              0           1440
                 126      Hotel_126              0              0           1440
                 127      Hotel_127              0              0           1440
                 128      Hotel_128              0              0           1440
                 129      Hotel_129              0              0           1440
                 130      Hotel_130              0              0           1440
                 131      Hotel_131              0              0           1440
                 132      Hotel_132              0              0           1440
                 133      Hotel_133              0              0           1440

    #          tr_id        tr_name          nspot            seq
                  65        Tour_65              3             59            109             69

    #          gr_id        gr_size          tr_id         origin
                   0              8             65            126
                   1              8             65            132
                   2              6             65            125
                   3              6             65            127
                   4              7             65            126
                   5              3             65            126
                   6              7             65            125
                   7              8             65            130
                   8              7             65            126
                   9              8             65            130
                  10              7             65            133
                  11              9             65            131
                  12              7             65            129
                  13              2             65            124
                  14              3             65            133
                  15              9             65            133
                  16              9             65            132
                  17              1             65            128
                  18              4             65            126
                  19              9             65            132
                  20              6             65            127
                  21              7             65            130
                  22              3             65            132
                  23              3             65            127
                  24              6             65            129
                  25              7             65            129
                  26              5             65            124
                  27              1             65            124
                  28              8             65            131
                  29              2             65            129
                  30              7             65            128
                  31              9             65            130
                  32              6             65            133
                  33              7             65            125
                  34              7             65            130
                  35              5             65            130
                  36              4             65            130
                  37              5             65            125
                  38              9             65            128
                  39              9             65            132
                  40              7             65            133
                  41              3             65            133
                  42              1             65            131
                  43              3             65            125
                  44              4             65            133
                  45              9             65            129
                  46              1             65            127
                  47              3             65            131
                  48              2             65            129
                  49              3             65            126
                  50              9             65            127
                  51              9             65            126
                  52              9             65            128
                  53              2             65            126
                  54              3             65            128
                  55              5             65            124
                  56              3             65            128
                  57              4             65            127
                  58              9             65            128
                  59              7             65            130
                  60              3             65            127
                  61              3             65            124
                  62              5             65            124
                  63              7             65            125
                  64              5             65            127
                  65              9             65            131
                  66              9             65            132
                  67              1             65            133
                  68              7             65            129
                  69              6             65            129

    #            o/d             59             69            109            124            125            126            127            128            129            130            131            132            133
                  69             52
                 109             61             88
                 124             46             33             58
                 125             46             43            104             65
                 126             21             60             41             41             65
                 127             33             29             60             15             52             33
                 128            101             84             72             60            123             88             73
                 129             23             51             42             31             62             11             23             80
                 130             88             46            132             78             52            101             73            122             94
                 131             21             72             65             65             58             29             52            116             37            105
                 132             23             62             82             65             37             42             51            122             46             87             23
                 133             82             31            108             51             68             87             55             82             78             42            102             92
