    #        ngroups         ntours         nspots
                  70              1             13

    #        spot_id         n_name         length              a              b
                  27        Spot_27             90              0           1440
                  66        Spot_66            120              0           1440
                 123       Spot_123            210              0           1440
                 124      Hotel_124              0              0           1440
                 125      Hotel_125              0              0           1440
                 126      Hotel_126              0              0           1440
                 127      Hotel_127              0              0           1440
                 128      Hotel_128              0              0           1440
                 129      Hotel_129              0              0           1440
                 130      Hotel_130              0              0           1440
                 131      Hotel_131              0              0           1440
                 132      Hotel_132              0              0           1440
                 133      Hotel_133              0              0           1440

    #          tr_id        tr_name          nspot            seq
                  72        Tour_72              3             66             27            123

    #          gr_id        gr_size          tr_id         origin
                   0              1             72            129
                   1              4             72            132
                   2              8             72            127
                   3              6             72            128
                   4              5             72            129
                   5              7             72            124
                   6              6             72            124
                   7              3             72            131
                   8              4             72            130
                   9              7             72            132
                  10              7             72            131
                  11              6             72            126
                  12              2             72            128
                  13              9             72            127
                  14              3             72            133
                  15              5             72            127
                  16              4             72            125
                  17              7             72            132
                  18              5             72            130
                  19              9             72            129
                  20              8             72            129
                  21              4             72            125
                  22              5             72            128
                  23              7             72            131
                  24              9             72            126
                  25              3             72            126
                  26              9             72            130
                  27              1             72            126
                  28              3             72            125
                  29              6             72            125
                  30              7             72            127
                  31              8             72            132
                  32              8             72            128
                  33              9             72            129
                  34              3             72            133
                  35              2             72            133
                  36              4             72            131
                  37              9             72            132
                  38              2             72            127
                  39              4             72            132
                  40              2             72            130
                  41              6             72            124
                  42              7             72            126
                  43              6             72            125
                  44              6             72            126
                  45              2             72            132
                  46              7             72            130
                  47              7             72            131
                  48              4             72            131
                  49              3             72            127
                  50              7             72            124
                  51              5             72            129
                  52              3             72            131
                  53              6             72            131
                  54              6             72            130
                  55              5             72            133
                  56              5             72            133
                  57              3             72            130
                  58              8             72            128
                  59              2             72            128
                  60              2             72            132
                  61              3             72            127
                  62              2             72            124
                  63              2             72            126
                  64              8             72            129
                  65              1             72            128
                  66              9             72            125
                  67              9             72            125
                  68              9             72            133
                  69              8             72            128

    #            o/d             27             66            123            124            125            126            127            128            129            130            131            132            133
                  66             23
                 123             82             65
                 124             73             51             37
                 125             46             37             92             65
                 126             46             31             37             41             65
                 127             60             37             42             15             52             33
                 128            129            108             55             60            123             88             73
                 129             51             33             33             31             62             11             23             80
                 130             97             82            114             78             52            101             73            122             94
                 131             21             23             65             65             58             29             52            116             37            105
                 132             11             15             78             65             37             42             51            122             46             87             23
                 133            102             81             86             51             68             87             55             82             78             42            102             92
