    #        ngroups         ntours         nspots
                  80              1             13

    #        spot_id         n_name         length              a              b
                   4         Spot_4            150              0           1440
                   7         Spot_7             60              0           1440
                  86        Spot_86            180              0           1440
                 124      Hotel_124              0              0           1440
                 125      Hotel_125              0              0           1440
                 126      Hotel_126              0              0           1440
                 127      Hotel_127              0              0           1440
                 128      Hotel_128              0              0           1440
                 129      Hotel_129              0              0           1440
                 130      Hotel_130              0              0           1440
                 131      Hotel_131              0              0           1440
                 132      Hotel_132              0              0           1440
                 133      Hotel_133              0              0           1440

    #          tr_id        tr_name          nspot            seq
                  31        Tour_31              3             86              4              7

    #          gr_id        gr_size          tr_id         origin
                   0              3             31            129
                   1              8             31            129
                   2              1             31            130
                   3              7             31            124
                   4              3             31            133
                   5              5             31            130
                   6              2             31            131
                   7              8             31            133
                   8              7             31            127
                   9              9             31            126
                  10              7             31            126
                  11              8             31            125
                  12              3             31            133
                  13              6             31            132
                  14              2             31            125
                  15              8             31            132
                  16              8             31            130
                  17              5             31            132
                  18              5             31            131
                  19              4             31            129
                  20              5             31            125
                  21              2             31            129
                  22              1             31            132
                  23              9             31            128
                  24              3             31            132
                  25              7             31            132
                  26              9             31            129
                  27              8             31            127
                  28              3             31            125
                  29              7             31            133
                  30              4             31            124
                  31              1             31            131
                  32              9             31            126
                  33              3             31            124
                  34              9             31            127
                  35              8             31            129
                  36              4             31            131
                  37              1             31            126
                  38              4             31            130
                  39              1             31            129
                  40              1             31            125
                  41              3             31            129
                  42              4             31            128
                  43              3             31            127
                  44              4             31            130
                  45              1             31            128
                  46              6             31            131
                  47              1             31            131
                  48              2             31            126
                  49              5             31            132
                  50              3             31            127
                  51              4             31            124
                  52              5             31            128
                  53              8             31            132
                  54              9             31            131
                  55              7             31            133
                  56              1             31            128
                  57              7             31            128
                  58              8             31            131
                  59              2             31            130
                  60              5             31            126
                  61              3             31            124
                  62              8             31            124
                  63              2             31            133
                  64              1             31            124
                  65              8             31            127
                  66              1             31            124
                  67              2             31            125
                  68              5             31            128
                  69              8             31            130
                  70              3             31            133
                  71              9             31            133
                  72              6             31            125
                  73              4             31            125
                  74              9             31            126
                  75              7             31            128
                  76              4             31            127
                  77              5             31            130
                  78              3             31            126
                  79              2             31            127

    #            o/d              4              7             86            124            125            126            127            128            129            130            131            132            133
                   7             46
                  86             61             58
                 124             61             29             86
                 125            102             58             81             65
                 126            102             65            119             41             65
                 127             72             33             88             15             52             33
                 128             60             72            116             60            123             88             73
                 129             92             55            110             31             62             11             23             80
                 130             78             52             33             78             52            101             73            122             94
                 131            124             81            129             65             58             29             52            116             37            105
                 132            119             74            114             65             37             42             51            122             46             87             23
                 133             37             23             37             51             68             87             55             82             78             42            102             92
