    #        ngroups         ntours         nspots
                  80              1             12

    #        spot_id         n_name         length              a              b
                  45        Spot_45            120              0           1440
                  67        Spot_67             60              0           1440
                 124      Hotel_124              0              0           1440
                 125      Hotel_125              0              0           1440
                 126      Hotel_126              0              0           1440
                 127      Hotel_127              0              0           1440
                 128      Hotel_128              0              0           1440
                 129      Hotel_129              0              0           1440
                 130      Hotel_130              0              0           1440
                 131      Hotel_131              0              0           1440
                 132      Hotel_132              0              0           1440
                 133      Hotel_133              0              0           1440

    #          tr_id        tr_name          nspot            seq
                  32        Tour_32              2             45             67

    #          gr_id        gr_size          tr_id         origin
                   0              1             32            133
                   1              4             32            125
                   2              3             32            126
                   3              2             32            126
                   4              4             32            127
                   5              8             32            132
                   6              9             32            130
                   7              4             32            131
                   8              3             32            125
                   9              4             32            128
                  10              7             32            125
                  11              8             32            129
                  12              9             32            129
                  13              4             32            128
                  14              7             32            128
                  15              9             32            129
                  16              9             32            127
                  17              8             32            132
                  18              4             32            132
                  19              1             32            132
                  20              1             32            131
                  21              9             32            131
                  22              6             32            127
                  23              1             32            125
                  24              4             32            133
                  25              2             32            126
                  26              2             32            124
                  27              4             32            130
                  28              5             32            132
                  29              4             32            131
                  30              1             32            130
                  31              5             32            127
                  32              7             32            131
                  33              9             32            126
                  34              4             32            128
                  35              7             32            131
                  36              5             32            125
                  37              7             32            126
                  38              1             32            125
                  39              1             32            133
                  40              9             32            130
                  41              8             32            128
                  42              3             32            133
                  43              8             32            133
                  44              4             32            126
                  45              9             32            126
                  46              4             32            128
                  47              6             32            127
                  48              2             32            133
                  49              4             32            124
                  50              6             32            124
                  51              6             32            129
                  52              2             32            130
                  53              9             32            127
                  54              1             32            127
                  55              6             32            130
                  56              6             32            133
                  57              9             32            133
                  58              4             32            128
                  59              5             32            127
                  60              3             32            131
                  61              8             32            124
                  62              6             32            124
                  63              4             32            129
                  64              3             32            129
                  65              4             32            124
                  66              6             32            130
                  67              6             32            126
                  68              6             32            124
                  69              3             32            129
                  70              6             32            132
                  71              7             32            130
                  72              8             32            132
                  73              5             32            132
                  74              1             32            125
                  75              9             32            125
                  76              3             32            124
                  77              7             32            129
                  78              3             32            128
                  79              8             32            131

    #            o/d             45             67            124            125            126            127            128            129            130            131            132            133
                  67            138
                 124             73             65
                 125             61            114             65
                 126            102             51             41             65
                 127             72             68             15             52             33
                 128            112             71             60            123             88             73
                 129             94             52             31             62             11             23             80
                 130             15            141             78             52            101             73            122             94
                 131            109             74             65             58             29             52            116             37            105
                 132             94             92             65             37             42             51            122             46             87             23
                 133             31            115             51             68             87             55             82             78             42            102             92
