    #        ngroups         ntours         nspots
                  80              1             13

    #        spot_id         n_name         length              a              b
                  43        Spot_43            210              0           1440
                  51        Spot_51             60              0           1440
                  67        Spot_67             60              0           1440
                 124      Hotel_124              0              0           1440
                 125      Hotel_125              0              0           1440
                 126      Hotel_126              0              0           1440
                 127      Hotel_127              0              0           1440
                 128      Hotel_128              0              0           1440
                 129      Hotel_129              0              0           1440
                 130      Hotel_130              0              0           1440
                 131      Hotel_131              0              0           1440
                 132      Hotel_132              0              0           1440
                 133      Hotel_133              0              0           1440

    #          tr_id        tr_name          nspot            seq
                  27        Tour_27              3             43             51             67

    #          gr_id        gr_size          tr_id         origin
                   0              8             27            126
                   1              8             27            132
                   2              4             27            130
                   3              8             27            126
                   4              7             27            129
                   5              6             27            132
                   6              6             27            129
                   7              8             27            130
                   8              8             27            127
                   9              1             27            125
                  10              7             27            125
                  11              7             27            125
                  12              7             27            127
                  13              1             27            132
                  14              1             27            131
                  15              7             27            124
                  16              7             27            125
                  17              1             27            129
                  18              8             27            128
                  19              8             27            133
                  20              4             27            127
                  21              5             27            131
                  22              7             27            126
                  23              6             27            129
                  24              9             27            126
                  25              8             27            128
                  26              4             27            129
                  27              8             27            130
                  28              7             27            130
                  29              3             27            124
                  30              1             27            133
                  31              1             27            126
                  32              2             27            131
                  33              7             27            132
                  34              2             27            125
                  35              2             27            131
                  36              4             27            127
                  37              6             27            131
                  38              9             27            131
                  39              1             27            127
                  40              4             27            129
                  41              3             27            126
                  42              8             27            124
                  43              3             27            130
                  44              5             27            124
                  45              1             27            130
                  46              2             27            128
                  47              8             27            124
                  48              3             27            133
                  49              7             27            131
                  50              5             27            128
                  51              8             27            132
                  52              1             27            133
                  53              5             27            127
                  54              5             27            131
                  55              9             27            132
                  56              8             27            128
                  57              9             27            130
                  58              6             27            125
                  59              6             27            125
                  60              7             27            132
                  61              1             27            130
                  62              3             27            132
                  63              5             27            133
                  64              7             27            125
                  65              8             27            128
                  66              2             27            124
                  67              3             27            129
                  68              4             27            133
                  69              9             27            128
                  70              5             27            124
                  71              2             27            129
                  72              2             27            126
                  73              1             27            127
                  74              7             27            133
                  75              9             27            124
                  76              6             27            133
                  77              1             27            128
                  78              3             27            126
                  79              7             27            127

    #            o/d             43             51             67            124            125            126            127            128            129            130            131            132            133
                  51             78
                  67             94             31
                 124             33             46             65
                 125             72             84            114             65
                 126             72             21             51             41             65
                 127             41             43             68             15             52             33
                 128             61             78             71             60            123             88             73
                 129             62             23             52             31             62             11             23             80
                 130             61            116            141             78             52            101             73            122             94
                 131             92             46             74             65             58             29             52            116             37            105
                 132             87             62             92             65             37             42             51            122             46             87             23
                 133             23             96            115             51             68             87             55             82             78             42            102             92
