    #        ngroups         ntours         nspots
                  10              5             20

    #        spot_id         n_name         length              a              b
                   6         Spot_6             60              0           1440
                  11        Spot_11            180              0           1440
                  18        Spot_18            210              0           1440
                  25        Spot_25            180              0           1440
                  29        Spot_29             60              0           1440
                  33        Spot_33            210              0           1440
                  40        Spot_40             60              0           1440
                  63        Spot_63            120              0           1440
                  75        Spot_75            120              0           1440
                  78        Spot_78             90              0           1440
                  90        Spot_90            180              0           1440
                 100       Spot_100             90              0           1440
                 124      Hotel_124              0              0           1440
                 126      Hotel_126              0              0           1440
                 127      Hotel_127              0              0           1440
                 128      Hotel_128              0              0           1440
                 129      Hotel_129              0              0           1440
                 130      Hotel_130              0              0           1440
                 131      Hotel_131              0              0           1440
                 133      Hotel_133              0              0           1440

    #          tr_id        tr_name          nspot            seq
                  70        Tour_70              1             11
                  94        Tour_94              3             63             90             75
                  21        Tour_21              3            100             78             18
                  77        Tour_77              1             25
                  82        Tour_82              4             40             29             33              6

    #          gr_id        gr_size          tr_id         origin
                   0              3             70            129
                   1              3             94            130
                   2              5             21            131
                   3              4             77            127
                   4              3             82            126
                   5              5             82            124
                   6              8             21            133
                   7              5             94            128
                   8              9             94            124
                   9              1             77            133

    #            o/d              6             11             18             25             29             33             40             63             75             78             90            100            124            126            127            128            129            130            131            133
                  11            165
                  18             86             80
                  25            144             23             58
                  29             37            129             51            108
                  33             72            119             52             97             55
                  40             42            130             55            110             15             68
                  63            138             41             55             23            105             82            109
                  75            136             51             61             46            100            112             96             65
                  78             51            115             37             94             15             51             21             91             87
                  90             94             97             51             82             61             96             52             92             51             52
                 100            106             84             51             71             72            100             65             84             37             61             15
                 124             72             94             15             72             37             46             42             68             72             23             51             55
                 126             52            124             52            105             23             73             11            106             88             23             42             55             41
                 127             73             94             21             73             37             60             37             74             65             23             37             42             15             33
                 128             81            126             65            104             68             15             82             87            124             65            110            114             60             88             73
                 129             55            116             42             96             21             65             15             97             82             15             41             52             31             11             23             80
                 130            146             31             65             29            110            112            108             51             21             96             68             55             78            101             73            122             94
                 131             72            132             72            116             51            102             37            122             88             51             37             51             65             29             52            116             37            105
                 133            122             46             37             23             88             74             91             21             51             73             72             65             51             87             55             82             78             42            102
