    #        ngroups         ntours         nspots
                  10              5             19

    #        spot_id         n_name         length              a              b
                  13        Spot_13            120              0           1440
                  15        Spot_15            210              0           1440
                  34        Spot_34            120              0           1440
                  43        Spot_43            210              0           1440
                  51        Spot_51             60              0           1440
                  53        Spot_53            150              0           1440
                  67        Spot_67             60              0           1440
                  72        Spot_72             60              0           1440
                 106       Spot_106            180              0           1440
                 117       Spot_117             60              0           1440
                 119       Spot_119            120              0           1440
                 125      Hotel_125              0              0           1440
                 126      Hotel_126              0              0           1440
                 127      Hotel_127              0              0           1440
                 128      Hotel_128              0              0           1440
                 129      Hotel_129              0              0           1440
                 130      Hotel_130              0              0           1440
                 132      Hotel_132              0              0           1440
                 133      Hotel_133              0              0           1440

    #          tr_id        tr_name          nspot            seq
                  27        Tour_27              3             43             51             67
                  62        Tour_62              2             15            119
                  59        Tour_59              3            119             34             72
                  56        Tour_56              2            117             13
                  68        Tour_68              2            106             53

    #          gr_id        gr_size          tr_id         origin
                   0              2             27            126
                   1              7             62            132
                   2              4             59            129
                   3              7             56            133
                   4              1             68            130
                   5              8             59            125
                   6              9             59            127
                   7              2             68            130
                   8              2             27            128
                   9              3             27            125

    #            o/d             13             15             34             43             51             53             67             72            106            117            119            125            126            127            128            129            130            132            133
                  15             68
                  34             91             74
                  43             23             88             94
                  51             80             81             23             78
                  53             87            116             65             73             43
                  67            102            112             46             94             31             31
                  72             58            124            122             37            102             82            109
                 106             29             96            104             11             87             80            102             29
                 117            115            114             41            110             37             51             21            129            119
                 119             68             97             55             58             33             21             37             74             65             55
                 125             51             21             82             72             84            112            114            108             80            119             92
                 126             68             61             23             72             21             60             51            102             82             55             43             65
                 127             37             60             55             41             43             61             68             74             51             80             41             52             33
                 128             82            132            100             61             78             41             71             51             62             92             46            123             88             73
                 129             60             62             33             62             23             55             52             92             72             60             37             62             11             23             80
                 130             42             72            122             61            116            129            141             87             62            152            109             52            101             73            122             94
                 132             72             23             52             87             62            100             92            123             97             92             82             37             42             51            122             46             87
                 133             21             87            109             23             96             96            115             46             21            130             80             68             87             55             82             78             42             92
