    #        ngroups         ntours         nspots
                 100             50             95

    #        spot_id         n_name         length              a              b
                   0         Spot_0            210              0           1440
                   1         Spot_1            150              0           1440
                   2         Spot_2            210              0           1440
                   4         Spot_4            150              0           1440
                   5         Spot_5             90              0           1440
                   6         Spot_6             60              0           1440
                   7         Spot_7             60              0           1440
                   8         Spot_8            120              0           1440
                   9         Spot_9            150              0           1440
                  12        Spot_12            120              0           1440
                  15        Spot_15            210              0           1440
                  18        Spot_18            210              0           1440
                  19        Spot_19            150              0           1440
                  20        Spot_20            180              0           1440
                  23        Spot_23            210              0           1440
                  25        Spot_25            180              0           1440
                  28        Spot_28            180              0           1440
                  29        Spot_29             60              0           1440
                  30        Spot_30             60              0           1440
                  31        Spot_31             90              0           1440
                  32        Spot_32            150              0           1440
                  33        Spot_33            210              0           1440
                  34        Spot_34            120              0           1440
                  35        Spot_35            150              0           1440
                  36        Spot_36            120              0           1440
                  37        Spot_37             60              0           1440
                  38        Spot_38            180              0           1440
                  39        Spot_39             90              0           1440
                  40        Spot_40             60              0           1440
                  42        Spot_42             60              0           1440
                  43        Spot_43            210              0           1440
                  44        Spot_44            150              0           1440
                  45        Spot_45            120              0           1440
                  46        Spot_46             60              0           1440
                  47        Spot_47            120              0           1440
                  48        Spot_48            150              0           1440
                  49        Spot_49             60              0           1440
                  51        Spot_51             60              0           1440
                  52        Spot_52             90              0           1440
                  53        Spot_53            150              0           1440
                  55        Spot_55             60              0           1440
                  56        Spot_56            180              0           1440
                  57        Spot_57             90              0           1440
                  59        Spot_59            180              0           1440
                  61        Spot_61            210              0           1440
                  65        Spot_65             90              0           1440
                  68        Spot_68            210              0           1440
                  69        Spot_69            120              0           1440
                  72        Spot_72             60              0           1440
                  73        Spot_73            180              0           1440
                  76        Spot_76             90              0           1440
                  77        Spot_77            150              0           1440
                  79        Spot_79             60              0           1440
                  81        Spot_81             60              0           1440
                  82        Spot_82            150              0           1440
                  84        Spot_84            210              0           1440
                  85        Spot_85             90              0           1440
                  86        Spot_86            180              0           1440
                  87        Spot_87             60              0           1440
                  88        Spot_88            210              0           1440
                  89        Spot_89            120              0           1440
                  91        Spot_91            210              0           1440
                  92        Spot_92            180              0           1440
                  94        Spot_94            210              0           1440
                  96        Spot_96            180              0           1440
                  98        Spot_98             90              0           1440
                  99        Spot_99            210              0           1440
                 100       Spot_100             90              0           1440
                 101       Spot_101             60              0           1440
                 102       Spot_102            150              0           1440
                 103       Spot_103            120              0           1440
                 105       Spot_105             90              0           1440
                 106       Spot_106            180              0           1440
                 107       Spot_107            120              0           1440
                 108       Spot_108             90              0           1440
                 109       Spot_109            120              0           1440
                 112       Spot_112            210              0           1440
                 113       Spot_113            210              0           1440
                 114       Spot_114             60              0           1440
                 116       Spot_116            150              0           1440
                 118       Spot_118            210              0           1440
                 119       Spot_119            120              0           1440
                 120       Spot_120            180              0           1440
                 121       Spot_121             90              0           1440
                 122       Spot_122             60              0           1440
                 124      Hotel_124              0              0           1440
                 125      Hotel_125              0              0           1440
                 126      Hotel_126              0              0           1440
                 127      Hotel_127              0              0           1440
                 128      Hotel_128              0              0           1440
                 129      Hotel_129              0              0           1440
                 130      Hotel_130              0              0           1440
                 131      Hotel_131              0              0           1440
                 132      Hotel_132              0              0           1440
                 133      Hotel_133              0              0           1440

    #          tr_id        tr_name          nspot            seq
                  65        Tour_65              3             59            109             69
                  96        Tour_96              2            107             79
                  66        Tour_66              3             68             87             47
                  74        Tour_74              3            105              2            109
                   1         Tour_1              2            121             56
                  22        Tour_22              1             88
                  23        Tour_23              3             76             89            120
                  73        Tour_73              2             46            113
                  17        Tour_17              3             34            108             49
                  45        Tour_45              2              6             88
                  68        Tour_68              2            106             53
                  36        Tour_36              2             31             53
                   4         Tour_4              3             73              0              5
                  76        Tour_76              3             38             98             39
                   3         Tour_3              2             96            114
                  42        Tour_42              2            118             51
                  82        Tour_82              4             40             29             33              6
                  85        Tour_85              3             94             35            114
                  88        Tour_88              3             39             36             77
                  31        Tour_31              3             86              4              7
                   8         Tour_8              2              9             79
                   9         Tour_9              3              7             43             32
                   2         Tour_2              3             84             30              8
                  92        Tour_92              2             23             85
                  78        Tour_78              2            102              8
                  87        Tour_87              2            114             33
                  50        Tour_50              3            116             40             87
                  30        Tour_30              2            121             55
                  51        Tour_51              2             20             25
                  10        Tour_10              2             18             92
                  59        Tour_59              3            119             34             72
                  93        Tour_93              2            112             28
                  55        Tour_55              3             47             46            103
                  26        Tour_26              2            113             91
                  35        Tour_35              3             61            116            122
                  54        Tour_54              3             69            100             82
                  95        Tour_95              2             28             15
                  38        Tour_38              3             81             28             29
                  69        Tour_69              2             12             88
                  84        Tour_84              3             49             69             47
                  37        Tour_37              2            108            107
                  97        Tour_97              3             45             19              1
                  79        Tour_79              2             79             91
                   6         Tour_6              2             99              4
                  98        Tour_98              3              7             53             48
                  44        Tour_44              3             25             42             37
                  47        Tour_47              1             56
                  49        Tour_49              4             57            101             44             65
                  40        Tour_40              3             79             49              5
                  83        Tour_83              2             52             88

    #          gr_id        gr_size          tr_id         origin
                   0              6             65            126
                   1              7             96            132
                   2              3             66            125
                   3              3             74            127
                   4              6              1            126
                   5              7             22            126
                   6              5             23            125
                   7              1             73            130
                   8              8             17            126
                   9              2             45            130
                  10              7             68            128
                  11              9             36            131
                  12              6              4            127
                  13              7             76            124
                  14              7              3            133
                  15              5             42            133
                  16              4             82            132
                  17              5             85            128
                  18              9             88            126
                  19              9             31            132
                  20              7              8            131
                  21              3              9            130
                  22              1              2            132
                  23              3             92            127
                  24              4             78            126
                  25              9             87            129
                  26              1             50            124
                  27              3             30            124
                  28              2             51            132
                  29              3             10            131
                  30              9             59            128
                  31              9             93            130
                  32              9             55            133
                  33              2             26            125
                  34              3             35            130
                  35              5             54            130
                  36              3             95            130
                  37              4             38            125
                  38              9             69            128
                  39              7             84            132
                  40              3             37            133
                  41              3             97            133
                  42              5             79            131
                  43              7              6            125
                  44              5             98            129
                  45              9             44            130
                  46              9             47            127
                  47              1             49            131
                  48              7             40            129
                  49              8             83            126
                  50              5             87            127
                  51              6             38            126
                  52              9             97            128
                  53              5             73            126
                  54              8             73            128
                  55              1             49            124
                  56              5             55            128
                  57              7             85            127
                  58              3             76            129
                  59              7             78            130
                  60              6             55            132
                  61              3             37            124
                  62              8             82            124
                  63              8             68            125
                  64              9              9            127
                  65              3             83            131
                  66              6             69            132
                  67              2             68            124
                  68              8             88            129
                  69              4             10            129
                  70              3             65            126
                  71              4             87            131
                  72              7             38            124
                  73              4             54            125
                  74              3             82            125
                  75              1             59            125
                  76              9             78            132
                  77              3             59            133
                  78              1             37            125
                  79              5             44            131
                  80              6             95            130
                  81              2             10            127
                  82              2             40            128
                  83              2             38            124
                  84              7             78            129
                  85              9             10            124
                  86              5             50            133
                  87              4             54            129
                  88              9             49            133
                  89              5              1            128
                  90              3             26            133
                  91              7             68            128
                  92              4             51            129
                  93              8             66            133
                  94              2             22            127
                  95              5             42            129
                  96              8             95            127
                  97              8             54            131
                  98              6             74            131
                  99              5             40            132

    #            o/d              0              1              2              4              5              6              7              8              9             12             15             18             19             20             23             25             28             29             30             31             32             33             34             35             36             37             38             39             40             42             43             44             45             46             47             48             49             51             52             53             55             56             57             59             61             65             68             69             72             73             76             77             79             81             82             84             85             86             87             88             89             91             92             94             96             98             99            100            101            102            103            105            106            107            108            109            112            113            114            116            118            119            120            121            122            124            125            126            127            128            129            130            131            132            133
                   1             73
                   2             23             51
                   4             74            119             81
                   5             60             92             65            132
                   6             82             11             60            123            102
                   7             31             94             46             46             87            101
                   8             65             11             43            116             82             21             88
                   9             51             87             52             33            110             91             33             84
                  12             42             71             43            116             23             81             72             61             91
                  15             51            102             65            119             23            112             73             92            101             33
                  18             23             80             33             52             82             86             15             73             29             65             72
                  19             42            114             65             86             62            123             46            105             78             60             41             52
                  20             82            114             84             21            141            116             58            112             33            123            130             60            102
                  23             65             21             42            100             97             23             80             23             68             74            102             65            106             94
                  25             68            137             88             52            112            144             43            130             65            104             92             58             52             72            122
                  28             72            144             94             74            104            152             55            137             82            100             82             68             42             94            132             23
                  29             46             29             23             94             78             37             65             23             62             55             82             51             87             92             21            108            116
                  30             72             33             51             96            109             31             82             37             65             87            114             68            114             87             15            124            136             33
                  31             46            115             65             51             92            122             23            108             51             82             74             37             37             68            102             23             33             86            105
                  32             52            123             74             94             65            132             55            114             87             65             42             62             11            110            116             55             41             97            124             43
                  33             68             71             58             58            122             72             61             72             33            101            119             52            104             46             51             97            114             55             42             82            114
                  34             60             33             42            122             61             42             87             23             92             42             74             74             94            122             43            127            130             33             58            105            102             87
                  35             73             81             65             51            129             82             62             82             31            108            124             55            106             37             61             94            112             65             52             81            116             11             97
                  36            101            112             96             51            159            112             82            114             51            138            151             80            127             31             92            102            124             97             81             97            136             42            129             33
                  37             37            110             60             72             71            119             33            102             65             65             52             41             15             88            100             41             37             82            106             23             23             92             94             94            114
                  38             37             37             15             92             68             46             60             29             61             46             72             46             78             92             31            102            108             11             42             80             87             60             31             68            100             73
                  39             15             72             23             62             73             80             23             65             37             55             65             11             51             68             60             65             73             43             65             43             61             55             65             60             86             42             37
                  40             43             33             23            102             65             42             68             23             71             42             71             55             82            102             33            110            115             15             46             88             91             68             21             78            109             80             11             46
                  42             43             92             55            114             21            102             68             82             94             23             11             65             42            124             92             92             84             72            104             72             46            110             65            116            144             51             62             58             61
                  43             42             96             52             33            100            102             15             91             21             84             88             21             60             43             80             46             62             68             80             31             68             52             94             51             68             46             65             31             74             82
                  44             73            104             74             23            132            106             51            102             23            114            122             51             96             11             84             71             92             81             78             65            105             37            112             29             33             82             82             60             92            116             37
                  45             65            137             86             65            102            144             46            129             72             97             81             60             41             84            124             15             11            108            127             23             42            104            124            102            114             33            101             65            108             82             52             82
                  46             11             68             21             84             51             78             41             60             60             33             46             33             46             91             62             78             80             42             71             55             55             73             51             80            108             43             33             23             37             37             52             82             73
                  47             51            122             72             60             92            130             33            115             61             84             72             46             33             78            110             21             23             94            114             11             37             92            110             92            106             21             86             51             94             71             41             74             15             60
                  48             55            122             73             46            102            129             29            116             52             92             84             43             46             65            108             15             31             94            110             11             51             84            114             82             94             33             88             51             96             82             33             62             21             65             15
                  49             74            138             91             41            122            144             46            132             60            112            104             60             65             61            122             15             37            110            122             31             68             91            132             87             92             52            105             68            114            102             43             62             29             84             33             21
                  51             51             23             29            104             74             33             73             15             72             52             81             60             91            102             23            116            122             11             37             94            100             65             23             74            106             88             15             51             11             71             78             92            115             46            101            102            119
                  52             37            108             58             58             82            116             21            101             52             72             65             33             29             73             96             33             37             80            100             11             37             81             96             82            100             15             72             37             80             62             33             68             29             46             15             21             41             86
                  53             71             42             52             88            114             41             78             46             58             91            116             65            112             78             23            119            132             37             11            100            122             33             65             42             71            104             46             62             51            106             73             68            123             72            109            105            116             43             97
                  55             55             42             41            122             51             52             84             33             92             33             65             72             86            124             51            123            124             37             65            100             94             91             11            100            132             88             33             62             23             55             92            114            119             46            105            109            129             29             91             72
                  56             41             61             37            114             33             71             71             51             87             11             42             62             65            119             65            106            105             46             78             84             72             94             33            102            132             68             37             52             33             33             82            109            100             31             87             94            114             42             74             82             23
                  57             65             94             65             29            124             97             46             92             15            105            115             43             91             21             74             72             92             71             68             62            100             29            102             23             37             78             72             51             82            108             33             11             81             73             72             61             65             81             65             60            104            100
                  59             31             62             29            104             37             72             61             52             78             15             41             52             58            109             62             97             96             42             74             74             65             86             37             94            124             60             33             42             31             31             72            100             91             21             78             84            104             41             65             78             29             11             91
                  61             42             51             33            112             42             61             72             41             84             21             52             61             72            116             55            109            110             37             68             87             80             88             23             96            127             73             29             51             23             42             81            106            105             33             91             97            116             33             78             73             15             11             97             15
                  65             52             52             42            122             41             62             82             42             94             23             55             71             80            126             60            119            119             43             73             97             86             96             21            105            136             82             37             61             29             46             92            116            114             42            100            106            126             37             87             80             11             15            106             23             11
                  68             43             78             42             42            102             82             31             74             11             82             94             23             74             42             60             68             84             52             58             52             84             31             81             33             58             62             51             29             61             86             23             33             74             51             62             55             65             62             51             51             82             78             23             68             74             84
                  69             23             94             43             60             74            102             15             86             46             61             60             21             33             72             82             46             51             65             87             23             42             72             82             74             96             21             58             23             65             55             29             65             43             33             29             33             52             72             15             84             78             62             60             52             65             74             42
                  72             78            116             82             11            136            119             51            114             31            119            124             55             94             11             97             62             84             92             91             60            102             51            122             43             41             80             92             65            102            119             37             15             74             87             68             55             51            102             65             82            122            116             23            106            114            124             41             65
                  73             11             82             33             78             55             91             33             73             58             41             43             29             33             88             74             65             65             55             82             42             42             78             65             82            108             29             46             23             51             37             46             80             60             15             46             52             72             60             33             81             60             42             72             33             46             55             51             21             82
                  76             55             62             43             60            108             65             52             61             29             86            105             41             92             52             42             91            106             42             37             74            102             15             74             23             55             81             46             42             55             96             46             42             97             60             84             78             88             52             72             29             78             80             33             72             73             82             23             61             55             65
                  77             71            127             84             21            126            132             41            123             43            112            109             52             73             41            110             33             55            100            108             37             80             73            126             68             71             60             97             62            106            106             33             42             46             81             43             29             21            109             46            101            124            112             46            102            112            122             51             52             31             72             72
                  79             52             72             51            126             21             82             82             62            100             11             37             74             68            132             78            114            109             60             91             92             73            108             41            116            146             74             51             65             46             29             94            123            106             42             94            102            122             55             82             96             31             15            114             23             23             21             91             71            129             51             94            122
                  81             72             52             55             80            119             51             74             55             51             96            119             62            112             68             33            114            129             43             21             97            122             23             73             33             61            102             51             61             58            109             68             60            119             74            106            100            110             51             94             11             80             88             51             82             80             86             46             82             73             82             23             94            102
                  82             65             61             51             65            116             62             62             62             37             94            114             51            102             55             41            100            116             46             33             84            112             11             78             21             52             92             51             52             60            105             55             46            106             68             94             87             96             55             82             23             82             86             37             80             80             88             33             71             60             74             11             80            101             15
                  84             46             91             51             31            105             96             23             87             11             87             94             23             68             37             73             55             72             65             72             41             78             42             92             41             60             55             62             33             72             88             11             29             62             55             51             42             51             74             42             65             92             84             23             74             82             92             15             37             33             51             37             37             97             60             46
                  85             21             86             37             55             78             94             11             80             37             62             65             11             42             65             73             51             60             58             78             29             52             62             78             65             88             31             51             15             60             60             23             58             51             31             37             37             55             65             23             74             74             61             51             51             62             72             33             11             60             23             51             51             72             72             61             29
                  86             82            151            102             61            122            158             58            144             78            116            102             72             61             81            137             15             23            122            138             37             62            109            141            106            112             52            116             80            124            102             60             82             21             91             33             29             21            130             46            132            136            119             84            109            123            132             82             60             71             78            105             41            126            127            114             68             65
                  87             58            102             68            127             15            112             82             92            108             31             11             80             51            138            104            102             92             84            116             84             52            124             72            130            158             62             74             72             72             15             96            130             92             51             82             94            114             82             74            119             62             41            122             42             51             52            101             68            132             51            110            119             33            123            119            102             73            112
                  88             51             92             60            123             11            102             78             81            102             21             15             73             52            132             94            102             94             74            106             82             55            116             62            122            151             61             65             65             62             11             91            124             92             43             81             92            112             72             72            109             52             31            116             33             41             42             94             65            127             46            102            116             23            114            110             96             68            112             11
                  89             80            151            101             72            114            159             60            144             84            109             92             73             52             92            138             21             11            122            141             37             51            116            138            114            122             46            115             80            122             94             65             92             15             88             29             33             33            129             43            136            132            114             92            105            119            127             87             58             82             73            109             52            119            132            119             74             65             15            102            104
                  91             60             72             51             51            115             74             51             71             23             94            110             42             94             42             52             87            104             52             46             72            104             11             84             15             46             82             55             46             65            102             42             33             94             65             82             74             82             62             71             37             87             88             23             80             82             91             21             62             46             68             11             65            102             29             15             33             52            100            116            108            106
                  92             58            130             80             68             92            138             42            122             71             87             71             55             31             87            119             23             15            102            123             21             33            102            116            102            116             23             94             60            101             72             51             84             11             65             11             23             37            108             23            119            110             91             82             82             96            105             72             37             78             51             94             51             97            116            104             61             46             31             81             82             23             92
                  94             23             55             15             92             51             65             52             46             65             29             52             41             60             97             51             91             94             31             62             68             68             72             37             80            110             58             21             31             23             42             61             87             88             15             73             78             97             33             60             65             33             23             78             15             21             31             55             46             94             29             58             92             37             68             65             62             42            105             55             46            102             65             80
                  96             65             82             60             43            122             84             52             81             21            102            116             46             97             33             62             84            102             62             55             71            106             15             94             11             37             84             65             51             74            108             41             23             92             72             81             72             78             72             72             46             97             96             15             88             91            100             23             65             37             73             21             60            110             37             23             31             55             97            122            115            104             11             92             73
                  98             43            116             65             65             81            124             31            108             62             74             62             42             23             82            105             31             29             88            109             15             29             92            102             92            109             11             80             46             86             61             42             78             23             51             11             23             42             94             11            106             96             78             74             68             82             91             61             23             73             37             82             51             84            104             92             52             33             42             72             71             37             81             15             65             82
                  99             58             84             55             37            116             87             42             82             11             96            108             37             87             31             65             74             92             61             60             61             97             23             92             21             43             74             62             43             72            101             31             21             82             65             71             62             68             71             62             51             94             91             11             82             87             97             15             55             33             65             23             51            105             43             29             21             46             87            115            108             94             15             81             68             11             72
                 100             33             97             51             96             41            106             51             87             80             37             23             51             23            108             92             71             65             72            102             52             29            100             73            105            130             31             62             46             65             21             65            101             62             31             51             62             82             74             42            102             65             43             94             37             51             58             73             37            102             23             87             87             46            104             97             72             43             82             33             31             74             91             52             42             96             41             88
                 101             78             72             65             65            130             71             71             74             42            108            127             62            114             51             52            106            124             60             41             92            124             11             91             15             41            102             65             65             73            119             62             43            114             82            102             94            100             68             92             31             96            101             37             94             94            102             41             82             58             87             23             82            115             21             15             52             72            119            132            124            126             21            112             80             23            102             33            109
                 102             60            132             82             82             84            141             51            124             82             82             62             62             23            100            123             37             21            105            129             33             21            112            115            112            129             23             96             65            102             65             62             97             23             65             23             37             51            110             31            126            108             88             94             80             94            102             81             42             91             51            102             65             91            124            112             72             52             42             72             74             31            102             15             80            102             21             92             46            122
                 103             11             80             29             65             68             88             21             72             43             52             58             15             41             73             68             60             65             51             74             37             51             65             68             68             94             33             43             11             51             51             33             65             58             21             43             46             65             58             29             72             65             51             58             41             52             62             37             15             68             15             52             61             62             71             62             37             11             73             65             60             72             55             51             33             60             37             51             37             74             55
                 105             94            112             91             41            152            112             73            112             43            132            144             72            119             21             92             92            114             94             82             87            127             41            126             31             11            105             97             80            106            137             60             23            104            102             97             84             81            104             91             72            129            127             29            119            123            132             51             88             31            101             52             61            141             62             51             51             80            102            151            144            112             42            106            105             33            100             37            122             42            119             86
                 106             52            105             62             23            109            110             23            100             23             94             96             31             65             37             88             42             61             78             86             33             73             55            104             52             65             51             74             41             84             91             11             33             51             62             42             31             37             87             37             80            102             92             31             82             92            102             29             37             29             55             51             23            104             73             60             15             33             55            105            100             62             46             52             71             42             46             33             73             65             65             42             55
                 107             74             23             52            105            106             21             88             29             73             84            112             73            116             97             11            130            141             31             11            110            126             52             51             62             92            109             41             68             42            102             86             87            132             72            119            116            129             33            105             21             60             74             78             72             65             68             65             91            100             84             46            116             87             31             42             80             82            144            114            104            146             55            127             61             65            114             68            102             51            132             78             92             94
                 108             33            105             55             80             61            114             37             96             68             55             42             42             11             94             97             51             46             78            104             33             21             94             86             97            119             11             68             41             73             41             51             88             42             37             31             42             62             82             23            102             80             60             82             51             65             73             65             23             86             23             82             68             65            102             92             60             33             62             52             51             55             84             33             51             87             21             78             21            104             29             31            110             58            106
                 109             68             11             46            109             94             15             86             15             78             72            102             72            109            104             11            129            138             23             23            108            119             61             37             71            102            105             33             65             31             92             88             94            130             65            116            115            130             21            102             33             46             62             84             61             52             55             68             88            106             78             52            119             74             42             51             82             80            144            102             92            144             62            124             52             72            110             74             94             62            127             73            102             96             15            100
                 112             80             92             73             46            137             92             65             92             33            116            130             60            109             29             71             92            112             74             62             82            119             21            106             11             23             97             78             65             87            122             52             23            102             86             92             81             84             84             84             52            109            110             21            102            105            114             37             78             37             88             33             65            124             42             31             42             68            104            137            129            112             23            102             88             15             94             23            110             23            114             73             21             51             72            100             81
                 113             37             94             52            105             31            104             60             84             86             29             15             58             33            116             92             81             74             71            102             62             37            105             68            110            137             41             61             51             62             11             73            108             72             33             61             72             92             72             52            104             60             37            101             33             46             51             80             46            110             29             91             97             37            106            100             80             51             92             23             21             84             96             62             41            102             51             94             11            114             55             43            129             82            102             31             92            116
                 114             62             31             41             91            100             33             73             33             60             78            104             60            104             84             11            116            127             23             11             96            114             41             51             51             82             97             33             55             37             94             72             74            119             61            105            102            115             29             91             15             58             68             65             65             60             65             51             78             87             72             33            102             82             23             31             65             68            130            106             97            132             42            114             52             52            100             55             92             42            119             65             81             80             15             94             21             61             92
                 116             15             88             37             68             65             96             23             80             51             51             51             23             31             80             78             55             58             60             84             33             41             74             73             78            102             23             51             21             58             46             37             72             51             23             37             42             62             65             23             82             68             52             65             42             55             65             46             11             73             11             62             62             61             81             72             43             15             68             60             55             65             65             43             37             68             29             60             29             84             46             11             94             46             87             21             82             82             37             74
                 118             78            144             96             51            122            151             51            138             68            114            102             65             62             71            129             11             29            116            130             33             65            100            136             97            102             51            110             73            119            102             51             72             23             87             31             23             11            124             42            124            132            116             74            106            119            129             73             55             61             74             96             31            124            119            105             60             60             11            112            112             23             91             33            100             87             41             78             81            109             46             68             92             46            137             61            137             94             92            122             65
                 119             51             42             33             78             96             46             60             41             46             73             97             46             92             72             23            102            114             23             23             82            102             33             55             42             74             84             29             42             37             87             58             62            105             52             91             88            101             33             78             21             60             65             52             60             58             65             37             65             74             61             21             88             80             23             23             51             55            116            100             91            119             31            100             46             41             87             42             82             37            106             52             72             65             29             82             33             52             84             15             62            108
                 120             55            114             72            116             37            124             72            104            102             46             15             73             33            129            112             84             71             92            122             68             31            123             87            127            152             46             81             68             82             23             86            122             72             52             65             78             97             92             60            124             78             55            116             52             65             68             96             58            122             46            109            105             51            126            119             94             65             92             23             29             81            114             62             61            119             55            110             23            132             51             60            144             94            122             37            112            132             21            112             51             94            104
                 121             23             96             46             73             62            105             29             88             60             52             46             33             21             86             87             52             51             68             94             31             31             84             80             87            110             15             60             31             65             42             43             80             46             29             33             41             61             73             21             92             73             55             73             46             60             68             55             15             80             15             72             65             62             92             82             51             23             65             55             52             60             74             37             43             78             23             68             23             94             37             21            102             51             97             11             91             91             33             84             11             62             72             43
                 122             61            119             74             23            116            124             31            114             37            102            100             42             65             42            102             31             52             91            101             29             72             68            116             65             72             51             87             52             97             97             23             41             42             71             37             23             23            100             37             94            114            102             42             92            102            112             43             42             33             62             65             11            112             88             73             29             41             42            109            106             51             60             46             82             55             43             46             78             78             60             51             62             15            108             60            110             62             87             94             52             33             80             96             55
                 124             23             65             21             61             80             72             29             60             33             60             73             15             61             65             51             72             82             37             55             51             71             46             62             51             80             52             33             11             42             65             33             55             73             29             60             58             73             46             46             52             61             55             46             46             52             62             23             33             62             33             33             65             68             51             42             31             23             86             80             72             88             37             68             33             43             55             37             55             55             74             21             73             42             60             51             58             58             60             46             31             80             33             78             41             55
                 125             42            106             61            102             42            116             58             97             88             43             21             60             21            115            102             72             62             82            112             55             23            109             82            114            138             33             72             55             74             23             72            108             61             41             52             65             84             84             46            112             73             51            102             46             60             65             82             43            108             33             97             91             51            114            106             80             51             81             31             33             72            100             51             52            105             42             96             11            119             42             46            130             80            112             23            104            119             15            102             37             82             92             15             29             82             65
                 126             37             42             21            102             55             52             65             33             72             33             61             52             73            104             42            105            108             23             55             82             82             73             23             82            114             72             15             42             11             51             72             94            102             29             88             91            109             21             73             60             21             23             84             21             15             23             62             60            102             43             60            104             37             65             65             71             55            119             62             52            116             68             94             15             78             80             74             55             80             94             46            109             82             52             65             41             91             52             46             51            114             43             72             58             94             41             65
                 127             11             65             15             72             65             73             33             58             46             46             60             21             52             78             55             73             80             37             62             51             62             60             55             65             94             46             29             11             37             51             41             68             72             15             58             60             78             43             43             61             52             42             60             33             41             51             37             29             74             21             46             72             55             62             55             42             23             88             65             58             86             51             65             21             58             51             51             42             68             68             15             88             51             65             42             60             72             46             52             23             82             41             65             33             62             15             52             33
                 128             82             82             72             60            137             81             72             84             41            115            132             65            116             43             62            104            122             68             51             92            126             15            100             11             31            104             73             68             82            124             61             37            112             88            102             92             97             78             92             41            105            108             33            101            102            110             42             84             51             91             29             78            122             31             23             51             74            116            138            130            124             23            112             86             21            102             31            114             11            122             78             33             62             61            106             72             15            119             52             87            106             46            136             97             74             60            123             88             73
                 129             29             46             11             92             60             55             55             37             62             37             62             42             68             94             41             96            101             21             52             73             78             65             33             73            105             65             11             33             15             52             62             84             94             23             80             82            100             23             65             55             31             29             74             23             23             33             52             51             92             37             51             94             43             60             58             61             46            110             65             55            108             60             86             11             68             72             65             52             72             88             37            100             72             51             60             42             82             51             42             43            105             37             71             51             84             31             62             11             23             80
                 130             65            138             88             78             94            146             52            130             81             91             72             65             33             97            127             29             11            110            132             31             31            112            122            112            126             29            102             68            108             74             61             94             15             72             21             33             43            116             33            129            116             96             92             88            102            110             82             46             87             58            104             60            100            126            114             71             55             33             82             84             21            102             11             86            102             23             92             55            122             11             60            116             62            136             37            132            112             65            123             51             37            109             61             43             55             78             52            101             73            122             94
                 131             51             62             46            124             31             72             81             52             97             15             46             72             73            129             68            116            114             51             82             94             80            102             31            110            141             78             43             62             37             37             92            119            109             41             97            104            124             46             84             88             21             11            109             21             15             11             87             72            126             52             88            122             11             94             94             94             71            129             42             33            123             96            100             33            105             87            100             51            108             96             61            136            102             78             68             65            119             43             73             62            126             72             60             65            112             65             58             29             52            116             37            105
                 132             46             81             51            119             15             92             74             71             96             11             23             68             55            127             84            102             97             65             97             81             60            108             52            115            144             62             55             60             52             15             87            119             94             37             82             92            112             62             71            100             42             21            110             23             31             33             88             62            123             42             94            114             15            105            102             91             65            114             21             11            106            101             84             37            108             72            102             33            116             78             55            138             97             94             52             82            122             23             87             52            112             82             37             51            104             65             37             42             51            122             46             87             23
                 133             52            116             68             37            104            122             23            110             42             92             87             37             51             55            101             23             41             88            102             15             58             74            109             72             84             37             82             46             91             84             23             52             31             62             23             11             23             96             23             96            106             92             51             82             94            104             46             31             46             51             68             23            102             91             78             33             33             37             97             94             42             65             33             74             62             29             52             65             84             46             42             74             21            108             46            108             71             74             94             41             29             80             82             42             15             51             68             87             55             82             78             42            102             92
