    #        ngroups         ntours         nspots
                 100             50             96

    #        spot_id         n_name         length              a              b
                   0         Spot_0            210              0           1440
                   1         Spot_1            150              0           1440
                   2         Spot_2            210              0           1440
                   4         Spot_4            150              0           1440
                   5         Spot_5             90              0           1440
                   6         Spot_6             60              0           1440
                   7         Spot_7             60              0           1440
                   8         Spot_8            120              0           1440
                  10        Spot_10            120              0           1440
                  11        Spot_11            180              0           1440
                  12        Spot_12            120              0           1440
                  14        Spot_14            120              0           1440
                  15        Spot_15            210              0           1440
                  16        Spot_16            180              0           1440
                  19        Spot_19            150              0           1440
                  20        Spot_20            180              0           1440
                  21        Spot_21            180              0           1440
                  22        Spot_22            150              0           1440
                  23        Spot_23            210              0           1440
                  25        Spot_25            180              0           1440
                  26        Spot_26            150              0           1440
                  27        Spot_27             90              0           1440
                  28        Spot_28            180              0           1440
                  29        Spot_29             60              0           1440
                  30        Spot_30             60              0           1440
                  32        Spot_32            150              0           1440
                  33        Spot_33            210              0           1440
                  34        Spot_34            120              0           1440
                  35        Spot_35            150              0           1440
                  36        Spot_36            120              0           1440
                  38        Spot_38            180              0           1440
                  39        Spot_39             90              0           1440
                  40        Spot_40             60              0           1440
                  43        Spot_43            210              0           1440
                  44        Spot_44            150              0           1440
                  45        Spot_45            120              0           1440
                  46        Spot_46             60              0           1440
                  47        Spot_47            120              0           1440
                  49        Spot_49             60              0           1440
                  50        Spot_50            210              0           1440
                  52        Spot_52             90              0           1440
                  53        Spot_53            150              0           1440
                  56        Spot_56            180              0           1440
                  57        Spot_57             90              0           1440
                  58        Spot_58            180              0           1440
                  60        Spot_60             90              0           1440
                  64        Spot_64            180              0           1440
                  65        Spot_65             90              0           1440
                  66        Spot_66            120              0           1440
                  67        Spot_67             60              0           1440
                  68        Spot_68            210              0           1440
                  69        Spot_69            120              0           1440
                  71        Spot_71            180              0           1440
                  72        Spot_72             60              0           1440
                  73        Spot_73            180              0           1440
                  77        Spot_77            150              0           1440
                  79        Spot_79             60              0           1440
                  80        Spot_80            210              0           1440
                  81        Spot_81             60              0           1440
                  85        Spot_85             90              0           1440
                  86        Spot_86            180              0           1440
                  87        Spot_87             60              0           1440
                  88        Spot_88            210              0           1440
                  91        Spot_91            210              0           1440
                  95        Spot_95             90              0           1440
                  96        Spot_96            180              0           1440
                  97        Spot_97             60              0           1440
                  98        Spot_98             90              0           1440
                  99        Spot_99            210              0           1440
                 100       Spot_100             90              0           1440
                 101       Spot_101             60              0           1440
                 102       Spot_102            150              0           1440
                 103       Spot_103            120              0           1440
                 104       Spot_104            210              0           1440
                 105       Spot_105             90              0           1440
                 106       Spot_106            180              0           1440
                 107       Spot_107            120              0           1440
                 108       Spot_108             90              0           1440
                 109       Spot_109            120              0           1440
                 113       Spot_113            210              0           1440
                 114       Spot_114             60              0           1440
                 117       Spot_117             60              0           1440
                 118       Spot_118            210              0           1440
                 119       Spot_119            120              0           1440
                 121       Spot_121             90              0           1440
                 123       Spot_123            210              0           1440
                 124      Hotel_124              0              0           1440
                 125      Hotel_125              0              0           1440
                 126      Hotel_126              0              0           1440
                 127      Hotel_127              0              0           1440
                 128      Hotel_128              0              0           1440
                 129      Hotel_129              0              0           1440
                 130      Hotel_130              0              0           1440
                 131      Hotel_131              0              0           1440
                 132      Hotel_132              0              0           1440
                 133      Hotel_133              0              0           1440

    #          tr_id        tr_name          nspot            seq
                  49        Tour_49              4             57            101             44             65
                  34        Tour_34              2            101             10
                  14        Tour_14              2             88             85
                  20        Tour_20              2             35             86
                  62        Tour_62              2             15            119
                  25        Tour_25              2             58             21
                  70        Tour_70              1             11
                  92        Tour_92              2             23             85
                  81        Tour_81              2            118             71
                  59        Tour_59              3            119             34             72
                  41        Tour_41              2             80             32
                  96        Tour_96              2            107             79
                  39        Tour_39              2             77             60
                   9         Tour_9              3              7             43             32
                  86        Tour_86              1             91
                  84        Tour_84              3             49             69             47
                  97        Tour_97              3             45             19              1
                  82        Tour_82              4             40             29             33              6
                  90        Tour_90              3             43             72             30
                  91        Tour_91              2            104             22
                  76        Tour_76              3             38             98             39
                  68        Tour_68              2            106             53
                   4         Tour_4              3             73              0              5
                   6         Tour_6              2             99              4
                  83        Tour_83              2             52             88
                  73        Tour_73              2             46            113
                  74        Tour_74              3            105              2            109
                  12        Tour_12              2             50             53
                  13        Tour_13              3             97             21            117
                  78        Tour_78              2            102              8
                  28        Tour_28              2             91             81
                  75        Tour_75              3             85             32              5
                  15        Tour_15              2             53             32
                   1         Tour_1              2            121             56
                  51        Tour_51              2             20             25
                  47        Tour_47              1             56
                   3         Tour_3              2             96            114
                  64        Tour_64              2             64             16
                  24        Tour_24              3            100             52             95
                  32        Tour_32              2             45             67
                  72        Tour_72              3             66             27            123
                  88        Tour_88              3             39             36             77
                  60        Tour_60              2             26            106
                  43        Tour_43              2             14             35
                  37        Tour_37              2            108            107
                  22        Tour_22              1             88
                  66        Tour_66              3             68             87             47
                  38        Tour_38              3             81             28             29
                  69        Tour_69              2             12             88
                  55        Tour_55              3             47             46            103

    #          gr_id        gr_size          tr_id         origin
                   0              8             49            131
                   1              1             34            129
                   2              8             14            125
                   3              2             20            129
                   4              4             62            131
                   5              3             25            130
                   6              6             70            133
                   7              1             92            130
                   8              9             81            132
                   9              1             59            125
                  10              1             41            133
                  11              7             96            126
                  12              6             39            129
                  13              4              9            129
                  14              1             86            133
                  15              8             84            127
                  16              4             97            124
                  17              5             82            131
                  18              6             90            127
                  19              3             91            130
                  20              8             76            128
                  21              6             68            125
                  22              3              4            124
                  23              7              6            124
                  24              5             83            132
                  25              2             73            128
                  26              2             74            127
                  27              1             12            126
                  28              3             13            133
                  29              2             78            125
                  30              4             28            128
                  31              1             75            126
                  32              7             15            124
                  33              1              1            125
                  34              1             51            127
                  35              3             47            124
                  36              8              3            130
                  37              9             64            128
                  38              9             24            127
                  39              7             32            131
                  40              9             72            124
                  41              5             88            127
                  42              8             60            125
                  43              7             43            128
                  44              2             37            126
                  45              2             22            125
                  46              8             66            127
                  47              8             38            124
                  48              2             69            126
                  49              8             55            131
                  50              5             73            132
                  51              8              6            125
                  52              9             92            132
                  53              7             60            130
                  54              1             60            128
                  55              3             92            132
                  56              3             82            129
                  57              7             69            124
                  58              3              9            126
                  59              3             78            132
                  60              8             38            133
                  61              9             14            131
                  62              9             22            131
                  63              9             49            126
                  64              9             15            133
                  65              5             86            131
                  66              9             51            132
                  67              1             14            128
                  68              8             82            128
                  69              9             32            130
                  70              3             34            132
                  71              2             82            127
                  72              2             70            130
                  73              4             76            132
                  74              5             84            129
                  75              1             97            125
                  76              7             83            129
                  77              5             83            126
                  78              9             62            124
                  79              9             55            128
                  80              5             22            130
                  81              1             96            132
                  82              9             15            126
                  83              4             90            127
                  84              5             14            124
                  85              4             66            130
                  86              6             70            131
                  87              5             37            131
                  88              4             60            129
                  89              4             74            133
                  90              6             12            129
                  91              6             51            129
                  92              3             78            127
                  93              5             76            133
                  94              6             39            126
                  95              4             73            128
                  96              5              3            133
                  97              8             69            133
                  98              3             76            130
                  99              7             96            125

    #            o/d              0              1              2              4              5              6              7              8             10             11             12             14             15             16             19             20             21             22             23             25             26             27             28             29             30             32             33             34             35             36             38             39             40             43             44             45             46             47             49             50             52             53             56             57             58             60             64             65             66             67             68             69             71             72             73             77             79             80             81             85             86             87             88             91             95             96             97             98             99            100            101            102            103            104            105            106            107            108            109            113            114            117            118            119            121            123            124            125            126            127            128            129            130            131            132            133
                   1             73
                   2             23             51
                   4             74            119             81
                   5             60             92             65            132
                   6             82             11             60            123            102
                   7             31             94             46             46             87            101
                   8             65             11             43            116             82             21             88
                  10             72             15             51            126             81             23             96             11
                  11             88            158            108             71            124            165             65            151            159
                  12             42             71             43            116             23             81             72             61             62            119
                  14             55            100             61             21            114            105             29             97            106             74             97
                  15             51            102             65            119             23            112             73             92             94            102             33            102
                  16             65            109             71             11            123            114             37            106            116             72            106             11            110
                  19             42            114             65             86             62            123             46            105            110             62             60             73             41             80
                  20             82            114             84             21            141            116             58            112            122             92            123             29            130             23            102
                  21             72            123             82             11            129            127             42            119            129             61            114             23            114             15             80             31
                  22             33             88             42             42             91             94             11             82             91             73             74             23             80             33             55             51             41
                  23             65             21             42            100             97             23             80             23             33            144             74             82            102             91            106             94            105             72
                  25             68            137             88             52            112            144             43            130            138             23            104             52             92             51             52             72             42             51            122
                  26             80            102             78             33            138            104             60            102            112            102            119             33            129             31            105             15             42             51             82             81
                  27             55             82             58            129             11             92             84             72             71            126             15            109             29            119             65            136            126             87             87            112            132
                  28             72            144             94             74            104            152             55            137            144             21            100             71             82             72             42             94             65             65            132             23            102            106
                  29             46             29             23             94             78             37             65             23             33            129             55             74             82             84             87             92             97             60             21            108             82             68            116
                  30             72             33             51             96            109             31             82             37             46            146             87             80            114             88            114             87            102             73             15            124             74            100            136             33
                  32             52            123             74             94             65            132             55            114            119             61             65             82             42             88             11            110             86             65            116             55            114             68             41             97            124
                  33             68             71             58             58            122             72             61             72             82            119            101             46            119             51            104             46             65             51             51             97             33            115            114             55             42            114
                  34             60             33             42            122             61             42             87             23             21            146             42            102             74            112             94            122            124             84             43            127            114             51            130             33             58            102             87
                  35             73             81             65             51            129             82             62             82             92            116            108             42            124             46            106             37             60             52             61             94             23            122            112             65             52            116             11             97
                  36            101            112             96             51            159            112             82            114            124            122            138             55            151             52            127             31             61             73             92            102             23            152            124             97             81            136             42            129             33
                  38             37             37             15             92             68             46             60             29             37            122             46             72             72             82             78             92             94             55             31            102             84             60            108             11             42             87             60             31             68            100
                  39             15             72             23             62             73             80             23             65             73             86             55             42             65             52             51             68             61             21             60             65             65             68             73             43             65             61             55             65             60             86             37
                  40             43             33             23            102             65             42             68             23             29            130             42             82             71             92             82            102            104             65             33            110             94             55            115             15             46             91             68             21             78            109             11             46
                  43             42             96             52             33            100            102             15             91            100             68             84             15             88             23             60             43             31             11             80             46             46             97             62             68             80             68             52             94             51             68             65             31             74
                  44             73            104             74             23            132            106             51            102            112             92            114             23            122             21             96             11             33             43             84             71             11            127             92             81             78            105             37            112             29             33             82             60             92             37
                  45             65            137             86             65            102            144             46            129            137             23             97             61             81             62             41             84             55             55            124             15             92            104             11            108            127             42            104            124            102            114            101             65            108             52             82
                  46             11             68             21             84             51             78             41             60             65             96             33             65             46             74             46             91             82             42             62             78             88             46             80             42             71             55             73             51             80            108             33             23             37             52             82             73
                  47             51            122             72             60             92            130             33            115            122             37             84             52             72             55             33             78             51             42            110             21             84             92             23             94            114             37             92            110             92            106             86             51             94             41             74             15             60
                  49             74            138             91             41            122            144             46            132            141             31            112             46            104             42             65             61             31             51            122             15             72            122             37            110            122             68             91            132             87             92            105             68            114             43             62             29             84             33
                  50             42             37             21             84             82             43             58             33             42            122             60             65             84             74             84             81             87             51             23            101             72             73            110             11             31             94             46             42             55             87             15             37             23             60             71            102             41             88            102
                  52             37            108             58             58             82            116             21            101            108             51             72             46             65             51             29             73             51             31             96             33             78             81             37             80            100             37             81             96             82            100             72             37             80             33             68             29             46             15             41             73
                  53             71             42             52             88            114             41             78             46             55            141             91             72            116             80            112             78             94             68             23            119             65            105            132             37             11            122             33             65             42             71             46             62             51             73             68            123             72            109            116             33             97
                  56             41             61             37            114             33             71             71             51             52            123             11             94             42            104             65            119            112             72             65            106            114             23            105             46             78             72             94             33            102            132             37             52             33             82            109            100             31             87            114             51             74             82
                  57             65             94             65             29            124             97             46             92            102             94            105             21            115             23             91             21             37             37             74             72             15            119             92             71             68            100             29            102             23             37             72             51             82             33             11             81             73             72             65             61             65             60            100
                  58             60            112             74            124             29            122             80            102            104            102             42            108             11            116             42            137            119             86            112             94            137             37             81             92            124             41            127             84            132            159             82             73             81             94            129             82             55             74            106             94             68            126             52            122
                  60             51             31             33            112             62             41             78             21             23            138             41             92             72            102             88            112            114             74             37            119            104             52            122             23             51             96             78             11             87            119             21             55             11             84            102            116             43            102            123             33             88             58             31             92             82
                  64             42             55             29             65             94             60             46             52             62            110             72             46             91             55             81             61             68             37             37             88             52             86            100             31             37             92             29             62             37             68             33             31             42             43             51             91             46             78             86             21             65             33             65             41            100             52
                  65             52             52             42            122             41             62             82             42             41            136             23            102             55            112             80            126            122             81             60            119            119             31            119             43             73             86             96             21            105            136             37             61             29             92            116            114             42            100            126             51             87             80             15            106             65             23             68
                  66             33             72             37            106             29             82             62             62             65            109             11             87             31             97             51            114            104             65             72             94            110             23             91             52             84             58             94             46            101            130             42             46             41             74            105             87             23             74            102             55             62             87             15             96             41             42             65             29
                  67             78             15             55            114            104             11             94             23             29            159             82             96            112            105            119            106            119             86             15            137             94             94            146             33             21            129             62             46             72            102             42             73             41             94             97            138             74            124            137             37            110             31             72             87            122             42             51             65             81
                  68             43             78             42             42            102             82             31             74             84             91             82             23             94             33             74             42             46             21             60             68             37             96             84             52             58             84             31             81             33             58             51             29             61             23             33             74             51             62             65             42             51             51             78             23            102             71             23             84             73             73
                  69             23             94             43             60             74            102             15             86             94             65             61             43             60             51             33             72             55             23             82             46             73             72             51             65             87             42             72             82             74             96             58             23             65             29             65             43             33             29             52             60             15             84             62             60             65             73             52             74             51             96             42
                  71             46             65             37             55            101             68             42             62             72            105             80             37             96             46             82             51             60             33             46             82             42             94             97             41             43             92             23             72             29             60             42             33             52             37             41             87             51             74             80             31             62             37             73             31            105             62             11             78             72             60             15             51
                  72             78            116             82             11            136            119             51            114            124             81            119             23            124             15             94             11             21             46             97             62             23            132             84             92             91            102             51            122             43             41             92             65            102             37             15             74             87             68             51             82             65             82            116             23            130            112             62            124            109            109             41             65             52
                  73             11             82             33             78             55             91             33             73             80             82             41             60             43             68             33             88             74             37             74             65             86             52             65             55             82             42             78             65             82            108             46             23             51             46             80             60             15             46             72             52             33             81             42             72             51             58             52             55             31             87             51             21             55             82
                  77             71            127             84             21            126            132             41            123            132             51            112             29            109             23             73             41             11             42            110             33             52            124             55            100            108             80             73            126             68             71             97             62            106             33             42             46             81             43             21             91             46            101            112             46            114            116             73            122            102            124             51             52             65             31             72
                  79             52             72             51            126             21             82             82             62             61            129             11            106             37            116             68            132            124             84             78            114            127             11            109             60             91             73            108             41            116            146             51             65             46             94            123            106             42             94            122             65             82             96             15            114             46             42             80             21             21             84             91             71             88            129             51            122
                  80             65            130             82             42            112            137             37            124            132             33            102             42             94             41             55             62             33             43            115             11             71            112             33            102            116             60             87            123             84             92             96             60            105             37             61             23             74             23             11             94             31            110            104             62             97            114             80            116             92            129             60             42             73             52             62             23            112
                  81             72             52             55             80            119             51             74             55             65            136             96             65            119             72            112             68             86             65             33            114             55            110            129             43             21            122             23             73             33             61             51             61             58             68             60            119             74            106            110             37             94             11             88             51            129             65             31             86             91             41             46             82             33             73             82             94            102            105
                  85             21             86             37             55             78             94             11             80             88             72             62             37             65             46             42             65             52             15             73             51             65             74             60             58             78             52             62             78             65             88             51             15             60             23             58             51             31             37             55             51             23             74             61             51             72             68             42             72             52             88             33             11             41             60             23             51             72             46             72
                  86             82            151            102             61            122            158             58            144            152             11            116             65            102             62             61             81             51             65            137             15             92            124             23            122            138             62            109            141            106            112            116             80            124             60             82             21             91             33             21            115             46            132            119             84            102            132            102            132            106            151             82             60             96             71             78             41            126             23            127             65
                  87             58            102             68            127             15            112             82             92             92            112             31            110             11            119             51            138            123             88            104            102            137             23             92             84            116             52            124             72            130            158             74             72             72             96            130             92             51             82            114             87             74            119             41            122             15             71             96             52             33            112            101             68            102            132             51            119             33            104            123             73            112
                  88             51             92             60            123             11            102             78             81             82            114             21            105             15            114             52            132            119             82             94            102            130             15             94             74            106             55            116             62            122            151             65             65             62             91            124             92             43             81            112             78             72            109             31            116             23             61             88             42             23            102             94             65             94            127             46            116             23            102            114             68            112             11
                  91             60             72             51             51            115             74             51             71             81            109             94             37            110             43             94             42             58             41             52             87             31            108            104             52             46            104             11             84             15             46             55             46             65             42             33             94             65             82             82             42             71             37             88             23            119             74             23             91             86             65             21             62             15             46             68             65            102             78             29             52            100            116            108
                  95             15             60             11             82             58             68             42             51             58            102             37             62             55             72             55             87             81             41             52             82             82             51             86             33             61             65             65             46             72            102             23             21             29             51             78             80             11             65             87             31             51             62             33             68             65             37             37             41             29             65             46             37             43             84             23             82             46             78             65             33             96             60             51             58
                  96             65             82             60             43            122             84             52             81             92            106            102             33            116             37             97             33             51             42             62             84             21            116            102             62             55            106             15             94             11             37             65             51             74             41             23             92             72             81             78             52             72             46             96             15            124             84             33            100             94             74             23             65             23             37             73             60            110             74             37             55             97            122            115             11             65
                  97             52             52             37             68            102             55             55             51             61            119             80             51            100             60             92             62             73             46             33             96             51             94            109             33             29            102             23             65             33             65             37             41             46             51             52            100             55             87             94             23             74             23             72             42            109             55             11             73             73             46             29             62             15             65             62             80             86             88             21             52            110            105             96             21             46             31
                  98             43            116             65             65             81            124             31            108            115             46             74             55             62             60             23             82             58             41            105             31             87             82             29             88            109             29             92            102             92            109             80             46             86             42             78             23             51             11             42             82             11            106             78             74             65             94             74             91             65            119             61             23             72             73             37             51             84             33            104             33             42             72             71             81             58             82             84
                  99             58             84             55             37            116             87             42             82             92             97             96             23            108             29             87             31             43             33             65             74             23            110             92             61             60             97             23             92             21             43             62             43             72             31             21             82             65             71             68             51             62             51             91             11            116             82             31             97             88             78             15             55             21             33             65             51            105             65             43             46             87            115            108             15             60             11             33             72
                 100             33             97             51             96             41            106             51             87             91             84             37             80             23             88             23            108             91             58             92             71            108             42             65             72            102             29            100             73            105            130             62             46             65             65            101             62             31             51             82             71             42            102             43             94             29             68             74             58             29            104             73             37             78            102             23             87             46             72            104             43             82             33             31             91             41             96             84             41             88
                 101             78             72             65             65            130             71             71             74             84            129            108             55            127             60            114             51             73             61             52            106             37            122            124             60             41            124             11             91             15             41             65             65             73             62             43            114             82            102            100             51             92             31            101             37            136             82             37            102            102             61             41             82             33             58             87             82            115             97             21             72            119            132            124             21             73             23             29            102             33            109
                 102             60            132             82             82             84            141             51            124            130             41             82             74             62             78             23            100             73             61            123             37            106             87             21            105            129             21            112            115            112            129             96             65            102             62             97             23             65             23             51            100             31            126             88             94             61            108             94            102             73            136             81             42             92             91             51             65             91             43            124             52             42             72             74            102             73            102            104             21             92             46            122
                 103             11             80             29             65             68             88             21             72             80             80             52             46             58             55             41             73             62             23             68             60             72             65             65             51             74             51             65             68             68             94             43             11             51             33             65             58             21             43             65             46             29             72             51             58             65             60             41             62             42             82             37             15             42             68             15             61             62             55             71             11             73             65             60             55             23             60             51             37             51             37             74             55
                 104             86            102             82             42            144            102             68            102            112            112            124             42            137             41            114             23             52             60             81             92             11            138            112             84             72            123             31            116             21             15             87             72             97             55             21            102             94             94             82             74             87             62            119             23            144            106             55            123            116             92             43             82             46             33             94             62            132             81             52             73            102            144            137             33             88             23             52             97             29            116             33            116             80
                 105             94            112             91             41            152            112             73            112            122            112            132             46            144             42            119             21             51             65             92             92             15            146            114             94             82            127             41            126             31             11             97             80            106             60             23            104            102             97             81             84             91             72            127             29            151            116             65            132            124            102             51             88             55             31            101             61            141             82             62             80            102            151            144             42             96             33             62            100             37            122             42            119             86             11
                 106             52            105             62             23            109            110             23            100            109             65             94             11             96             15             65             37             21             21             88             42             42            106             61             78             86             73             55            104             52             65             74             41             84             11             33             51             62             42             37             68             37             80             92             31            102             94             51            102             84            102             29             37             43             29             55             23            104             33             73             33             55            105            100             46             61             42             58             46             33             73             65             65             42             52             55
                 107             74             23             52            105            106             21             88             29             37            152             84             88            112             96            116             97            110             80             11            130             84             97            141             31             11            126             52             51             62             92             41             68             42             86             87            132             72            119            129             33            105             21             74             78            122             46             43             68             82             11             65             91             51            100             84            116             87            122             31             82            144            114            104             55             62             65             37            114             68            102             51            132             78             82             92             94
                 108             33            105             55             80             61            114             37             96            102             65             55             65             42             72             11             94             73             46             97             51             96             62             46             78            104             21             94             86             97            119             68             41             73             51             88             42             37             31             62             74             23            102             60             82             46             80             71             73             46            109             65             23             72             86             23             68             65             52            102             33             62             52             51             84             46             87             81             21             78             21            104             29             31            105            110             58            106
                 109             68             11             46            109             94             15             86             15             23            151             72             91            102            100            109            104            114             80             11            129             92             84            138             23             23            119             61             37             71            102             33             65             31             88             94            130             65            116            130             29            102             33             62             84            112             33             46             55             71             11             68             88             55            106             78            119             74            122             42             80            144            102             92             62             55             72             42            110             74             94             62            127             73             92            102             96             15            100
                 113             37             94             52            105             31            104             60             84             87             94             29             88             15             96             33            116            100             65             92             81            115             33             74             71            102             37            105             68            110            137             61             51             62             73            108             72             33             61             92             72             52            104             37            101             23             65             78             51             23            102             80             46             82            110             29             97             37             82            106             51             92             23             21             96             42            102             87             51             94             11            114             55             43            122            129             82            102             31             92
                 114             62             31             41             91            100             33             73             33             42            138             78             73            104             82            104             84             96             65             11            116             72             91            127             23             11            114             41             51             51             82             33             55             37             72             74            119             61            105            115             21             91             15             68             65            114             43             29             65             74             23             51             78             37             87             72            102             82            108             23             68            130            106             97             42             51             52             23            100             55             92             42            119             65             71             81             80             15             94             21             92
                 117             88             15             65            132            102             11            108             23             21            172             82            114            114            123            127            126            136            102             33            151            114             92            159             43             41            136             82             41             92            122             51             86             46            110            116            151             82            137            152             51            122             51             72            106            124             42             68             61             84             21             91            108             78            129             96            141             81            144             61            101            165            112            102             84             73             94             65            130             97            109             81            146             94            112            122            119             31            119             23            106             42
                 118             78            144             96             51            122            151             51            138            146             21            114             55            102             52             62             71             41             58            129             11             82            122             29            116            130             65            100            136             97            102            110             73            119             51             72             23             87             31             11            108             42            124            116             74            104            127             94            129            104            144             73             55             88             61             74             31            124             15            119             60             11            112            112             91             91             87            102             41             78             81            109             46             68             92             92             46            137             61            137             92            122            159
                 119             51             42             33             78             96             46             60             41             51            124             73             60             97             68             92             72             82             51             23            102             61             88            114             23             23            102             33             55             42             74             29             42             37             58             62            105             52             91            101             15             78             21             65             52            106             46             15             65             68             37             37             65             23             74             61             88             80             94             23             55            116            100             91             31             42             41             11             87             42             82             37            106             52             62             72             65             29             82             33             84             15             55            108
                 121             23             96             46             73             62            105             29             88             94             68             52             58             46             65             21             86             68             37             87             52             88             61             51             68             94             31             84             80             87            110             60             31             65             43             80             46             29             33             61             65             21             92             55             73             51             72             61             68             42            100             55             15             62             80             15             65             62             51             92             23             65             55             52             74             37             78             71             23             68             23             94             37             21             96            102             51             97             11             91             33             84            110             62             72
                 123             52             33             31             87             91             37             65             31             41            130             68             68             94             78             94             82             91             58             15            108             71             82            119             15             21            104             42             46             52             84             23             46             29             65             72            110             51             96            108             11             82             23             60             62            104             37             23             58             65             29             46             68             33             84             62             96             73            101             29             60            122             97             87             41             41             51             21             91             52             81             46            109             55             72             82             73             23             84             23             82             11             46            115             11             74
                 124             23             65             21             61             80             72             29             60             68             94             60             41             73             51             61             65             62             23             51             72             60             73             82             37             55             71             46             62             51             80             33             11             42             33             55             73             29             60             73             29             46             52             55             46             82             52             21             62             51             65             23             33             23             62             33             65             68             65             51             23             86             80             72             37             23             43             31             55             37             55             55             74             21             65             73             42             60             51             58             60             46             80             80             33             41             37
                 125             42            106             61            102             42            116             58             97            100             82             43             86             21             94             21            115             96             65            102             72            116             46             62             82            112             23            109             82            114            138             72             55             74             72            108             61             41             52             84             81             46            112             51            102             23             78             84             65             37            114             82             43             87            108             33             91             51             74            114             51             81             31             33            100             51            105             94             42             96             11            119             42             46            124            130             80            112             23            104             15            102            119             82             92             29             92             65
                 126             37             42             21            102             55             52             65             33             37            124             33             81             61             92             73            104            102             62             42            105             97             46            108             23             55             82             73             23             82            114             15             42             11             72             94            102             29             88            109             29             73             60             23             84             71             15             46             23             31             51             62             60             55            102             43            104             37            100             65             55            119             62             52             68             23             78             51             80             74             55             80             94             46            100            109             82             52             65             41             52             46             55            114             43             58             37             41             65
                 127             11             65             15             72             65             73             33             58             65             94             46             52             60             62             52             78             71             31             55             73             73             60             80             37             62             62             60             55             65             94             29             11             37             41             68             72             15             58             78             33             43             61             42             60             68             46             33             51             37             68             37             29             37             74             21             72             55             68             62             23             88             65             58             51             11             58             42             51             51             42             68             68             15             80             88             51             65             42             60             46             52             80             82             41             33             42             15             52             33
                 128             82             82             72             60            137             81             72             84             94            126            115             52            132             55            116             43             68             62             62            104             29            129            122             68             51            126             15            100             11             31             73             68             82             61             37            112             88            102             97             60             92             41            108             33            141             91             43            110            108             71             42             84             37             51             91             78            122             94             31             74            116            138            130             23             80             21             37            102             31            114             11            122             78             23             33             62             61            106             72            119             52             92            106             46             97             55             60            123             88             73
                 129             29             46             11             92             60             55             55             37             43            116             37             71             62             81             68             94             92             52             41             96             87             51            101             21             52             78             65             33             73            105             11             33             15             62             84             94             23             80            100             23             65             55             29             74             72             23             37             33             33             52             52             51             46             92             37             94             43             91             60             46            110             65             55             60             15             68             43             72             65             52             72             88             37             91            100             72             51             60             42             51             42             60            105             37             51             33             31             62             11             23             80
                 130             65            138             88             78             94            146             52            130            137             31             91             72             72             74             33             97             68             62            127             29            104             97             11            110            132             31            112            122            112            126            102             68            108             61             94             15             72             21             43            105             33            129             96             92             71            115             97            110             82            141             82             46             94             87             58             60            100             37            126             55             33             82             84            102             80            102            106             23             92             55            122             11             60            114            116             62            136             37            132             65            123            152             37            109             43            114             78             52            101             73            122             94
                 131             51             62             46            124             31             72             81             52             51            132             15            104             46            114             73            129            122             82             68            116            123             21            114             51             82             80            102             31            110            141             43             62             37             92            119            109             41             97            124             58             84             88             11            109             55             33             73             11             23             74             87             72             82            126             52            122             11            114             94             71            129             42             33             96             42            105             80             87            100             51            108             96             61            127            136            102             78             68             65             43             73             71            126             72             65             65             65             58             29             52            116             37            105
                 132             46             81             51            119             15             92             74             71             72            116             11            100             23            109             55            127            116             78             84            102            124             11             97             65             97             60            108             52            115            144             55             60             52             87            119             94             37             82            112             68             71            100             21            110             33             51             80             33             15             92             88             62             86            123             42            114             15            102            105             65            114             21             11            101             43            108             88             72            102             33            116             78             55            130            138             97             94             52             82             23             87             92            112             82             51             78             65             37             42             51            122             46             87             23
                 133             52            116             68             37            104            122             23            110            119             46             92             31             87             33             51             55             29             29            101             23             62            102             41             88            102             58             74            109             72             84             82             46             91             23             52             31             62             23             23             80             23             96             92             51             91            100             65            104             81            115             46             31             60             46             51             23            102             15             91             33             37             97             94             65             65             62             73             29             52             65             84             46             42             72             74             21            108             46            108             74             94            130             29             80             42             86             51             68             87             55             82             78             42            102             92
