    #        ngroups         ntours         nspots
                  20             10             29

    #        spot_id         n_name         length              a              b
                  10        Spot_10            120              0           1440
                  11        Spot_11            180              0           1440
                  15        Spot_15            210              0           1440
                  21        Spot_21            180              0           1440
                  23        Spot_23            210              0           1440
                  34        Spot_34            120              0           1440
                  35        Spot_35            150              0           1440
                  44        Spot_44            150              0           1440
                  57        Spot_57             90              0           1440
                  58        Spot_58            180              0           1440
                  65        Spot_65             90              0           1440
                  71        Spot_71            180              0           1440
                  72        Spot_72             60              0           1440
                  85        Spot_85             90              0           1440
                  86        Spot_86            180              0           1440
                  88        Spot_88            210              0           1440
                 101       Spot_101             60              0           1440
                 118       Spot_118            210              0           1440
                 119       Spot_119            120              0           1440
                 124      Hotel_124              0              0           1440
                 125      Hotel_125              0              0           1440
                 126      Hotel_126              0              0           1440
                 127      Hotel_127              0              0           1440
                 128      Hotel_128              0              0           1440
                 129      Hotel_129              0              0           1440
                 130      Hotel_130              0              0           1440
                 131      Hotel_131              0              0           1440
                 132      Hotel_132              0              0           1440
                 133      Hotel_133              0              0           1440

    #          tr_id        tr_name          nspot            seq
                  49        Tour_49              4             57            101             44             65
                  34        Tour_34              2            101             10
                  14        Tour_14              2             88             85
                  20        Tour_20              2             35             86
                  62        Tour_62              2             15            119
                  25        Tour_25              2             58             21
                  70        Tour_70              1             11
                  92        Tour_92              2             23             85
                  81        Tour_81              2            118             71
                  59        Tour_59              3            119             34             72

    #          gr_id        gr_size          tr_id         origin
                   0              4             49            132
                   1              2             34            125
                   2              3             14            125
                   3              8             20            128
                   4              2             62            126
                   5              7             25            124
                   6              9             70            133
                   7              7             92            127
                   8              4             81            129
                   9              4             59            127
                  10              2             49            130
                  11              9             62            126
                  12              8             59            129
                  13              9             25            130
                  14              3             92            124
                  15              2             34            128
                  16              9             20            131
                  17              6             20            131
                  18              3             20            132
                  19              9             70            133

    #            o/d             10             11             15             21             23             34             35             44             57             58             65             71             72             85             86             88            101            118            119            124            125            126            127            128            129            130            131            132            133
                  11            159
                  15             94            102
                  21            129             61            114
                  23             33            144            102            105
                  34             21            146             74            124             43
                  35             92            116            124             60             61             97
                  44            112             92            122             33             84            112             29
                  57            102             94            115             37             74            102             23             11
                  58            104            102             11            119            112             84            132            129            122
                  65             41            136             55            122             60             21            105            116            106             65
                  71             72            105             96             60             46             72             29             41             31            105             78
                  72            124             81            124             21             97            122             43             15             23            130            124             52
                  85             88             72             65             52             73             78             65             58             51             72             72             41             60
                  86            152             11            102             51            137            141            106             82             84            102            132             96             71             65
                  88             82            114             15            119             94             62            122            124            116             23             42             94            127             68            112
                 101             84            129            127             73             52             91             15             43             37            136            102             33             58             72            119            124
                 118            146             21            102             41            129            136             97             72             74            104            129             88             61             60             11            112            109
                 119             51            124             97             82             23             55             42             62             52            106             65             23             74             55            116             91             37            108
                 124             68             94             73             62             51             62             51             55             46             82             62             23             62             23             86             72             55             80             33
                 125            100             82             21             96            102             82            114            108            102             23             65             87            108             51             81             33            119             82             92             65
                 126             37            124             61            102             42             23             82             94             84             71             23             55            102             55            119             52             80            114             43             41             65
                 127             65             94             60             71             55             55             65             68             60             68             51             37             74             23             88             58             68             82             41             15             52             33
                 128             94            126            132             68             62            100             11             37             33            141            110             37             51             74            116            130             11            106             46             60            123             88             73
                 129             43            116             62             92             41             33             73             84             74             72             33             46             92             46            110             55             72            105             37             31             62             11             23             80
                 130            137             31             72             68            127            122            112             94             92             71            110             94             87             55             33             84            122             37            109             78             52            101             73            122             94
                 131             51            132             46            122             68             31            110            119            109             55             11             82            126             71            129             33            108            126             72             65             58             29             52            116             37            105
                 132             72            116             23            116             84             52            115            119            110             33             33             86            123             65            114             11            116            112             82             65             37             42             51            122             46             87             23
                 133            119             46             87             29            101            109             72             52             51             91            104             60             46             33             37             94             84             29             80             51             68             87             55             82             78             42            102             92
