    #        ngroups         ntours         nspots
                  30             15             47

    #        spot_id         n_name         length              a              b
                   4         Spot_4            150              0           1440
                   5         Spot_5             90              0           1440
                   7         Spot_7             60              0           1440
                  10        Spot_10            120              0           1440
                  11        Spot_11            180              0           1440
                  14        Spot_14            120              0           1440
                  17        Spot_17             90              0           1440
                  24        Spot_24            210              0           1440
                  27        Spot_27             90              0           1440
                  32        Spot_32            150              0           1440
                  35        Spot_35            150              0           1440
                  38        Spot_38            180              0           1440
                  39        Spot_39             90              0           1440
                  44        Spot_44            150              0           1440
                  47        Spot_47            120              0           1440
                  48        Spot_48            150              0           1440
                  53        Spot_53            150              0           1440
                  54        Spot_54            180              0           1440
                  56        Spot_56            180              0           1440
                  57        Spot_57             90              0           1440
                  59        Spot_59            180              0           1440
                  62        Spot_62            150              0           1440
                  65        Spot_65             90              0           1440
                  66        Spot_66            120              0           1440
                  68        Spot_68            210              0           1440
                  69        Spot_69            120              0           1440
                  79        Spot_79             60              0           1440
                  85        Spot_85             90              0           1440
                  86        Spot_86            180              0           1440
                  87        Spot_87             60              0           1440
                  98        Spot_98             90              0           1440
                 101       Spot_101             60              0           1440
                 107       Spot_107            120              0           1440
                 108       Spot_108             90              0           1440
                 109       Spot_109            120              0           1440
                 110       Spot_110            180              0           1440
                 111       Spot_111            180              0           1440
                 124      Hotel_124              0              0           1440
                 125      Hotel_125              0              0           1440
                 126      Hotel_126              0              0           1440
                 127      Hotel_127              0              0           1440
                 128      Hotel_128              0              0           1440
                 129      Hotel_129              0              0           1440
                 130      Hotel_130              0              0           1440
                 131      Hotel_131              0              0           1440
                 132      Hotel_132              0              0           1440
                 133      Hotel_133              0              0           1440

    #          tr_id        tr_name          nspot            seq
                  65        Tour_65              3             59            109             69
                  37        Tour_37              2            108            107
                  18        Tour_18              2             11             47
                  47        Tour_47              1             56
                  98        Tour_98              3              7             53             48
                  58        Tour_58              3             87             27             54
                  66        Tour_66              3             68             87             47
                  31        Tour_31              3             86              4              7
                  75        Tour_75              3             85             32              5
                  43        Tour_43              2             14             35
                  53        Tour_53              4             66             65             10            101
                  29        Tour_29              3             17            111            110
                  76        Tour_76              3             38             98             39
                  16        Tour_16              3             62             24             79
                  49        Tour_49              4             57            101             44             65

    #          gr_id        gr_size          tr_id         origin
                   0              8             65            128
                   1              6             37            127
                   2              8             18            124
                   3              2             47            133
                   4              8             98            128
                   5              2             58            133
                   6              4             66            127
                   7              7             31            130
                   8              5             75            132
                   9              3             43            124
                  10              9             53            125
                  11              4             29            131
                  12              6             76            131
                  13              1             16            132
                  14              5             49            132
                  15              1             76            126
                  16              3             29            129
                  17              7             37            130
                  18              3             16            128
                  19              4             43            132
                  20              2             49            127
                  21              9             16            130
                  22              4             47            125
                  23              3             65            129
                  24              5             53            125
                  25              4             75            124
                  26              7             37            129
                  27              2             43            126
                  28              9             53            131
                  29              7             66            125

    #            o/d              4              5              7             10             11             14             17             24             27             32             35             38             39             44             47             48             53             54             56             57             59             62             65             66             68             69             79             85             86             87             98            101            107            108            109            110            111            124            125            126            127            128            129            130            131            132            133
                   5            132
                   7             46             87
                  10            126             81             96
                  11             71            124             65            159
                  14             21            114             29            106             74
                  17            132             23             88            102            112            116
                  24             46            108             41             82            100             29            116
                  27            129             11             84             71            126            109             33            102
                  32             94             65             55            119             61             82             51             94             68
                  35             51            129             62             92            116             42            138             23            122            116
                  38             92             68             60             37            122             72             84             52             60             87             68
                  39             62             73             23             73             86             42             80             37             68             61             60             37
                  44             23            132             51            112             92             23            137             31            127            105             29             82             60
                  47             60             92             33            122             37             52             84             72             92             37             92             86             51             74
                  48             46            102             29            124             37             41             97             65            102             51             82             88             51             62             15
                  53             88            114             78             55            141             72            129             43            105            122             42             46             62             68            109            105
                  54             33            114             33            127             42             33            109             60            112             65             74             91             55             51             29             15            102
                  56            114             33             71             52            123             94             51             82             23             72            102             37             52            109             87             94             82            102
                  57             29            124             46            102             94             21            129             21            119            100             23             72             51             11             72             61             60             52            100
                  59            104             37             61             55            114             84             52             73             29             65             94             33             42            100             78             84             78             92             11             91
                  62             97             37             52             68            100             78             46             72             33             51             94             41             37             96             65             72             84             81             23             88             15
                  65            122             41             82             41            136            102             62             87             31             86            105             37             61            116            100            106             80            114             15            106             23             37
                  66            106             29             62             65            109             87             42             80             23             58            101             42             46            105             74             82             87             92             15             96             11             11             29
                  68             42            102             31             84             91             23            108             11             96             84             33             51             29             33             62             55             51             51             78             23             68             65             84             73
                  69             60             74             15             94             65             43             73             52             72             42             74             58             23             65             29             33             84             41             62             60             52             41             74             51             42
                  79            126             21             82             61            129            106             42             96             11             73            116             51             65            123             94            102             96            112             15            114             23             31             21             21             91             71
                  85             55             78             11             88             72             37             80             42             74             52             65             51             15             58             37             37             74             42             61             51             51             42             72             52             33             11             72
                  86             61            122             58            152             11             65            112             91            124             62            106            116             80             82             33             29            132             33            119             84            109             97            132            106             82             60            126             65
                  87            127             15             82             92            112            110             11            108             23             52            130             74             72            130             82             94            119            106             41            122             42             37             52             33            101             68             33             73            112
                  98             65             81             31            115             46             55             74             71             82             29             92             80             46             78             11             23            106             37             78             74             68             55             91             65             61             23             84             33             42             72
                 101             65            130             71             84            129             55            141             31            122            124             15             65             65             43            102             94             31             87            101             37             94             96            102            102             41             82            115             72            119            132            102
                 107            105            106             88             37            152             88            124             60             97            126             62             41             68             87            119            116             21            115             74             78             72             81             68             82             65             91             87             82            144            114            114             51
                 108             80             61             37            102             65             65             55             74             62             21             97             68             41             88             31             42            102             55             60             82             51             37             73             46             65             23             65             33             62             52             21            104            106
                 109            109             94             86             23            151             91            112             65             84            119             71             33             65             94            116            115             33            116             62             84             61             72             55             71             68             88             74             80            144            102            110             62             15            100
                 110             37            130             55            102            104             31            137             23            124            109             15             74             58             15             82             71             55             62            105             11             96             94            109            102             29             68            119             60             94            129             84             29             74             91             82
                 111             41             96             21             87             82             21            101             21             91             74             42             52             23             37             52             46             60             43             74             29             65             60             82             68             11             33             87             23             73             94             51             51             72             55             73             37
                 124             61             80             29             68             94             41             88             29             73             71             51             33             11             55             60             58             52             60             55             46             46             43             62             51             23             33             68             23             86             80             55             55             60             51             58             51             21
                 125            102             42             58            100             82             86             33             91             46             23            114             72             55            108             52             65            112             78             51            102             46             33             65             37             82             43             51             51             81             31             42            119            112             23            104            110             73             65
                 126            102             55             65             37            124             81             72             65             46             82             82             15             42             94             88             91             60             97             23             84             21             33             23             31             62             60             37             55            119             62             80             80             52             65             41             87             61             41             65
                 127             72             65             33             65             94             52             73             43             60             62             65             29             11             68             58             60             61             65             42             60             33             29             51             37             37             29             55             23             88             65             51             68             65             42             60             65             33             15             52             33
                 128             60            137             72             94            126             52            146             33            129            126             11             73             68             37            102             92             41             84            108             33            101            102            110            108             42             84            122             74            116            138            102             11             61            106             72             23             52             60            123             88             73
                 129             92             60             55             43            116             71             74             55             51             78             73             11             33             84             80             82             55             87             29             74             23             31             33             33             52             51             43             46            110             65             72             72             51             60             42             78             51             31             62             11             23             80
                 130             78             94             52            137             31             72             81             92             97             31            112            102             68             94             21             33            129             46             96             92             88             73            110             82             82             46            100             55             33             82             23            122            136             37            132            102             72             78             52            101             73            122             94
                 131            124             31             81             51            132            104             52             91             21             80            110             43             62            119             97            104             88            112             11            109             21             33             11             23             87             72             11             71            129             42             87            108             78             68             65            114             84             65             58             29             52            116             37            105
                 132            119             15             74             72            116            100             31             94             11             60            115             55             60            119             82             92            100            102             21            110             23             23             33             15             88             62             15             65            114             21             72            116             94             52             82            116             82             65             37             42             51            122             46             87             23
                 133             37            104             23            119             46             31            100             55            102             58             72             82             46             52             23             11             96             11             92             51             82             71            104             81             46             31            102             33             37             97             29             84            108             46            108             61             37             51             68             87             55             82             78             42            102             92
