    #        ngroups         ntours         nspots
                  30             15             43

    #        spot_id         n_name         length              a              b
                   0         Spot_0            210              0           1440
                   2         Spot_2            210              0           1440
                   5         Spot_5             90              0           1440
                   6         Spot_6             60              0           1440
                  31        Spot_31             90              0           1440
                  34        Spot_34            120              0           1440
                  38        Spot_38            180              0           1440
                  39        Spot_39             90              0           1440
                  46        Spot_46             60              0           1440
                  47        Spot_47            120              0           1440
                  49        Spot_49             60              0           1440
                  53        Spot_53            150              0           1440
                  56        Spot_56            180              0           1440
                  59        Spot_59            180              0           1440
                  68        Spot_68            210              0           1440
                  69        Spot_69            120              0           1440
                  73        Spot_73            180              0           1440
                  76        Spot_76             90              0           1440
                  79        Spot_79             60              0           1440
                  87        Spot_87             60              0           1440
                  88        Spot_88            210              0           1440
                  89        Spot_89            120              0           1440
                  96        Spot_96            180              0           1440
                  98        Spot_98             90              0           1440
                 105       Spot_105             90              0           1440
                 106       Spot_106            180              0           1440
                 107       Spot_107            120              0           1440
                 108       Spot_108             90              0           1440
                 109       Spot_109            120              0           1440
                 113       Spot_113            210              0           1440
                 114       Spot_114             60              0           1440
                 120       Spot_120            180              0           1440
                 121       Spot_121             90              0           1440
                 124      Hotel_124              0              0           1440
                 125      Hotel_125              0              0           1440
                 126      Hotel_126              0              0           1440
                 127      Hotel_127              0              0           1440
                 128      Hotel_128              0              0           1440
                 129      Hotel_129              0              0           1440
                 130      Hotel_130              0              0           1440
                 131      Hotel_131              0              0           1440
                 132      Hotel_132              0              0           1440
                 133      Hotel_133              0              0           1440

    #          tr_id        tr_name          nspot            seq
                  65        Tour_65              3             59            109             69
                  96        Tour_96              2            107             79
                  66        Tour_66              3             68             87             47
                  74        Tour_74              3            105              2            109
                   1         Tour_1              2            121             56
                  22        Tour_22              1             88
                  23        Tour_23              3             76             89            120
                  73        Tour_73              2             46            113
                  17        Tour_17              3             34            108             49
                  45        Tour_45              2              6             88
                  68        Tour_68              2            106             53
                  36        Tour_36              2             31             53
                   4         Tour_4              3             73              0              5
                  76        Tour_76              3             38             98             39
                   3         Tour_3              2             96            114

    #          gr_id        gr_size          tr_id         origin
                   0              2             65            126
                   1              8             96            132
                   2              7             66            125
                   3              3             74            127
                   4              9              1            126
                   5              1             22            128
                   6              7             23            125
                   7              3             73            130
                   8              9             17            126
                   9              3             45            130
                  10              8             68            128
                  11              2             36            124
                  12              7              4            129
                  13              4             76            124
                  14              6              3            133
                  15              6             74            131
                  16              4              3            132
                  17              7             65            133
                  18              2              4            129
                  19              7             66            132
                  20              4             22            125
                  21              1             22            126
                  22              2             73            127
                  23              1             65            127
                  24              2             22            132
                  25              4             22            127
                  26              5              4            133
                  27              4             22            124
                  28              4             23            131
                  29              9             66            129

    #            o/d              0              2              5              6             31             34             38             39             46             47             49             53             56             59             68             69             73             76             79             87             88             89             96             98            105            106            107            108            109            113            114            120            121            124            125            126            127            128            129            130            131            132            133
                   2             23
                   5             60             65
                   6             82             60            102
                  31             46             65             92            122
                  34             60             42             61             42            105
                  38             37             15             68             46             80             31
                  39             15             23             73             80             43             65             37
                  46             11             21             51             78             55             51             33             23
                  47             51             72             92            130             11            110             86             51             60
                  49             74             91            122            144             31            132            105             68             84             33
                  53             71             52            114             41            100             65             46             62             72            109            116
                  56             41             37             33             71             84             33             37             52             31             87            114             82
                  59             31             29             37             72             74             37             33             42             21             78            104             78             11
                  68             43             42            102             82             52             81             51             29             51             62             65             51             78             68
                  69             23             43             74            102             23             82             58             23             33             29             52             84             62             52             42
                  73             11             33             55             91             42             65             46             23             15             46             72             81             42             33             51             21
                  76             55             43            108             65             74             74             46             42             60             84             88             29             80             72             23             61             65
                  79             52             51             21             82             92             41             51             65             42             94            122             96             15             23             91             71             51             94
                  87             58             68             15            112             84             72             74             72             51             82            114            119             41             42            101             68             51            110             33
                  88             51             60             11            102             82             62             65             65             43             81            112            109             31             33             94             65             46            102             23             11
                  89             80            101            114            159             37            138            115             80             88             29             33            136            114            105             87             58             73            109            119            102            104
                  96             65             60            122             84             71             94             65             51             72             81             78             46             96             88             23             65             73             21            110            122            115            104
                  98             43             65             81            124             15            102             80             46             51             11             42            106             78             68             61             23             37             82             84             72             71             37             82
                 105             94             91            152            112             87            126             97             80            102             97             81             72            127            119             51             88            101             52            141            151            144            112             33            100
                 106             52             62            109            110             33            104             74             41             62             42             37             80             92             82             29             37             55             51            104            105            100             62             42             46             55
                 107             74             52            106             21            110             51             41             68             72            119            129             21             74             72             65             91             84             46             87            114            104            146             65            114             92             94
                 108             33             55             61            114             33             86             68             41             37             31             62            102             60             51             65             23             23             82             65             52             51             55             87             21            110             58            106
                 109             68             46             94             15            108             37             33             65             65            116            130             33             62             61             68             88             78             52             74            102             92            144             72            110            102             96             15            100
                 113             37             52             31            104             62             68             61             51             33             61             92            104             37             33             80             46             29             91             37             23             21             84            102             51            129             82            102             31             92
                 114             62             41            100             33             96             51             33             55             61            105            115             15             68             65             51             78             72             33             82            106             97            132             52            100             81             80             15             94             21             92
                 120             55             72             37            124             68             87             81             68             52             65             97            124             55             52             96             58             46            109             51             23             29             81            119             55            144             94            122             37            112             21            112
                 121             23             46             62            105             31             80             60             31             29             33             61             92             55             46             55             15             15             72             62             55             52             60             78             23            102             51             97             11             91             33             84             43
                 124             23             21             80             72             51             62             33             11             29             60             73             52             55             46             23             33             33             33             68             80             72             88             43             55             73             42             60             51             58             60             46             78             41
                 125             42             61             42            116             55             82             72             55             41             52             84            112             51             46             82             43             33             97             51             31             33             72            105             42            130             80            112             23            104             15            102             15             29             65
                 126             37             21             55             52             82             23             15             42             29             88            109             60             23             21             62             60             43             60             37             62             52            116             78             80            109             82             52             65             41             52             46             72             58             41             65
                 127             11             15             65             73             51             55             29             11             15             58             78             61             42             33             37             29             21             46             55             65             58             86             58             51             88             51             65             42             60             46             52             65             33             15             52             33
                 128             82             72            137             81             92            100             73             68             88            102             97             41            108            101             42             84             91             29            122            138            130            124             21            102             33             62             61            106             72            119             52            136             97             60            123             88             73
                 129             29             11             60             55             73             33             11             33             23             80            100             55             29             23             52             51             37             51             43             65             55            108             68             72            100             72             51             60             42             51             42             71             51             31             62             11             23             80
                 130             65             88             94            146             31            122            102             68             72             21             43            129             96             88             82             46             58            104            100             82             84             21            102             23            116             62            136             37            132             65            123             61             43             78             52            101             73            122             94
                 131             51             46             31             72             94             31             43             62             41             97            124             88             11             21             87             72             52             88             11             42             33            123            105             87            136            102             78             68             65             43             73             60             65             65             58             29             52            116             37            105
                 132             46             51             15             92             81             52             55             60             37             82            112            100             21             23             88             62             42             94             15             21             11            106            108             72            138             97             94             52             82             23             87             37             51             65             37             42             51            122             46             87             23
                 133             52             68            104            122             15            109             82             46             62             23             23             96             92             82             46             31             51             68            102             97             94             42             62             29             74             21            108             46            108             74             94             82             42             51             68             87             55             82             78             42            102             92
