    #        ngroups         ntours         nspots
                  40             20             42

    #        spot_id         n_name         length              a              b
                   4         Spot_4            150              0           1440
                   7         Spot_7             60              0           1440
                   9         Spot_9            150              0           1440
                  27        Spot_27             90              0           1440
                  31        Spot_31             90              0           1440
                  32        Spot_32            150              0           1440
                  34        Spot_34            120              0           1440
                  42        Spot_42             60              0           1440
                  46        Spot_46             60              0           1440
                  48        Spot_48            150              0           1440
                  51        Spot_51             60              0           1440
                  52        Spot_52             90              0           1440
                  53        Spot_53            150              0           1440
                  55        Spot_55             60              0           1440
                  56        Spot_56            180              0           1440
                  66        Spot_66            120              0           1440
                  71        Spot_71            180              0           1440
                  79        Spot_79             60              0           1440
                  81        Spot_81             60              0           1440
                  86        Spot_86            180              0           1440
                  88        Spot_88            210              0           1440
                  91        Spot_91            210              0           1440
                  96        Spot_96            180              0           1440
                 100       Spot_100             90              0           1440
                 112       Spot_112            210              0           1440
                 113       Spot_113            210              0           1440
                 114       Spot_114             60              0           1440
                 115       Spot_115            210              0           1440
                 118       Spot_118            210              0           1440
                 121       Spot_121             90              0           1440
                 122       Spot_122             60              0           1440
                 123       Spot_123            210              0           1440
                 124      Hotel_124              0              0           1440
                 125      Hotel_125              0              0           1440
                 126      Hotel_126              0              0           1440
                 127      Hotel_127              0              0           1440
                 128      Hotel_128              0              0           1440
                 129      Hotel_129              0              0           1440
                 130      Hotel_130              0              0           1440
                 131      Hotel_131              0              0           1440
                 132      Hotel_132              0              0           1440
                 133      Hotel_133              0              0           1440

    #          tr_id        tr_name          nspot            seq
                  31        Tour_31              3             86              4              7
                  48        Tour_48              3            122             86             42
                  57        Tour_57              2             46            115
                  73        Tour_73              2             46            113
                  15        Tour_15              2             53             32
                   7         Tour_7              3            100            112              9
                  42        Tour_42              2            118             51
                  36        Tour_36              2             31             53
                  83        Tour_83              2             52             88
                  81        Tour_81              2            118             71
                  98        Tour_98              3              7             53             48
                  26        Tour_26              2            113             91
                  72        Tour_72              3             66             27            123
                   3         Tour_3              2             96            114
                  61        Tour_61              2             34             48
                  79        Tour_79              2             79             91
                  28        Tour_28              2             91             81
                   1         Tour_1              2            121             56
                   8         Tour_8              2              9             79
                  30        Tour_30              2            121             55

    #          gr_id        gr_size          tr_id         origin
                   0              6             31            126
                   1              7             48            127
                   2              3             57            130
                   3              7             73            124
                   4              6             15            131
                   5              1              7            130
                   6              3             42            131
                   7              4             36            133
                   8              6             83            127
                   9              8             81            126
                  10              4             98            128
                  11              4             26            125
                  12              9             72            126
                  13              8              3            128
                  14              9             61            133
                  15              9             79            125
                  16              6             28            131
                  17              1              1            128
                  18              9              8            133
                  19              5             30            126
                  20              5             98            124
                  21              4             28            129
                  22              8             61            132
                  23              3              8            130
                  24              7             73            132
                  25              3              7            132
                  26              1             15            129
                  27              2             57            132
                  28              7             61            125
                  29              3             31            133
                  30              7             83            124
                  31              3             61            131
                  32              7             83            130
                  33              7             30            124
                  34              5             48            127
                  35              9             81            129
                  36              9             81            128
                  37              8             28            127
                  38              9              8            125
                  39              1             15            129

    #            o/d              4              7              9             27             31             32             34             42             46             48             51             52             53             55             56             66             71             79             81             86             88             91             96            100            112            113            114            115            118            121            122            123            124            125            126            127            128            129            130            131            132            133
                   7             46
                   9             33             33
                  27            129             84            105
                  31             51             23             51             92
                  32             94             55             87             68             43
                  34            122             87             92             51            105            102
                  42            114             68             94             23             72             46             65
                  46             84             41             60             46             55             55             51             37
                  48             46             29             52            102             11             51            114             82             65
                  51            104             73             72             65             94            100             23             71             46            102
                  52             58             21             52             81             11             37             96             62             46             21             86
                  53             88             78             58            105            100            122             65            106             72            105             43             97
                  55            122             84             92             41            100             94             11             55             46            109             29             91             72
                  56            114             71             87             23             84             72             33             33             31             94             42             74             82             23
                  66            106             62             82             23             72             58             46             21             23             82             51             62             87             37             15
                  71             55             42             23             94             65             92             72             88             51             68             51             62             37             74             73             72
                  79            126             82            100             11             92             73             41             29             42            102             55             82             96             31             15             21             88
                  81             80             74             51            110             97            122             73            109             74            100             51             94             11             80             88             91             33            102
                  86             61             58             78            124             37             62            141            102             91             29            130             46            132            136            119            106             96            126            127
                  88            123             78            102             15             82             55             62             11             43             92             72             72            109             52             31             23             94             23            114            112
                  91             51             51             23            108             72            104             84            102             65             74             62             71             37             87             88             86             15            102             29            100            108
                  96             43             52             21            116             71            106             94            108             72             72             72             72             46             97             96             94             23            110             37             97            115             11
                 100             96             51             80             42             52             29             73             21             31             62             74             42            102             65             43             29             78             46            104             82             31             91             96
                 112             46             65             33            130             82            119            106            122             86             81             84             84             52            109            110            108             37            124             42            104            129             23             15            110
                 113            105             60             86             33             62             37             68             11             33             72             72             52            104             60             37             23             82             37            106             92             21             96            102             11            116
                 114             91             73             60             91             96            114             51             94             61            102             29             91             15             58             68             74             37             82             23            130             97             42             52             92             61             92
                 115            124             91             92             61            110            110             11             74             58            119             21            102             60             21             42             55             71             51             68            146             72             82             92             82            104             78             46
                 118             51             51             68            122             33             65            136            102             87             23            124             42            124            132            116            104             88            124            119             11            112             91             87             81             94             92            122            141
                 121             73             29             60             61             31             31             80             42             29             41             73             21             92             73             55             42             62             62             92             65             52             74             78             23             91             33             84             86             62
                 122             23             31             37            114             29             72            116             97             71             23            100             37             94            114            102             92             58            112             88             42            106             60             55             78             62             87             94            119             33             55
                 123             87             65             55             82             88            104             46             84             51             94             23             82             23             51             60             65             33             73             29            122             87             41             51             81             62             82             11             42            115             74             88
                 124             61             29             33             73             51             71             62             65             29             58             46             46             52             61             55             51             23             68             51             86             72             37             43             55             58             60             46             65             80             41             55             37
                 125            102             58             88             46             55             23             82             23             41             65             84             46            112             73             51             37             87             51            114             81             33            100            105             11            119             15            102             91             82             29             82             92             65
                 126            102             65             72             46             82             82             23             51             29             91             21             73             60             21             23             31             55             37             65            119             52             68             78             55             91             52             46             29            114             58             94             37             41             65
                 127             72             33             46             60             51             62             55             51             15             60             43             43             61             52             42             37             37             55             62             88             58             51             58             42             72             46             52             60             82             33             62             42             15             52             33
                 128             60             72             41            129             92            126            100            124             88             92             78             92             41            105            108            108             37            122             31            116            130             23             21            114             15            119             52             97            106             97             74             55             60            123             88             73
                 129             92             55             62             51             73             78             33             52             23             82             23             65             55             31             29             33             46             43             60            110             55             60             68             52             82             51             42             37            105             51             84             33             31             62             11             23             80
                 130             78             52             81             97             31             31            122             74             72             33            116             33            129            116             96             82             94            100            126             33             84            102            102             55            112             65            123            129             37             43             55            114             78             52            101             73            122             94
                 131            124             81             97             21             94             80             31             37             41            104             46             84             88             21             11             23             82             11             94            129             33             96            105             51            119             43             73             41            126             65            112             65             65             58             29             52            116             37            105
                 132            119             74             96             11             81             60             52             15             37             92             62             71            100             42             21             15             86             15            105            114             11            101            108             33            122             23             87             62            112             51            104             78             65             37             42             51            122             46             87             23
                 133             37             23             42            102             15             58            109             84             62             11             96             23             96            106             92             81             60            102             91             37             94             65             62             65             71             74             94            114             29             42             15             86             51             68             87             55             82             78             42            102             92
