    #        ngroups         ntours         nspots
                  50             25             62

    #        spot_id         n_name         length              a              b
                   1         Spot_1            150              0           1440
                   2         Spot_2            210              0           1440
                   8         Spot_8            120              0           1440
                  10        Spot_10            120              0           1440
                  13        Spot_13            120              0           1440
                  15        Spot_15            210              0           1440
                  16        Spot_16            180              0           1440
                  17        Spot_17             90              0           1440
                  19        Spot_19            150              0           1440
                  20        Spot_20            180              0           1440
                  21        Spot_21            180              0           1440
                  28        Spot_28            180              0           1440
                  30        Spot_30             60              0           1440
                  35        Spot_35            150              0           1440
                  43        Spot_43            210              0           1440
                  45        Spot_45            120              0           1440
                  46        Spot_46             60              0           1440
                  47        Spot_47            120              0           1440
                  49        Spot_49             60              0           1440
                  50        Spot_50            210              0           1440
                  51        Spot_51             60              0           1440
                  52        Spot_52             90              0           1440
                  53        Spot_53            150              0           1440
                  55        Spot_55             60              0           1440
                  58        Spot_58            180              0           1440
                  63        Spot_63            120              0           1440
                  64        Spot_64            180              0           1440
                  65        Spot_65             90              0           1440
                  66        Spot_66            120              0           1440
                  67        Spot_67             60              0           1440
                  69        Spot_69            120              0           1440
                  72        Spot_72             60              0           1440
                  75        Spot_75            120              0           1440
                  80        Spot_80            210              0           1440
                  82        Spot_82            150              0           1440
                  83        Spot_83             60              0           1440
                  84        Spot_84            210              0           1440
                  90        Spot_90            180              0           1440
                  91        Spot_91            210              0           1440
                  93        Spot_93            150              0           1440
                  94        Spot_94            210              0           1440
                  97        Spot_97             60              0           1440
                 100       Spot_100             90              0           1440
                 101       Spot_101             60              0           1440
                 105       Spot_105             90              0           1440
                 109       Spot_109            120              0           1440
                 110       Spot_110            180              0           1440
                 111       Spot_111            180              0           1440
                 113       Spot_113            210              0           1440
                 114       Spot_114             60              0           1440
                 115       Spot_115            210              0           1440
                 117       Spot_117             60              0           1440
                 124      Hotel_124              0              0           1440
                 125      Hotel_125              0              0           1440
                 126      Hotel_126              0              0           1440
                 127      Hotel_127              0              0           1440
                 128      Hotel_128              0              0           1440
                 129      Hotel_129              0              0           1440
                 130      Hotel_130              0              0           1440
                 131      Hotel_131              0              0           1440
                 132      Hotel_132              0              0           1440
                 133      Hotel_133              0              0           1440

    #          tr_id        tr_name          nspot            seq
                  32        Tour_32              2             45             67
                  25        Tour_25              2             58             21
                  56        Tour_56              2            117             13
                  54        Tour_54              3             69            100             82
                  86        Tour_86              1             91
                  73        Tour_73              2             46            113
                  34        Tour_34              2            101             10
                  53        Tour_53              4             66             65             10            101
                  13        Tour_13              3             97             21            117
                  94        Tour_94              3             63             90             75
                   2         Tour_2              3             84             30              8
                  84        Tour_84              3             49             69             47
                  71        Tour_71              3             94             83             20
                  12        Tour_12              2             50             53
                  95        Tour_95              2             28             15
                  90        Tour_90              3             43             72             30
                  11        Tour_11              3             52             66             55
                  74        Tour_74              3            105              2            109
                  64        Tour_64              2             64             16
                  97        Tour_97              3             45             19              1
                  29        Tour_29              3             17            111            110
                  33        Tour_33              3             50             51            100
                  85        Tour_85              3             94             35            114
                  57        Tour_57              2             46            115
                  67        Tour_67              2             93             80

    #          gr_id        gr_size          tr_id         origin
                   0              5             32            133
                   1              7             25            124
                   2              2             56            126
                   3              8             54            131
                   4              2             86            127
                   5              4             73            132
                   6              2             34            130
                   7              1             53            131
                   8              3             13            125
                   9              5             94            128
                  10              2              2            129
                  11              8             84            129
                  12              8             71            129
                  13              8             12            128
                  14              6             95            124
                  15              3             90            129
                  16              1             11            127
                  17              5             74            124
                  18              6             64            132
                  19              8             97            132
                  20              1             29            131
                  21              4             33            131
                  22              3             85            127
                  23              2             57            125
                  24              5             67            133
                  25              9             74            126
                  26              3             32            124
                  27              3             97            130
                  28              4             57            132
                  29              9             32            125
                  30              8             32            130
                  31              1             33            127
                  32              5             67            131
                  33              6             74            126
                  34              6             57            128
                  35              8             53            131
                  36              7             25            125
                  37              6             97            126
                  38              2             57            125
                  39              5             67            133
                  40              9             94            130
                  41              3             84            129
                  42              3             90            125
                  43              2             13            133
                  44              3             13            129
                  45              5             67            126
                  46              8             54            128
                  47              2             11            126
                  48              2             12            128
                  49              7             32            124

    #            o/d              1              2              8             10             13             15             16             17             19             20             21             28             30             35             43             45             46             47             49             50             51             52             53             55             58             63             64             65             66             67             69             72             75             80             82             83             84             90             91             93             94             97            100            101            105            109            110            111            113            114            115            117            124            125            126            127            128            129            130            131            132            133
                   2             51
                   8             11             43
                  10             15             51             11
                  13            101             51             94            102
                  15            102             65             92             94             68
                  16            109             71            106            116             43            110
                  17            112             78            102            102             82             15            124
                  19            114             65            105            110             37             41             80             52
                  20            114             84            112            122             65            130             23            144            102
                  21            123             82            119            129             46            114             15            127             80             31
                  28            144             94            137            144             46             82             72             92             42             94             65
                  30             33             51             37             46             91            114             88            126            114             87            102            136
                  35             81             65             82             92             72            124             46            138            106             37             60            112             52
                  43             96             52             91            100             23             88             23            102             60             43             31             62             80             51
                  45            137             86            129            137             37             81             62             92             41             84             55             11            127            102             52
                  46             68             21             60             65             42             46             74             60             46             91             82             80             71             80             52             73
                  47            122             72            115            122             23             72             55             84             33             78             51             23            114             92             41             15             60
                  49            138             91            132            141             42            104             42            116             65             61             31             37            122             87             43             29             84             33
                  50             37             21             33             42             65             84             74             97             84             81             87            110             31             55             60            102             41             88            102
                  51             23             29             15             23             80             81             94             92             91            102            106            122             37             74             78            115             46            101            119             21
                  52            108             58            101            108             11             65             51             78             29             73             51             37            100             82             33             29             46             15             41             73             86
                  53             42             52             46             55             87            116             80            129            112             78             94            132             11             42             73            123             72            109            116             33             43             97
                  55             42             41             33             31             87             65            112             72             86            124            122            124             65            100             92            119             46            105            129             46             29             91             72
                  58            112             74            102            104             73             11            116             11             42            137            119             81            124            132             94             82             55             74            106             94             92             68            126             74
                  63            132             87            127            136             41            106             33            119             68             51             21             46            115             78             37             37             82             37             11             96            114             42            108            126            109
                  64             55             29             52             62             55             91             55            105             81             61             68            100             37             37             43             91             46             78             86             21             41             65             33             65            100             80
                  65             52             42             42             41             84             55            112             62             80            126            122            119             73            105             92            114             42            100            126             51             37             87             80             11             65            124             68
                  66             72             37             62             65             61             31             97             42             51            114            104             91             84            101             74             87             23             74            102             55             51             62             87             37             41            102             65             29
                  67             15             55             23             29            102            112            105            122            119            106            119            146             21             72             94            138             74            124            137             37             31            110             31             55            122            130             51             65             81
                  69             94             43             86             94             11             60             51             73             33             72             55             51             87             74             29             43             33             29             52             60             72             15             84             78             65             51             52             74             51             96
                  72            116             82            114            124             58            124             15            138             94             11             21             84             91             43             37             74             87             68             51             82            102             65             82            122            130             41             62            124            109            109             65
                  75            127             78            119            124             42             52             82             61             15            105             80             31            126            114             65             33             60             29             60             97            105             33            124            101             51             65             92             94             65            132             41             96
                  80            130             82            124            132             33             94             41            106             55             62             33             33            116             84             37             23             74             23             11             94            110             31            110            119             97             15             80            116             92            129             42             52             51
                  82             61             51             62             72             72            114             58            127            102             55             72            116             33             21             55            106             68             94             96             37             55             82             23             82            123             88             23             88             88             52             71             60            112             91
                  83            114             72            109            119             37            105             11            119             72             33             11             62             94             55             21             52             72             46             33             78             97             43             86            112            110             23             60            112             94            110             46             23             73             31             65
                  84             91             51             87             97             33             94             21            108             68             37             33             72             72             41             11             62             55             51             51             55             74             42             65             92            101             43             37             92             78             88             37             33             74             46             46             23
                  90             84             42             74             78             52             23             91             37             37            110             97             78             92            102             68             74             23             62             92             62             62             51             94             51             33             92             68             43             15             92             42            105             51             81             91             87             73
                  91             72             51             71             81             61            110             43            124             94             42             58            104             46             15             42             94             65             82             82             42             62             71             37             87            119             73             23             91             86             65             62             46            102             78             15             51             33             88
                  93            108             60            102            110             11             78             37             91             43             60             37             42             96             71             21             33             52             21             33             72             88             15             91             97             82             31             60             94             71            108             21             51             46             23             74             29             31             62             62
                  94             55             15             46             51             55             52             82             65             60             97             92             94             62             80             61             88             15             73             97             33             33             60             65             33             62             94             43             31             23             62             46             94             73             87             65             81             62             31             65             65
                  97             52             37             51             61             65            100             60            114             92             62             73            109             29             33             51            100             55             87             94             23             42             74             23             68            109             86             11             73             73             46             62             65            102             88             15             65             43             78             21             68             51
                 100             97             51             87             91             46             23             88             37             23            108             91             65            102            105             65             62             31             51             82             71             74             42            102             65             29             84             74             58             29            104             37            102             37             72             97             82             72             15             91             55             42             84
                 101             72             65             74             84             81            127             60            141            114             51             73            124             41             15             62            114             82            102            100             51             68             92             31             96            136             91             37            102            102             61             82             58            122             97             15             68             52            105             21             82             80             29            109
                 105            112             91            112            122             82            144             42            158            119             21             51            114             82             31             60            104            102             97             81             84            104             91             72            129            151             71             65            132            124            102             88             31            123             82             51             52             51            122             42             78            105             62            122             42
                 109             11             46             15             23             94            102            100            112            109            104            114            138             23             71             88            130             65            116            130             29             21            102             33             46            112            124             46             55             71             11             88            106            123            122             51            105             82             82             62            101             52             42             94             62            102
                 110             92             68             92            102             65            122             33            137            100             23             46            102             65             15             42             92             80             82             74             62             82             74             55            106            130             65             42            109            102             84             68             29            106             72             33             42             33            101             21             62             82             41            102             29             23             82
                 111             82             41             78             87             31             86             31            101             65             46             42             74             65             42             15             65             46             52             58             46             65             41             60             81             94             51             29             82             68             80             33             42             72             51             42             33             11             65             31             33             52             37             65             51             58             73             37
                 113             94             52             84             87             55             15             96             29             33            116            100             74            102            110             73             72             33             61             92             72             72             52            104             60             23             94             78             51             23            102             46            110             46             82            100             91             80             11             96             65             41             87             11            114            129             92            108             72
                 114             31             41             33             42             82            104             82            116            104             84             96            127             11             51             72            119             61            105            115             21             29             91             15             58            114            108             29             65             74             23             78             87            116            108             31             88             65             82             42             88             52             23             92             42             81             21             62             58             92
                 115             23             46             15             11             96             84            114             92            102            122            126            137             51             94             97            130             58            116            136             41             21            102             60             21             94            132             61             31             55             37             88            122            116            127             74            116             94             68             82            105             43             62             82             87            124             29            102             84             78             46
                 117             15             65             23             21            115            114            123            122            127            126            136            159             41             92            110            151             82            137            152             51             37            122             51             51            124            146             68             61             84             21            108            129            141            144             72            127            105             97             84            122             68             65            109             81            122             23            104             96            106             42             31
                 124             65             21             60             68             37             73             51             88             61             65             62             82             55             51             33             73             29             60             73             29             46             46             52             61             82             68             21             62             51             65             33             62             72             65             42             52             31             51             37             43             33             31             55             55             73             58             51             21             60             46             65             80
                 125            106             61             97            100             51             21             94             33             21            115             96             62            112            114             72             61             41             52             84             81             84             46            112             73             23             87             84             65             37            114             43            108             33             74            106             88             80             23            100             60             52             94             11            119            130            104            110             73             15            102             91            119             65
                 126             42             21             33             37             68             61             92             72             73            104            102            108             55             82             72            102             29             88            109             29             21             73             60             21             71            106             46             23             31             51             60            102             88            100             65             92             71             42             68             78             15             51             55             80            109             41             87             61             52             46             29             55             41             65
                 127             65             15             58             65             37             60             62             73             52             78             71             80             62             65             41             72             15             58             78             33             43             43             61             52             68             74             33             51             37             68             29             74             65             68             55             61             42             37             51             46             21             42             42             68             88             60             65             33             46             52             60             80             15             52             33
                 128             82             72             84             94             82            132             55            146            116             43             68            122             51             11             61            112             88            102             97             60             78             92             41            105            141             87             43            110            108             71             84             51            124             94             23             65             51            110             23             81             86             37            114             11             33             72             23             52            119             52             97             92             60            123             88             73
                 129             46             11             37             43             60             62             81             74             68             94             92            101             52             73             62             94             23             80            100             23             23             65             55             31             72             97             37             33             33             52             51             92             82             91             58             82             61             41             60             68             11             43             52             72            100             42             78             51             51             42             37             60             31             62             11             23             80
                 130            138             88            130            137             42             72             74             81             33             97             68             11            132            112             61             15             72             21             43            105            116             33            129            116             71             51             97            110             82            141             46             87             21             37            114             65             71             68            102             41             86            106             55            122            116            132            102             72             65            123            129            152             78             52            101             73            122             94
                 131             62             46             52             51             82             46            114             52             73            129            122            114             82            110             92            109             41             97            124             58             46             84             88             21             55            122             73             11             23             74             72            126             88            114             94            112             94             37             96             92             33             80             51            108            136             65            114             84             43             73             41             71             65             58             29             52            116             37            105
                 132             81             51             71             72             72             23            109             31             55            127            116             97             97            115             87             94             37             82            112             68             62             71            100             42             33            112             80             33             15             92             62            123             68            102            102            106             91             21            101             82             37             88             33            116            138             82            116             82             23             87             62             92             65             37             42             51            122             46             87             23
                 133            116             68            110            119             21             87             33            100             51             55             29             41            102             72             23             31             62             23             23             80             96             23             96            106             91             21             65            104             81            115             31             46             51             15             78             23             33             72             65             11             74             73             65             84             74            108             61             37             74             94            114            130             51             68             87             55             82             78             42            102             92
