    #        ngroups         ntours         nspots
                   5              3             11

    #        spot_id         n_name         length              a              b
                  10        Spot_10            120              0           1440
                  27        Spot_27             90              0           1440
                  35        Spot_35            150              0           1440
                  66        Spot_66            120              0           1440
                  86        Spot_86            180              0           1440
                 101       Spot_101             60              0           1440
                 123       Spot_123            210              0           1440
                 126      Hotel_126              0              0           1440
                 127      Hotel_127              0              0           1440
                 128      Hotel_128              0              0           1440
                 133      Hotel_133              0              0           1440

    #          tr_id        tr_name          nspot            seq
                  72        Tour_72              3             66             27            123
                  20        Tour_20              2             35             86
                  34        Tour_34              2            101             10

    #          gr_id        gr_size          tr_id         origin
                   0              9             72            133
                   1              2             20            133
                   2              8             34            127
                   3              5             20            128
                   4              2             72            126

    #            o/d             10             27             35             66             86            101            123            126            127            128            133
                  27             71
                  35             92            122
                  66             65             23            101
                  86            152            124            106            106
                 101             84            122             15            102            119
                 123             41             82             52             65            122             46
                 126             37             46             82             31            119             80             37
                 127             65             60             65             37             88             68             42             33
                 128             94            129             11            108            116             11             55             88             73
                 133            119            102             72             81             37             84             86             87             55             82
