    #        ngroups         ntours         nspots
                   5              3             13

    #        spot_id         n_name         length              a              b
                  47        Spot_47            120              0           1440
                  59        Spot_59            180              0           1440
                  68        Spot_68            210              0           1440
                  69        Spot_69            120              0           1440
                  79        Spot_79             60              0           1440
                  87        Spot_87             60              0           1440
                 107       Spot_107            120              0           1440
                 109       Spot_109            120              0           1440
                 126      Hotel_126              0              0           1440
                 127      Hotel_127              0              0           1440
                 131      Hotel_131              0              0           1440
                 132      Hotel_132              0              0           1440
                 133      Hotel_133              0              0           1440

    #          tr_id        tr_name          nspot            seq
                  65        Tour_65              3             59            109             69
                  96        Tour_96              2            107             79
                  66        Tour_66              3             68             87             47

    #          gr_id        gr_size          tr_id         origin
                   0              9             65            132
                   1              8             96            131
                   2              5             66            127
                   3              3             96            133
                   4              9             96            126

    #            o/d             47             59             68             69             79             87            107            109            126            127            131            132            133
                  59             78
                  68             62             68
                  69             29             52             42
                  79             94             23             91             71
                  87             82             42            101             68             33
                 107            119             72             65             91             87            114
                 109            116             61             68             88             74            102             15
                 126             88             21             62             60             37             62             52             41
                 127             58             33             37             29             55             65             65             60             33
                 131             97             21             87             72             11             42             78             65             29             52
                 132             82             23             88             62             15             21             94             82             42             51             23
                 133             23             82             46             31            102             97            108            108             87             55            102             92
