    #        ngroups         ntours         nspots
                   5              3             12

    #        spot_id         n_name         length              a              b
                  15        Spot_15            210              0           1440
                  34        Spot_34            120              0           1440
                  43        Spot_43            210              0           1440
                  51        Spot_51             60              0           1440
                  67        Spot_67             60              0           1440
                  72        Spot_72             60              0           1440
                 119       Spot_119            120              0           1440
                 126      Hotel_126              0              0           1440
                 129      Hotel_129              0              0           1440
                 130      Hotel_130              0              0           1440
                 132      Hotel_132              0              0           1440
                 133      Hotel_133              0              0           1440

    #          tr_id        tr_name          nspot            seq
                  27        Tour_27              3             43             51             67
                  62        Tour_62              2             15            119
                  59        Tour_59              3            119             34             72

    #          gr_id        gr_size          tr_id         origin
                   0              2             27            126
                   1              7             62            132
                   2              7             59            129
                   3              1             59            133
                   4              4             27            130

    #            o/d             15             34             43             51             67             72            119            126            129            130            132            133
                  34             74
                  43             88             94
                  51             81             23             78
                  67            112             46             94             31
                  72            124            122             37            102            109
                 119             97             55             58             33             37             74
                 126             61             23             72             21             51            102             43
                 129             62             33             62             23             52             92             37             11
                 130             72            122             61            116            141             87            109            101             94
                 132             23             52             87             62             92            123             82             42             46             87
                 133             87            109             23             96            115             46             80             87             78             42             92
