    #        ngroups         ntours         nspots
                  80             40             81

    #        spot_id         n_name         length              a              b
                   2         Spot_2            210              0           1440
                   3         Spot_3            210              0           1440
                   4         Spot_4            150              0           1440
                   5         Spot_5             90              0           1440
                   6         Spot_6             60              0           1440
                   7         Spot_7             60              0           1440
                   8         Spot_8            120              0           1440
                   9         Spot_9            150              0           1440
                  11        Spot_11            180              0           1440
                  13        Spot_13            120              0           1440
                  22        Spot_22            150              0           1440
                  25        Spot_25            180              0           1440
                  27        Spot_27             90              0           1440
                  30        Spot_30             60              0           1440
                  31        Spot_31             90              0           1440
                  32        Spot_32            150              0           1440
                  34        Spot_34            120              0           1440
                  35        Spot_35            150              0           1440
                  37        Spot_37             60              0           1440
                  38        Spot_38            180              0           1440
                  39        Spot_39             90              0           1440
                  40        Spot_40             60              0           1440
                  41        Spot_41             60              0           1440
                  42        Spot_42             60              0           1440
                  43        Spot_43            210              0           1440
                  46        Spot_46             60              0           1440
                  47        Spot_47            120              0           1440
                  48        Spot_48            150              0           1440
                  49        Spot_49             60              0           1440
                  51        Spot_51             60              0           1440
                  52        Spot_52             90              0           1440
                  53        Spot_53            150              0           1440
                  55        Spot_55             60              0           1440
                  56        Spot_56            180              0           1440
                  57        Spot_57             90              0           1440
                  66        Spot_66            120              0           1440
                  67        Spot_67             60              0           1440
                  69        Spot_69            120              0           1440
                  71        Spot_71            180              0           1440
                  72        Spot_72             60              0           1440
                  76        Spot_76             90              0           1440
                  79        Spot_79             60              0           1440
                  81        Spot_81             60              0           1440
                  82        Spot_82            150              0           1440
                  86        Spot_86            180              0           1440
                  87        Spot_87             60              0           1440
                  88        Spot_88            210              0           1440
                  89        Spot_89            120              0           1440
                  91        Spot_91            210              0           1440
                  94        Spot_94            210              0           1440
                  96        Spot_96            180              0           1440
                  98        Spot_98             90              0           1440
                 100       Spot_100             90              0           1440
                 101       Spot_101             60              0           1440
                 102       Spot_102            150              0           1440
                 104       Spot_104            210              0           1440
                 105       Spot_105             90              0           1440
                 108       Spot_108             90              0           1440
                 109       Spot_109            120              0           1440
                 112       Spot_112            210              0           1440
                 113       Spot_113            210              0           1440
                 114       Spot_114             60              0           1440
                 115       Spot_115            210              0           1440
                 116       Spot_116            150              0           1440
                 117       Spot_117             60              0           1440
                 118       Spot_118            210              0           1440
                 119       Spot_119            120              0           1440
                 120       Spot_120            180              0           1440
                 121       Spot_121             90              0           1440
                 122       Spot_122             60              0           1440
                 123       Spot_123            210              0           1440
                 124      Hotel_124              0              0           1440
                 125      Hotel_125              0              0           1440
                 126      Hotel_126              0              0           1440
                 127      Hotel_127              0              0           1440
                 128      Hotel_128              0              0           1440
                 129      Hotel_129              0              0           1440
                 130      Hotel_130              0              0           1440
                 131      Hotel_131              0              0           1440
                 132      Hotel_132              0              0           1440
                 133      Hotel_133              0              0           1440

    #          tr_id        tr_name          nspot            seq
                  31        Tour_31              3             86              4              7
                  48        Tour_48              3            122             86             42
                  57        Tour_57              2             46            115
                  73        Tour_73              2             46            113
                  15        Tour_15              2             53             32
                   7         Tour_7              3            100            112              9
                  42        Tour_42              2            118             51
                  36        Tour_36              2             31             53
                  83        Tour_83              2             52             88
                  81        Tour_81              2            118             71
                  98        Tour_98              3              7             53             48
                  26        Tour_26              2            113             91
                  72        Tour_72              3             66             27            123
                   3         Tour_3              2             96            114
                  61        Tour_61              2             34             48
                  79        Tour_79              2             79             91
                  28        Tour_28              2             91             81
                   1         Tour_1              2            121             56
                   8         Tour_8              2              9             79
                  30        Tour_30              2            121             55
                  59        Tour_59              3            119             34             72
                  23        Tour_23              3             76             89            120
                  44        Tour_44              3             25             42             37
                  89        Tour_89              2             41              3
                  99        Tour_99              3             67             13             57
                  54        Tour_54              3             69            100             82
                  84        Tour_84              3             49             69             47
                  80        Tour_80              2            101              5
                  85        Tour_85              3             94             35            114
                  17        Tour_17              3             34            108             49
                  76        Tour_76              3             38             98             39
                  74        Tour_74              3            105              2            109
                  90        Tour_90              3             43             72             30
                  50        Tour_50              3            116             40             87
                  11        Tour_11              3             52             66             55
                  56        Tour_56              2            117             13
                  78        Tour_78              2            102              8
                  18        Tour_18              2             11             47
                  45        Tour_45              2              6             88
                  91        Tour_91              2            104             22

    #          gr_id        gr_size          tr_id         origin
                   0              3             31            129
                   1              8             48            129
                   2              1             57            130
                   3              7             73            124
                   4              3             15            133
                   5              5              7            130
                   6              2             42            131
                   7              8             36            133
                   8              7             83            127
                   9              9             81            126
                  10              7             98            126
                  11              8             26            125
                  12              3             72            133
                  13              6              3            132
                  14              2             61            125
                  15              8             79            132
                  16              8             28            130
                  17              5              1            132
                  18              5              8            131
                  19              4             30            129
                  20              5             59            125
                  21              2             23            129
                  22              1             44            132
                  23              9             89            128
                  24              3             99            132
                  25              7             54            132
                  26              9             84            129
                  27              8             80            127
                  28              3             85            125
                  29              7             17            133
                  30              4             76            124
                  31              1             74            131
                  32              9             90            126
                  33              3             50            124
                  34              9             11            127
                  35              8             56            129
                  36              4             78            131
                  37              1             18            126
                  38              4             45            130
                  39              3             91            129
                  40              3             28            125
                  41              2             78            129
                  42              3             17            128
                  43              3             23            127
                  44              7             78            130
                  45              9             99            128
                  46              8             44            131
                  47              1             30            131
                  48              4             23            126
                  49              3             85            132
                  50              4              3            127
                  51              3             89            124
                  52              5             81            128
                  53              9             50            132
                  54              9              7            131
                  55              4             18            133
                  56              1             91            128
                  57              9             42            128
                  58              6             79            131
                  59              5             59            130
                  60              7              1            126
                  61              2              8            124
                  62              2              8            124
                  63              8             84            133
                  64              3              1            124
                  65              1             56            127
                  66              1             76            124
                  67              9             30            125
                  68              1              1            128
                  69              2             80            130
                  70              1             91            133
                  71              5              8            133
                  72              2              3            125
                  73              8             26            125
                  74              2             17            126
                  75              5              3            128
                  76              3             89            127
                  77              1             15            130
                  78              5             72            126
                  79              9             83            127

    #            o/d              2              3              4              5              6              7              8              9             11             13             22             25             27             30             31             32             34             35             37             38             39             40             41             42             43             46             47             48             49             51             52             53             55             56             57             66             67             69             71             72             76             79             81             82             86             87             88             89             91             94             96             98            100            101            102            104            105            108            109            112            113            114            115            116            117            118            119            120            121            122            123            124            125            126            127            128            129            130            131            132            133
                   3             55
                   4             81             37
                   5             65             97            132
                   6             60            108            123            102
                   7             46             11             46             87            101
                   8             43             96            116             82             21             88
                   9             52             31             33            110             91             33             84
                  11            108             60             71            124            165             65            151             87
                  13             51             15             51             84            108             11             94             42             58
                  22             42             15             42             91             94             11             82             23             73             21
                  25             88             37             52            112            144             43            130             65             23             37             51
                  27             58             94            129             11             92             84             72            105            126             82             87            112
                  30             51             88             96            109             31             82             37             65            146             91             73            124            100
                  31             65             21             51             92            122             23            108             51             43             15             33             23             92            105
                  32             74             60             94             65            132             55            114             87             61             46             65             55             68            124             43
                  34             42             97            122             61             42             87             23             92            146             91             84            127             51             58            105            102
                  35             65             61             51            129             82             62             82             31            116             72             52             94            122             52             81            116             97
                  37             60             37             72             71            119             33            102             65             55             23             42             41             72            106             23             23             94             94
                  38             15             68             92             68             46             60             29             61            122             65             55            102             60             42             80             87             31             68             73
                  39             23             33             62             73             80             23             65             37             86             29             21             65             68             65             43             61             65             60             42             37
                  40             23             78            102             65             42             68             23             71            130             73             65            110             55             46             88             91             21             78             80             11             46
                  41             46             74            109             23             92             65             72             88            106             62             68             92             21             94             71             51             55            108             52             52             51             51
                  42             55             78            114             21            102             68             82             94            104             65             73             92             23            104             72             46             65            116             51             62             58             61             11
                  43             52             11             33            100            102             15             91             21             68             23             11             46             97             80             31             68             94             51             46             65             31             74             78             82
                  46             21             51             84             51             78             41             60             60             96             42             42             78             46             71             55             55             51             80             43             33             23             37             29             37             52
                  47             72             31             60             92            130             33            115             61             37             23             42             21             92            114             11             37            110             92             21             86             51             94             72             71             41             60
                  48             73             23             46            102            129             29            116             52             37             23             37             15            102            110             11             51            114             82             33             88             51             96             81             82             33             65             15
                  49             91             37             41            122            144             46            132             60             31             42             51             15            122            122             31             68            132             87             52            105             68            114            102            102             43             84             33             21
                  51             29             82            104             74             33             73             15             72            137             80             68            116             65             37             94            100             23             74             88             15             51             11             61             71             78             46            101            102            119
                  52             58             23             58             82            116             21            101             52             51             11             31             33             81            100             11             37             96             82             15             72             37             80             61             62             33             46             15             21             41             86
                  53             52             82             88            114             41             78             46             58            141             87             68            119            105             11            100            122             65             42            104             46             62             51             97            106             73             72            109            105            116             43             97
                  55             41             94            122             51             52             84             33             92            141             87             82            123             41             65            100             94             11            100             88             33             62             23             46             55             92             46            105            109            129             29             91             72
                  56             37             81            114             33             71             71             51             87            123             72             72            106             23             78             84             72             33            102             68             37             52             33             23             33             82             31             87             94            114             42             74             82             23
                  57             65             42             29            124             97             46             92             15             94             55             37             72            119             68             62            100            102             23             78             72             51             82            102            108             33             73             72             61             65             81             65             60            104            100
                  66             37             72            106             29             82             62             62             82            109             61             65             94             23             84             72             58             46            101             55             42             46             41             11             21             74             23             74             82            102             51             62             87             37             15             96
                  67             55            101            114            104             11             94             23             82            159            102             86            137             94             21            116            129             46             72            114             42             73             41             92            102             94             74            124            122            137             31            110             31             55             72             87             81
                  69             43             23             60             74            102             15             86             46             65             11             23             46             72             87             23             42             82             74             21             58             23             65             52             55             29             33             29             33             52             72             15             84             78             62             60             51             96
                  71             37             46             55            101             68             42             62             23            105             52             33             82             94             43             65             92             72             29             71             42             33             52             80             88             37             51             74             68             80             51             62             37             74             73             31             72             60             51
                  72             82             43             11            136            119             51            114             31             81             58             46             62            132             91             60            102            122             43             80             92             65            102            114            119             37             87             68             55             51            102             65             82            122            116             23            109            109             65             52
                  76             43             55             60            108             65             52             61             29            114             62             42             91            101             37             74            102             74             23             81             46             42             55             88             96             46             60             84             78             88             52             72             29             78             80             33             80             55             61             11             55
                  79             51             92            126             21             82             82             62            100            129             81             84            114             11             91             92             73             41            116             74             51             65             46             23             29             94             42             94            102            122             55             82             96             31             15            114             21             84             71             88            129             94
                  81             55             78             80            119             51             74             55             51            136             84             65            114            110             21             97            122             73             33            102             51             61             58            100            109             68             74            106            100            110             51             94             11             80             88             51             91             41             82             33             73             23            102
                  82             51             65             65            116             62             62             62             37            123             72             52            100            108             33             84            112             78             21             92             51             52             60             96            105             55             68             94             87             96             55             82             23             82             86             37             88             52             71             21             60             11            101             15
                  86            102             51             61            122            158             58            144             78             11             51             65             15            124            138             37             62            141            106             52            116             80            124            104            102             60             91             33             29             21            130             46            132            136            119             84            106            151             60             96             71            105            126            127            114
                  87             68             91            127             15            112             82             92            108            112             78             88            102             23            116             84             52             72            130             62             74             72             72             23             15             96             51             82             94            114             82             74            119             62             41            122             33            112             68            102            132            110             33            123            119            112
                  88             60             87            123             11            102             78             81            102            114             74             82            102             15            106             82             55             62            122             61             65             65             62             15             11             91             43             81             92            112             72             72            109             52             31            116             23            102             65             94            127            102             23            114            110            112             11
                  89            101             55             72            114            159             60            144             84             11             51             68             21            116            141             37             51            138            114             46            115             80            122             97             94             65             88             29             33             33            129             43            136            132            114             92            100            152             58            100             82            109            119            132            119             15            102            104
                  91             51             52             51            115             74             51             71             23            109             61             41             87            108             46             72            104             84             15             82             55             46             65             94            102             42             65             82             74             82             62             71             37             87             88             23             86             65             62             15             46             11            102             29             15            100            116            108            106
                  94             15             62             92             51             65             52             46             65            110             55             51             91             43             62             68             68             37             80             58             21             31             23             33             42             61             15             73             78             97             33             60             65             33             23             78             23             62             46             51             94             58             37             68             65            105             55             46            102             65
                  96             60             51             43            122             84             52             81             21            106             62             42             84            116             55             71            106             94             11             84             65             51             74            101            108             41             72             81             72             78             72             72             46             97             96             15             94             74             65             23             37             21            110             37             23             97            122            115            104             11             73
                  98             65             33             65             81            124             31            108             62             46             21             41             31             82            109             15             29            102             92             11             80             46             86             62             61             42             51             11             23             42             94             11            106             96             78             74             65            119             23             72             73             82             84            104             92             42             72             71             37             81             65             82
                 100             51             60             96             41            106             51             87             80             84             46             58             71             42            102             52             29             73            105             31             62             46             65             23             21             65             31             51             62             82             74             42            102             65             43             94             29            104             37             78            102             87             46            104             97             82             33             31             74             91             42             96             41
                 101             65             72             65            130             71             71             74             42            129             81             61            106            122             41             92            124             91             15            102             65             65             73            110            119             62             82            102             94            100             68             92             31             96            101             37            102             61             82             33             58             23            115             21             15            119            132            124            126             21             80             23            102            109
                 102             82             52             82             84            141             51            124             82             41             41             61             37             87            129             33             21            115            112             23             96             65            102             68             65             62             65             23             37             51            110             31            126            108             88             94             73            136             42             92             91            102             91            124            112             42             72             74             31            102             80            102             21             46            122
                 104             82             65             42            144            102             68            102             37            112             78             60             92            138             72             84            123            116             21            100             87             72             97            122            129             55             94             94             82             82             94             87             62            119            119             23            116             92             82             46             33             42            132             52             41            102            144            137            112             33             96             23             97            116             33            116
                 105             91             68             41            152            112             73            112             43            112             82             65             92            146             82             87            127            126             31            105             97             80            106            130            137             60            102             97             84             81            104             91             72            129            127             29            124            102             88             55             31             52            141             62             51            102            151            144            112             42            105             33            100            122             42            119             11
                 108             55             43             80             61            114             37             96             68             65             29             46             51             62            104             33             21             86             97             11             68             41             73             42             41             51             37             31             42             62             82             23            102             80             60             82             46            109             23             72             86             82             65            102             92             62             52             51             55             84             51             87             21             21            104             29            105            110
                 109             46             94            109             94             15             86             15             78            151             94             80            129             84             23            108            119             37             71            105             33             65             31             81             92             88             65            116            115            130             21            102             33             46             62             84             71             11             88             55            106             52             74             42             51            144            102             92            144             62             52             72            110             94             62            127             92            102            100
                 112             73             62             46            137             92             65             92             33            114             74             55             92            130             62             82            119            106             11             97             78             65             87            115            122             52             86             92             81             84             84             84             52            109            110             21            108             82             78             37             37             33            124             42             31            104            137            129            112             23             88             15             94            110             23            114             11             21            100             81
                 113             52             68            105             31            104             60             84             86             94             55             65             81             33            102             62             37             68            110             41             61             51             62             15             11             73             33             61             72             92             72             52            104             60             37            101             23            102             46             82            110             91             37            106            100             92             23             21             84             96             41            102             51             11            114             55            122            129             31             92            116
                 114             41             80             91            100             33             73             33             60            138             82             65            116             91             11             96            114             51             51             97             33             55             37             84             94             72             61            105            102            115             29             91             15             58             68             65             74             23             78             37             87             33             82             23             31            130            106             97            132             42             52             52            100             92             42            119             71             81             94             21             61             92
                 115             46            100            124             71             33             91             15             92            152             96             87            132             61             51            110            110             11             94            101             33             68             23             65             74             97             58            116            119            136             21            102             60             21             42            102             55             37             88             71            122             72             51             68             74            146             82             72            144             82             43             92            108             82             87            122            114            124             94             29            104             78             46
                 116             37             33             68             65             96             23             80             51             73             21             29             55             62             84             33             41             73             78             23             51             21             58             42             46             37             23             37             42             62             65             23             82             68             52             65             41             91             11             52             73             62             61             81             72             68             60             55             65             65             37             68             29             29             84             46             88             94             21             82             82             37             74             80
                 117             65            116            132            102             11            108             23            100            172            115            102            151             92             41            129            136             41             92            124             51             86             46             94            104            110             82            137            137            152             37            122             51             51             72            106             84             21            108             78            129             74             81             61             72            165            112            102            165             84             68             94            130            109             81            146            112            122            119             23            102            106             42             31            102
                 118             96             43             51            122            151             51            138             68             21             46             58             11            122            130             33             65            136             97             51            110             73            119            102            102             51             87             31             23             11            124             42            124            132            116             74            104            144             55             88             61             96            124            119            105             11            112            112             23             91            100             87             41             81            109             46             92             92             61            137             94             92            122            141             65            159
                 119             33             65             78             96             46             60             41             46            124             68             51            102             88             23             82            102             55             42             84             29             42             37             78             87             58             52             91             88            101             33             78             21             60             65             52             68             37             65             23             74             21             80             23             23            116            100             91            119             31             46             41             87             82             37            106             62             72             82             33             52             84             15             52             62             55            108
                 120             72             80            116             37            124             72            104            102             92             65             80             84             43            122             68             31             87            127             46             81             68             82             33             23             86             52             65             78             97             92             60            124             78             55            116             42            122             58            100            122            109             51            126            119             92             23             29             81            114             61            119             55             23            132             51            138            144             37            112            132             21            112             97             51            126             94            104
                 121             46             37             73             62            105             29             88             60             68             23             37             52             61             94             31             31             80             87             15             60             31             65             41             42             43             29             33             41             61             73             21             92             73             55             73             42            100             15             62             80             72             62             92             82             65             55             52             60             74             43             78             23             23             94             37             96            102             11             91             91             33             84             86             11            110             62             72             43
                 122             74             21             23            116            124             31            114             37             52             33             33             31            114            101             29             72            116             65             51             87             52             97             94             97             23             71             37             23             23            100             37             94            114            102             42             92            116             42             58             33             65            112             88             73             42            109            106             51             60             82             55             43             78             78             60             61             62             60            110             62             87             94            119             52            132             33             80             96             55
                 123             31             72             87             91             37             65             31             55            130             73             58            108             82             21             88            104             46             52             87             23             46             29             74             84             65             51             96             94            108             23             82             23             51             60             62             65             29             68             33             84             31             73             29             33            122             97             87            124             41             42             51             91             81             46            109             72             82             84             23             62             82             11             42             65             46            115             11            102             74             88
                 124             21             37             61             80             72             29             60             33             94             37             23             72             73             55             51             71             62             51             52             33             11             42             58             65             33             29             60             58             73             46             46             52             61             55             46             51             65             33             23             62             33             68             51             42             86             80             72             88             37             33             43             55             55             55             74             65             73             51             58             58             60             46             65             31             80             80             33             78             41             55             37
                 125             61             65            102             42            116             58             97             88             82             51             65             72             46            112             55             23             82            114             33             72             55             74             29             23             72             41             52             65             84             84             46            112             73             51            102             37            114             43             87            108             97             51            114            106             81             31             33             72            100             52            105             42             11            119             42            124            130             23            104            119             15            102             91             37            119             82             92             15             29             82             92             65
                 126             21             74            102             55             52             65             33             72            124             68             62            105             46             55             82             82             23             82             72             15             42             11             41             51             72             29             88             91            109             21             73             60             21             23             84             31             51             60             55            102             60             37             65             65            119             62             52            116             68             15             78             80             55             80             94            100            109             65             41             91             52             46             29             51             55            114             43             72             58             94             37             41             65
                 127             15             42             72             65             73             33             58             46             94             37             31             73             60             62             51             62             55             65             46             29             11             37             43             51             41             15             58             60             78             43             43             61             52             42             60             37             68             29             37             74             46             55             62             55             88             65             58             86             51             21             58             51             42             68             68             80             88             42             60             72             46             52             60             23             80             82             41             65             33             62             42             15             52             33
                 128             72             71             60            137             81             72             84             41            126             82             62            104            129             51             92            126            100             11            104             73             68             82            116            124             61             88            102             92             97             78             92             41            105            108             33            108             71             84             37             51             29            122             31             23            116            138            130            124             23             86             21            102            114             11            122             23             33            106             72             15            119             52             97             87             92            106             46            136             97             74             55             60            123             88             73
                 129             11             65             92             60             55             55             37             62            116             60             52             96             51             52             73             78             33             73             65             11             33             15             42             52             62             23             80             82            100             23             65             55             31             29             74             33             52             51             46             92             51             43             60             58            110             65             55            108             60             11             68             72             52             72             88             91            100             60             42             82             51             42             37             43             60            105             37             71             51             84             33             31             62             11             23             80
                 130             88             51             78             94            146             52            130             81             31             42             62             29             97            132             31             31            122            112             29            102             68            108             78             74             61             72             21             33             43            116             33            129            116             96             92             82            141             46             94             87            104            100            126            114             33             82             84             21            102             86            102             23             55            122             11            114            116             37            132            112             65            123            129             51            152             37            109             61             43             55            114             78             52            101             73            122             94
                 131             46             92            124             31             72             81             52             97            132             82             82            116             21             82             94             80             31            110             78             43             62             37             29             37             92             41             97            104            124             46             84             88             21             11            109             23             74             72             82            126             88             11             94             94            129             42             33            123             96             33            105             87             51            108             96            127            136             68             65            119             43             73             41             62             71            126             72             60             65            112             65             65             58             29             52            116             37            105
                 132             51             84            119             15             92             74             71             96            116             72             78            102             11             97             81             60             52            115             62             55             60             52             11             15             87             37             82             92            112             62             71            100             42             21            110             15             92             62             86            123             94             15            105            102            114             21             11            106            101             37            108             72             33            116             78            130            138             52             82            122             23             87             62             52             92            112             82             37             51            104             78             65             37             42             51            122             46             87             23
                 133             68             15             37            104            122             23            110             42             46             21             29             23            102            102             15             58            109             72             37             82             46             91             82             84             23             62             23             11             23             96             23             96            106             92             51             81            115             31             60             46             68            102             91             78             37             97             94             42             65             74             62             29             65             84             46             72             74             46            108             71             74             94            114             41            130             29             80             82             42             15             86             51             68             87             55             82             78             42            102             92
